33,-240,15,56,29,18
-3,-244,26,34,-37,40
19,-224,-52,9,-22,-5
11,-269,-2,-35,17,-16
-29,-251,17,28,34,-61
-10,-245,34,-60,73,-47
-20,-250,37,-36,-27,-20
-7,-224,-3,39,23,-42
6,-235,31,6,-30,-15
15,-184,44,-5,40,20
34,-209,33,30,25,21
-24,-206,24,-29,36,-24
-34,-201,9,-45,-5,5
-30,-154,16,-68,-33,21
-2,-158,42,6,-29,72
-13,-213,25,44,-47,13
-19,-183,18,2,20,38
-1,-179,12,-14,4,12
-9,-181,49,-1,-30,3
27,-154,31,-11,-96,-28
19,-145,64,-11,63,-69
-18,-164,33,56,25,37
4,-167,82,22,-67,8
26,-155,17,-52,7,78
10,-154,50,17,-4,-3
52,-131,49,-19,41,-9
-29,-112,65,83,63,-63
27,-154,68,23,54,43
-40,-129,60,-64,27,38
-1,-130,96,3,88,-30
30,-171,58,6,10,-28
-27,-112,54,72,-4,-13
-23,-125,54,-5,-108,-15
12,-136,67,4,20,-31
-15,-131,74,40,49,26
3,-140,86,-18,4,-5
-1,-127,62,29,-23,29
-9,-101,65,65,-8,33
8,-138,42,-87,80,-66
1,-114,81,-97,39,-10
19,-131,67,-19,33,-8
38,-132,-18,36,18,21
14,-113,39,47,59,-23
-12,-111,84,58,66,-75
23,-88,87,-73,-48,-22
30,-112,74,-25,45,23
18,-91,79,-10,-12,39
-0,-116,76,26,12,56
40,-95,84,31,-12,-76
-11,-121,58,-40,-72,-55
-10,-141,94,-15,11,-8
-20,-93,86,20,-51,53
20,-113,51,34,-0,-45
-6,-107,34,20,-10,4
32,-129,80,35,19,25
13,-125,61,-43,-79,-38
-23,-126,72,-23,-29,10
20,-113,78,68,47,28
19,-123,83,-56,63,19
25,-115,91,47,-30,-67
-0,-72,58,-53,24,41
4,-140,64,51,-33,-47
-14,-157,51,65,-2,-102
-31,-113,70,-8,-63,-21
34,-106,71,37,63,-3
3,-130,63,45,-16,36
6,-113,81,38,7,18
18,-133,33,-69,26,-37
26,-138,49,50,74,29
-11,-122,59,22,19,-20
-14,-110,35,-27,9,5
-29,-144,41,-8,-37,2
-2,-150,21,30,14,-1
-26,-124,52,48,-59,47
-11,-171,66,50,-24,-16
23,-163,39,-18,37,-28
23,-165,10,-21,27,-23
-32,-161,35,-20,3,-84
-10,-158,41,-18,-25,-29
-28,-167,26,23,-4,-19
-7,-150,30,-16,-4,-8
1,-174,51,-8,28,-37
10,-202,54,-12,10,1
27,-182,33,-18,41,-64
-7,-225,64,-43,-14,-24
-8,-171,66,-36,-5,81
28,-218,41,12,32,54
-70,-210,37,8,84,25
0,-254,4,-9,11,-15
-4,-180,33,-42,-17,-28
27,-189,45,-39,54,36
-10,-226,28,47,42,54
-26,-191,7,7,-26,92
32,-227,24,56,39,21
24,-197,-23,-1,18,22
42,-256,33,20,-45,38
-10,-234,-31,55,-25,-37
-13,-247,-5,5,23,-9
67,-226,-6,-59,30,-3
-6,-280,-16,-29,-32,10
-25,-284,-22,-4,17,-23
-8,-256,17,-14,1,15
-12,-281,-12,-56,-29,50
-12,-311,-24,-12,-5,26
-4,-246,-17,-28,24,52
9,-290,-12,61,45,54
14,-311,-16,4,-11,54
-1,-294,-18,-54,-53,29
3,-321,-42,-35,7,-6
21,-300,-23,-14,-23,-37
10,-300,-48,-53,66,-10
-6,-319,-13,-22,-22,65
-1,-307,-33,11,-69,47
-10,-344,-26,20,17,35
-29,-323,-60,-26,2,-37
1,-291,-46,21,-56,-73
24,-346,-10,30,-51,-51
4,-317,7,27,93,-54
35,-336,-59,15,-34,30
2,-344,-41,8,-17,11
8,-330,-66,-8,-23,51
-26,-333,-55,-22,-46,23
28,-344,-46,-48,17,-52
8,-315,-54,52,-88,-10
2,-357,-62,32,42,-20
-17,-396,-40,-6,20,117
13,-386,-63,19,1,-41
-28,-389,-51,68,-95,66
-4,-382,-114,-65,-19,-70
32,-371,-83,32,2,-32
3,-396,-84,80,-47,49
-13,-328,-63,32,20,3
2,-370,-68,38,-34,8
13,-357,-54,-53,69,-14
-29,-396,-48,-5,12,13
-22,-351,-59,-24,45,62
-3,-422,-97,-34,-55,-39
-13,-395,-33,-5,13,-49
-0,-389,-115,-17,18,-133
-19,-354,-58,2,104,-26
-8,-437,-64,17,45,68
5,-404,-50,-27,20,-7
-29,-387,-79,33,-24,0
3,-416,-109,22,13,-12
6,-404,-113,-37,46,-31
1,-382,-100,36,42,53
-27,-421,-114,22,-34,-28
-9,-412,-81,24,81,6
-15,-384,-85,41,12,-86
-15,-398,-75,-68,31,-31
-14,-397,-67,-34,-72,-12
-8,-418,-65,57,69,54
-1,-388,-70,116,53,33
28,-408,-84,36,34,56
-36,-420,-53,32,-9,-13
-30,-419,-63,-37,33,19
-6,-408,-57,-17,36,-5
29,-391,-54,56,4,55
-49,-393,-60,48,41,-7
-0,-368,-95,25,-48,-29
7,-414,-4,14,-29,-27
0,-400,-56,-3,92,-27
-44,-357,-50,-27,-67,54
-3,-439,-89,28,46,29
9,-408,-78,-59,-43,21
-3,-400,-56,2,-45,13
12,-431,-41,7,63,10
6,-421,-83,38,13,-3
-12,-384,-33,1,11,-13
28,-374,-73,34,27,12
-30,-398,-63,39,-5,78
-17,-368,-87,41,-2,34
10,-382,-29,-12,-74,-20
-11,-385,-50,-26,-31,-50
-1,-367,-76,-0,-7,83
7,-351,-77,8,-74,6
-27,-355,-37,37,14,13
-4,-330,-59,-3,19,60
-1,-351,-26,-49,-11,73
-26,-329,-78,-1,81,42
-0,-358,-58,40,24,47
10,-338,-48,-41,-42,85
-2,-325,-40,47,-19,41
13,-314,-1,-28,-37,4
-12,-326,-32,57,-14,7
23,-313,-21,27,71,76
14,-312,-21,15,-39,13
-6,-324,-45,13,14,-39
5,-340,-2,73,27,28
-28,-300,-61,43,-68,84
15,-279,-27,-13,17,-39
-39,-271,-44,-28,44,17
19,-300,-46,28,59,51
-3,-289,-44,35,29,26
14,-279,-20,37,21,2
4,-300,-7,4,31,-26
-2,-287,34,67,36,-0
-20,-279,15,-19,73,71
-31,-256,8,18,-13,75
22,-285,7,46,5,1
19,-271,-28,-85,21,8
9,-234,-40,24,-5,45
10,-222,13,8,11,-10
17,-230,9,22,-66,8
2,-279,14,60,-12,-3
26,-236,27,-22,-2,-12
-16,-222,15,13,-68,-17
13,-229,12,-1,60,-7
34,-213,26,49,26,-12
8,-219,28,-15,-31,-28
-6,-208,30,85,41,-8
9,-195,48,-29,-3,-60
-26,-200,58,-24,-23,9
8,-217,47,7,54,73
1,-187,9,0,-31,-67
-22,-189,51,58,31,-18
12,-199,33,13,-27,-53
-3,-198,63,21,16,16
14,-169,12,22,13,-12
9,-161,58,17,-47,-13
1,-171,80,-43,2,-22
6,-186,48,33,-116,16
-4,-182,21,30,-85,53
-34,-198,45,-47,-59,-13
-7,-147,82,30,-21,-31
-3,-141,43,-36,58,0
-6,-120,56,47,-7,-3
6,-202,80,-52,-10,-51
24,-158,66,4,53,10
-21,-136,51,-23,12,85
-27,-121,36,31,-14,-9
2,-133,62,-30,44,-12
-2,-165,100,-3,-16,-69
31,-140,55,-41,22,-50
39,-140,27,43,51,47
-10,-138,86,8,-2,-14
-23,-94,26,-34,-7,-31
7,-143,60,25,9,-14
12,-122,44,6,36,20
5,-146,28,-98,10,-30
-47,-135,62,97,34,-72
-33,-114,58,20,-7,66
-10,-102,52,5,-33,70
-20,-98,101,-2,44,11
-14,-120,108,-80,-26,2
19,-124,106,18,-18,-0
17,-123,108,-16,-40,11
0,-100,56,-8,-39,-35
21,-104,67,-22,-28,33
-4,-133,95,55,20,13
-29,-122,76,-4,11,26
-9,-76,83,24,-2,-30
-12,-126,106,-23,23,46
6,-122,87,24,-19,-50
-8,-73,98,-14,-2,55
-4,-142,122,-116,-28,2
-29,-92,54,-10,-79,32
-6,-108,64,-13,-35,35
-32,-123,57,-9,13,2
-12,-96,82,-17,-21,68
-10,-120,64,21,-19,7
43,-137,63,50,-37,-77
-7,-143,70,7,18,-10
26,-91,47,-44,3,20
-16,-93,68,-4,8,-3
-4,-97,58,-11,-9,-35
13,-149,48,50,43,47
-8,-167,75,-9,-27,2
22,-141,45,-26,-35,16
16,-141,96,23,54,-57
16,-124,70,-64,-56,30
-8,-168,39,-8,-13,34
30,-168,65,-42,8,-37
40,-158,79,-96,44,66
43,-167,21,-6,102,-41
19,-153,36,-3,-75,8
32,-141,48,35,-25,140
24,-170,25,-12,10,-27
-10,-162,49,17,-31,-10
3,-180,-9,7,32,-17
-14,-173,75,67,-61,5
26,-184,34,-26,-14,68
5,-172,21,-45,-86,48
-5,-155,55,-47,-6,-10
7,-171,76,47,103,-52
-19,-172,-1,19,-6,23
2,-204,15,28,20,-1
34,-182,21,-7,21,-23
38,-215,5,19,-29,15
-4,-211,17,-66,-26,-65
-11,-210,21,0,46,-65
26,-190,59,30,67,33
-18,-236,-1,-23,-3,11
-5,-260,16,-32,89,22
10,-238,22,-52,56,25
-43,-221,-31,102,-61,-40
-3,-241,19,-13,-93,-35
4,-237,11,21,12,-40
-22,-248,7,26,40,61
7,-269,1,-6,-92,12
-48,-248,34,131,-16,-47
11,-221,-17,-12,21,-71
11,-260,-8,44,0,-58
24,-264,27,11,54,-12
-13,-262,-22,42,19,46
-9,-261,-15,24,17,15
4,-289,8,-4,25,45
-15,-304,-9,10,35,-26
17,-248,-22,-17,-26,34
20,-300,-11,-129,-40,50
34,-343,-6,18,6,8
5,-282,-0,83,59,-68
5,-317,-23,-33,6,-9
36,-314,-44,28,-59,51
15,-330,-41,40,-34,48
24,-324,-73,-41,-42,-98
-20,-361,-49,35,83,-52
20,-336,-10,84,-102,-33
-9,-380,-58,-10,-37,26
-24,-372,-64,-10,-57,-39
-24,-349,-19,-68,26,-33
17,-311,-45,32,66,-74
5,-309,-50,-3,-111,-38
-1,-353,-38,93,21,31
21,-368,-58,-3,-19,17
12,-372,-35,4,-22,-29
18,-345,-58,-14,11,23
6,-350,-48,67,23,-32
5,-361,-55,-34,19,67
-23,-428,-71,-3,68,-30
-11,-373,-18,-19,-68,17
6,-382,-24,12,7,3
34,-386,-67,34,13,63
9,-400,-66,-25,7,-3
14,-438,-54,-31,-17,-35
12,-383,-64,-5,28,12
34,-396,-83,-3,18,18
7,-408,-67,-15,4,15
6,-391,-53,-14,-17,16
45,-367,-70,39,-27,61
11,-365,-59,-38,10,-16
10,-403,-101,-32,36,45
-31,-405,-93,8,-27,48
-4,-376,-78,-0,27,-51
44,-385,-78,-13,55,-62
-18,-402,-106,34,9,1
24,-401,-77,36,14,30
-8,-416,-81,14,20,-32
-20,-399,-67,9,5,31
-1,-384,-93,78,23,44
9,-424,-83,-10,7,51
23,-413,-87,18,-43,-40
39,-406,-60,-20,-6,-6
-9,-397,-72,-76,0,-4
50,-413,-74,12,-54,14
32,-413,-73,58,-24,-9
3,-401,-91,37,-60,36
15,-440,-66,-65,-2,-115
30,-387,-70,36,-19,-76
-19,-387,-45,66,92,8
-10,-397,-56,-34,-15,40
-22,-361,-101,18,45,-49
-16,-380,-45,-20,-33,34
-2,-391,-72,23,27,-13
24,-358,-82,72,7,11
10,-348,-33,36,-46,-50
-9,-406,-93,-9,42,8
-13,-388,-86,-76,51,-32
36,-349,-65,-8,-31,-92
23,-369,-27,-6,12,1
0,-364,-108,-59,-54,41
-11,-368,-68,-52,-9,-31
11,-363,-67,-26,37,-27
57,-404,-54,-18,-34,20
15,-347,-25,17,-21,88
1,-345,-61,-18,-1,-23
14,-356,-44,-26,30,10
-17,-367,-47,-3,24,-60
-10,-357,-16,-16,33,-36
-19,-391,-16,30,29,-22
-16,-353,-15,17,-72,-0
4,-334,-59,-28,-14,-17
16,-334,-49,58,-55,-20
8,-314,-49,40,37,3
17,-354,-24,22,49,-55
17,-300,-59,16,51,-42
-6,-334,-38,-40,-14,-47
6,-279,-12,-72,34,57
-15,-334,-48,-40,-38,45
21,-299,-20,-47,-6,15
40,-296,-32,-39,1,9
9,-278,6,22,53,28
32,-270,-18,-4,-9,-33
-1,-316,-33,40,-1,36
11,-284,-26,-18,32,-3
23,-289,-20,-2,-17,35
-10,-265,-26,19,19,-14
-0,-243,-14,-25,-16,19
10,-313,-25,-40,23,-38
3,-262,-1,-19,-9,42
-18,-256,-41,-11,-91,39
12,-269,1,-19,5,-5
21,-266,23,50,-73,-3
1,-248,-22,17,25,17
-16,-251,8,21,16,-4
20,-238,29,18,-45,-34
9,-246,-12,41,-11,-36
-11,-218,13,15,-68,-67
-24,-215,2,15,-45,-28
-33,-224,11,71,4,116
-23,-185,-8,23,53,61
-26,-204,22,-5,-23,22
3,-175,26,-80,26,47
-23,-203,12,13,20,-69
-8,-142,92,-52,3,-49
10,-196,22,53,-50,94
8,-194,26,34,41,7
-13,-173,17,27,52,-6
32,-156,66,-60,36,-74
10,-212,57,-45,-11,66
16,-146,37,1,-18,44
-26,-163,71,8,0,19
-33,-159,60,49,48,-15
-6,-148,69,43,-43,-22
-17,-120,77,15,42,-3
16,-156,62,50,-42,-30
2,-118,28,-55,-18,4
-27,-141,61,-27,74,28
-13,-161,43,-81,47,-2
-29,-135,78,-3,-27,-5
19,-129,69,-20,-17,-49
1,-125,51,51,34,-45
64,-117,74,39,-18,2
49,-130,42,10,74,-112
-2,-131,52,-22,-55,-32
15,-102,38,-19,10,-51
-17,-140,79,15,-32,-21
-14,-115,66,38,-51,25
-25,-114,52,-4,3,-35
24,-138,71,-20,4,11
40,-106,77,-89,-9,9
15,-123,49,56,18,4
-7,-103,56,27,-53,-66
50,-82,42,34,-46,-41
-5,-83,89,-8,-44,36
14,-119,69,-8,76,-6
-37,-113,98,-2,-81,-86
-30,-141,104,-49,3,66
10,-102,53,39,-19,11
40,-123,88,-22,59,-43
-29,-100,39,-34,-56,-23
14,-107,62,-35,-1,24
11,-112,62,-4,-7,24
5,-113,69,35,17,-9
-20,-112,49,-40,-36,48
4,-107,95,52,25,27
-2,-101,74,17,23,-13
-19,-80,67,-12,20,-29
-5,-61,74,8,21,24
1,-108,32,10,-21,-79
-48,-143,73,32,16,-14
-31,-86,87,18,-84,-38
19,-158,59,36,-35,-17
-11,-125,119,-83,134,36
7,-148,96,9,43,1
-25,-128,97,-21,-31,-17
3,-140,40,20,19,83
13,-120,75,4,9,14
20,-86,72,-0,-24,22
9,-138,96,56,-49,-28
-27,-138,65,79,-70,56
-21,-114,57,-28,-26,88
5,-162,66,-1,-59,35
-19,-183,91,79,-68,-11
-32,-153,62,-17,-37,-69
34,-127,78,18,-27,3
-1,-150,59,-95,-71,118
7,-166,45,-13,-39,-19
-9,-155,46,23,44,4
1,-147,90,61,-80,-5
13,-154,32,-1,80,86
29,-177,27,39,-42,31
31,-191,66,-8,-16,-57
26,-136,32,-13,-52,8
-2,-155,41,33,-30,45
-7,-200,49,-45,-1,-8
-4,-167,68,-14,10,-8
53,-193,34,-49,-11,-9
41,-195,19,-68,4,15
44,-239,31,38,-34,-35
-3,-229,-11,-0,-6,20
-8,-219,54,-6,-22,13
-6,-226,16,-21,107,-98
-6,-227,30,-26,-22,0
24,-226,42,37,38,82
27,-221,2,-29,-21,6
-7,-215,-1,-76,-4,44
18,-217,15,-9,42,-90
-16,-232,20,9,-8,-104
3,-240,7,-20,33,49
-29,-250,-13,72,-71,19
11,-249,-49,3,-44,-98
5,-284,-20,2,59,41
-29,-267,-15,7,-15,-19
-25,-262,-11,-6,25,-46
36,-217,-45,37,10,-11
1,-280,-44,-4,-21,-23
0,-270,-22,-12,16,-22
6,-282,-8,-32,74,22
-5,-298,29,-28,-18,-38
30,-313,-27,-7,58,2
18,-334,-8,13,-30,30
20,-338,-34,-3,87,71
-5,-308,-41,38,-11,2
-12,-294,-23,-61,-54,19
-17,-325,-51,-21,6,51
-3,-332,-15,-47,21,-4
9,-296,-44,-28,31,-28
-1,-361,-58,26,-0,-62
-21,-332,-30,-23,-28,-8
-17,-371,-36,45,-9,0
-21,-331,-65,-16,-14,-19
6,-380,-23,19,-12,6
3,-337,-39,-0,22,-36
9,-342,-51,-46,30,32
-28,-369,-79,17,4,-44
-17,-349,-78,56,15,-61
-4,-377,-37,-34,39,13
3,-382,-63,4,-84,-28
14,-358,-67,23,39,-21
5,-357,-41,-63,46,-31
-6,-379,-20,42,31,-15
6,-397,-97,44,20,26
-25,-408,-91,-36,-38,17
23,-407,-50,77,40,-6
-4,-399,-110,-88,87,-57
9,-392,-68,-40,-101,-47
13,-397,-83,69,-42,11
25,-437,-60,17,44,-39
49,-387,-50,-46,36,-27
3,-408,-57,-44,-53,15
13,-367,-70,29,41,18
-2,-397,-84,10,76,-3
18,-358,-38,-1,-23,8
9,-369,-54,-3,-16,58
-12,-389,-60,8,14,33
27,-395,-50,-6,-132,5
-0,-378,-72,-40,46,-6
7,-418,-63,19,-13,-30
-12,-391,-72,-33,14,-19
-2,-403,-59,22,21,54
0,-402,-57,68,-3,10
-1,-435,-95,-24,-59,-29
11,-435,-76,-56,-7,39
13,-404,-107,-2,-16,14
28,-413,-114,23,61,57
-28,-404,-93,-35,-39,-22
-42,-410,-42,8,22,50
7,-364,-64,-62,56,1
-11,-397,-63,-15,17,-94
7,-396,-102,8,90,-6
-16,-387,-83,61,-52,35
-25,-408,-46,-20,53,14
25,-383,-81,-14,-70,-2
29,-400,-100,79,20,-14
-6,-379,-81,13,18,40
-12,-385,-29,-23,-39,32
-15,-385,-95,-17,11,20
12,-390,-82,-9,-46,60
-0,-380,-62,18,6,-58
16,-408,-26,31,27,67
-7,-364,-48,-73,-41,-12
-4,-397,-16,20,9,32
22,-353,-90,-14,21,-78
25,-386,-53,-20,10,-40
5,-374,-61,10,-45,-3
-8,-345,-37,43,-43,-1
22,-387,-41,11,5,1
3,-350,-28,-39,44,9
-18,-325,-40,35,-6,30
-2,-362,-52,-1,-69,36
12,-323,-48,-36,-24,7
-21,-331,-8,10,-61,6
0,-326,-61,-23,6,29
4,-323,-57,-36,-17,-3
16,-322,-27,14,-47,-72
-21,-332,-51,-17,-29,-37
22,-301,-10,6,-14,11
-35,-329,-53,3,-55,-14
14,-307,-27,51,-20,-1
-39,-295,-49,48,-7,-30
18,-280,-18,-26,-23,-33
42,-328,-32,22,38,23
3,-269,-17,-13,-10,14
16,-292,-34,56,-54,-0
-10,-266,-24,48,10,11
4,-286,-8,50,44,7
11,-269,3,-20,3,-34
9,-288,-1,64,-90,67
-12,-266,-10,12,-5,-45
-23,-246,13,-69,-52,-16
4,-255,11,23,-22,-2
-17,-249,-1,-41,77,-2
-1,-237,-25,11,-56,11
-15,-255,29,16,40,-106
-15,-249,-33,-41,-28,-14
31,-211,18,25,89,-4
-16,-253,-15,8,54,7
0,-217,39,-4,46,-10
-12,-220,28,31,-6,-12
21,-211,-3,33,-26,-8
19,-176,12,40,51,-32
-25,-228,4,32,-7,37
-32,-206,60,49,-1,1
-27,-203,37,11,-4,10
13,-176,20,-20,-67,44
-2,-175,49,28,8,-33
11,-171,43,-18,-42,-14
-23,-154,62,9,21,43
3,-149,56,17,19,35
-25,-153,45,-46,-9,67
-17,-149,74,-45,54,65
-4,-166,51,40,-1,-15
13,-146,68,-28,50,-51
2,-147,74,52,64,-30
-31,-173,62,11,4,-32
1,-157,11,118,30,11
-37,-186,38,9,-27,-13
34,-157,91,-110,-40,4
-16,-132,67,-47,65,-4
7,-127,83,-51,29,-29
-54,-167,75,95,-72,-33
-35,-104,71,-52,-36,-5
-0,-134,78,-3,-6,42
-1,-132,96,12,30,9
-2,-134,94,20,52,95
-12,-118,64,-17,-10,11
-22,-102,62,6,-57,-84
14,-110,58,2,7,-49
26,-114,91,26,-42,-20
-9,-126,32,-5,-31,19
-4,-92,116,17,-31,27
-11,-87,83,-38,8,24
-19,-129,67,-24,26,74
2,-121,62,-0,-27,37
19,-74,82,-29,-33,65
24,-91,78,-52,-61,-37
-38,-105,85,31,71,-51
1,-75,92,-20,-40,-87
39,-105,93,52,-23,-5
-21,-111,69,-11,14,-28
25,-120,53,12,-34,35
20,-80,91,-39,27,18
-1,-89,39,-18,-30,-41
4,-129,61,-22,-72,79
2,-108,43,29,-3,11
3,-122,10,3,15,11
-14,-103,82,30,-0,95
26,-92,40,-0,-56,-22
26,-81,78,49,42,-49
26,-85,56,6,30,3
3,-128,112,12,20,95
-30,-107,73,78,-21,21
8,-118,44,62,4,85
-32,-110,76,6,-39,8
-31,-92,70,11,-16,74
35,-107,49,25,-47,28
28,-134,78,-45,-24,-28
6,-148,33,-23,45,-37
9,-129,55,-12,1,5
-43,-116,76,1,7,-18
8,-112,84,15,-10,57
-10,-145,67,53,14,21
-43,-135,72,40,31,-14
8,-149,43,-3,-15,29
17,-154,52,95,-38,6
-24,-171,37,43,0,26
-13,-174,53,75,8,32
3,-158,66,97,11,-2
-18,-183,31,-22,31,-30
-18,-151,26,-103,-1,83
-8,-184,78,19,-0,-24
16,-200,38,19,25,7
-7,-185,26,-17,-52,-74
-7,-186,51,109,-92,36
-2,-181,4,71,-11,-34
34,-179,9,-3,-74,-49
-6,-227,4,34,-1,21
-28,-192,26,-3,-34,10
-39,-209,26,37,34,-6
-11,-200,9,-1,36,-18
-13,-266,16,22,7,4
-21,-215,9,3,-4,27
22,-280,48,20,94,5
-1,-243,30,-24,100,5
-1,-245,27,32,-16,42
31,-234,15,30,-31,62
-26,-234,6,-1,18,-2
-42,-264,15,-47,-20,24
-14,-271,8,46,44,9
6,-230,-1,7,-13,-61
19,-287,-0,3,26,28
28,-259,-4,40,20,46
20,-259,-0,-34,44,62
0,-288,16,23,-14,48
-32,-293,12,39,-71,-38
27,-275,-36,-15,-68,-18
23,-310,4,3,14,-43
-19,-266,-2,2,-23,43
10,-304,-64,-35,6,13
23,-306,9,27,9,12
-6,-311,15,-58,-45,-113
-8,-325,-13,18,-16,16
-19,-304,16,-51,-2,7
-16,-338,-68,-49,-31,17
8,-322,-5,0,79,-22
-18,-343,-41,96,1,47
-16,-328,-52,25,-55,27
2,-345,-53,36,-25,-4
-48,-346,-42,-53,19,-1
-10,-353,-37,-48,-31,-41
4,-356,-38,-20,-14,-63
-20,-380,-3,-13,42,-17
52,-365,-60,-35,39,-6
-17,-398,-45,-105,-27,-51
-35,-404,-42,3,6,-82
-12,-363,-34,-7,2,5
-19,-370,-46,-23,-8,-6
45,-404,-43,34,-55,-45
-23,-334,-69,34,-43,-31
-20,-373,-69,-103,26,-69
10,-382,-88,-30,16,75
-8,-362,-36,26,-7,-84
25,-399,-80,28,48,-74
-33,-395,-78,-42,-34,-28
-32,-389,-85,47,-12,-3
-6,-410,-57,51,-35,-3
-8,-428,-25,-65,25,-32
29,-414,-87,-24,41,7
5,-407,-86,-13,-58,-10
5,-385,-60,-37,8,-16
12,-420,-106,-9,69,-50
-34,-397,-92,8,40,-11
13,-408,-72,-43,-18,10
23,-358,-39,72,21,34
-1,-400,-71,-39,38,56
9,-415,-54,-8,12,-28
-21,-416,-71,6,-28,-48
32,-416,-98,6,-38,-14
-31,-448,-51,-10,-13,82
5,-359,-82,23,-35,47
-13,-393,-83,16,-34,-8
28,-402,-84,-31,43,-38
9,-388,-83,-4,5,41
17,-394,-66,70,-13,-28
44,-407,-67,35,-2,-7
9,-380,-48,96,-4,-17
20,-395,-85,-30,-38,24
-8,-387,-78,14,-76,-11
-18,-403,-68,-13,-43,-40
-19,-390,-75,-19,6,5
-13,-409,-57,-15,-40,51
-7,-395,-85,-30,-35,33
-45,-385,-68,-36,-11,80
-4,-413,-36,-34,48,-45
-5,-364,-83,6,40,16
0,-371,-63,26,-44,-37
-31,-370,-59,67,-2,-50
-22,-343,-88,31,-17,-6
-20,-368,-66,-27,-3,-4
6,-377,-61,-38,-6,-8
-12,-342,-47,75,-77,46
-5,-390,-66,-14,2,21
-19,-336,-90,106,2,-5
2,-388,-51,-38,31,-3
-15,-376,-65,4,-18,56
-10,-378,-30,-21,-10,77
26,-361,-65,-14,-18,3
-0,-371,-8,53,17,-57
10,-353,-41,-15,-49,21
40,-323,-51,12,-8,32
25,-337,-48,7,27,-42
7,-337,-86,54,-17,-19
32,-345,-39,24,-7,-12
-23,-362,-34,-35,5,46
-28,-330,-1,-35,11,42
16,-300,-23,-50,-44,-5
15,-314,-46,2,46,-32
-1,-289,-16,18,-8,-6
-9,-300,-34,-32,-48,51
-40,-300,-25,-29,22,21
26,-254,-39,46,-5,-63
-19,-326,5,-7,-33,29
-30,-304,17,12,-17,-29
-11,-283,-22,7,-29,-48
28,-279,-16,2,-11,-55
-3,-269,-37,39,38,-21
-2,-286,-26,79,43,23
-8,-264,-25,-19,27,22
16,-237,9,57,78,23
-2,-247,-25,72,57,-20
14,-251,2,-7,41,-19
9,-241,-5,-5,-3,6
-11,-216,3,-5,-64,11
-23,-243,41,63,7,54
18,-276,7,-52,-5,-35
-3,-242,-1,-95,15,47
6,-206,-17,-74,-41,-8
-25,-221,-22,-18,-29,31
23,-227,38,18,-18,-88
-8,-187,19,83,-1,5
-6,-219,39,20,-50,-78
-18,-208,28,13,6,14
25,-194,-2,-55,-12,-5
28,-179,6,-35,32,-55
13,-155,3,46,29,-99
-20,-205,71,-22,4,36
22,-144,62,62,20,15
-10,-168,20,78,-13,3
-22,-197,35,10,-83,51
-7,-180,20,-50,21,-33
-35,-178,25,-25,13,46
-15,-179,71,40,30,9
26,-177,67,-41,45,4
-6,-157,48,-13,-58,27
2,-172,31,-79,8,34
-21,-126,35,-52,-8,-81
5,-137,18,-23,-25,-9
8,-154,50,1,88,12
19,-117,41,24,-5,-17
-7,-133,89,-15,20,-30
37,-133,55,-96,-26,-73
1,-145,68,-32,-41,-58
-31,-113,64,26,60,-47
11,-134,58,15,-47,23
-19,-134,39,7,-24,14
13,-96,33,-34,51,17
-23,-143,66,-9,47,19
-6,-103,70,32,-61,-3
39,-138,105,-60,8,-27
15,-102,87,-46,14,-25
-6,-90,89,-108,21,50
4,-91,94,20,12,48
6,-126,71,-19,-45,-30
-37,-91,42,74,-26,44
-10,-71,78,-9,80,69
-1,-79,103,-62,39,46
8,-110,70,-31,2,43
11,-131,76,-0,48,-15
12,-77,63,23,22,12
-39,-93,56,0,12,-103
-44,-134,72,70,48,73
-1,-138,83,13,54,22
-5,-90,68,-25,67,27
-10,-109,74,110,59,-39
1,-121,78,-10,10,-3
2,-92,53,53,20,32
-1,-106,77,-18,-23,13
-24,-117,80,-26,-28,25
17,-107,87,35,-63,77
10,-123,74,-4,-12,-4
-11,-119,74,-65,-78,56
-14,-134,63,59,-48,-16
-2,-113,55,41,-34,75
2,-156,80,60,1,6
18,-108,67,-18,19,-29
-19,-96,55,-70,-55,40
24,-132,55,-35,38,32
-14,-171,21,-46,-16,8
-4,-106,51,65,9,14
-17,-132,81,35,-43,9
-14,-144,76,33,-39,-63
9,-127,55,19,26,-6
12,-127,53,-58,34,50
26,-149,39,-18,-41,106
35,-137,96,99,23,-68
-17,-144,83,-17,58,41
-27,-121,48,-4,21,-44
14,-140,51,-10,51,-19
10,-173,22,-30,39,-10
-4,-185,21,17,-30,10
-33,-175,57,-25,44,-33
-7,-201,31,8,17,-30
-15,-205,53,-19,64,27
3,-194,56,-39,1,-51
-35,-160,85,15,-30,-11
-7,-177,42,70,-6,27
45,-204,50,30,-15,27
-17,-225,3,42,-14,5
-1,-202,17,49,-12,2
-11,-233,-12,71,13,3
-27,-198,22,65,59,-57
-6,-239,13,-2,-23,-44
18,-201,7,-2,7,-26
-26,-247,16,27,53,23
-18,-219,4,-90,47,78
-3,-233,-14,-27,40,21
-14,-268,19,28,40,18
-3,-249,10,13,23,-21
-4,-264,2,-10,22,65
-8,-246,5,21,30,-5
15,-249,-28,47,16,-41
-13,-252,-8,39,19,23
-6,-288,-27,40,28,40
14,-279,-22,23,47,2
7,-272,-36,-20,23,16
22,-313,30,-39,42,13
-43,-291,-17,-2,55,-2
-21,-308,-25,38,12,4
5,-258,-37,1,14,18
14,-310,-23,-68,-8,-4
-13,-272,-37,-46,11,-39
13,-318,-33,-28,-62,-15
9,-319,-12,35,-36,27
12,-329,-40,100,-28,50
8,-347,-26,-8,-16,73
0,-315,15,-30,58,21
-14,-331,-80,-63,49,-34
-11,-331,-66,-77,-66,34
3,-343,-78,-7,-71,-60
1,-348,-9,-52,-9,9
-0,-331,-24,19,-19,-13
8,-315,-43,10,25,-91
-19,-373,-63,16,-12,-25
16,-334,-81,55,-45,-36
18,-353,-72,-66,13,-25
-16,-344,-44,-54,-37,-3
1,-339,-58,72,7,29
-10,-352,-27,-27,-6,-95
2,-388,-27,71,-16,-23
2,-412,-43,-5,-0,-37
-12,-361,-17,16,-42,-31
-22,-392,-77,46,-8,-3
-27,-370,-63,-30,33,-4
42,-374,-77,10,-15,-56
-27,-409,-65,42,-72,27
-6,-364,-68,-9,-32,-39
25,-395,-62,-6,-48,-78
35,-386,-79,36,-25,69
-39,-389,-89,25,-51,4
5,-433,-82,-64,19,-102
-6,-429,-64,46,24,-39
-1,-412,-84,37,-25,-4
-25,-405,-84,13,-1,-46
-0,-374,-111,3,-17,-30
-11,-400,-73,-50,-42,2
-12,-404,-83,-39,-61,-12
2,-411,-75,-25,-8,-6
-13,-404,-72,-31,-21,25
10,-407,-73,45,39,-10
-17,-405,-70,15,14,46
30,-430,-54,21,-30,6
21,-429,-118,65,85,-44
-9,-410,-67,-37,83,20
-19,-418,-73,-5,-33,-47
16,-373,-83,3,-33,20
24,-419,-56,-29,-5,-16
17,-389,-79,46,-51,-32
4,-414,-43,44,-36,26
-28,-387,-61,10,-30,-11
-3,-392,-43,-104,11,22
5,-396,-67,-47,41,-20
19,-387,-51,4,45,32
12,-415,-15,-48,11,-72
10,-384,-26,19,-7,57
-14,-373,-86,-117,73,-6
30,-366,-74,43,-7,40
-7,-381,-74,-3,-18,32
-7,-377,-79,-15,-28,57
-20,-372,-46,46,-22,-0
13,-353,-48,15,-1,1
-36,-353,-76,-2,43,46
16,-374,-64,31,-46,46
-11,-387,-48,-12,-88,6
-34,-350,-45,-31,22,-37
15,-344,-92,-23,23,-39
17,-351,-52,6,-43,1
5,-331,-49,-13,-24,28
-10,-334,-48,16,21,3
17,-317,-63,56,-10,-16
-24,-343,-37,-35,61,49
-28,-351,0,-95,-14,-7
-8,-314,-46,-13,-15,26
7,-297,-57,8,10,5
33,-338,-77,-75,-30,106
11,-351,-37,58,-0,13
-18,-309,18,-7,13,-7
12,-303,-44,-37,24,-75
-17,-303,-37,-11,-28,-60
-16,-332,-6,-11,-43,-18
12,-310,-15,32,77,-72
-7,-316,-15,-6,8,-35
10,-304,-45,22,31,28
-18,-261,6,-10,-37,37
14,-310,28,42,-63,5
-3,-271,-10,-22,-40,14
-2,-300,2,36,101,-2
-7,-284,-9,-1,36,-47
16,-285,-22,35,12,6
13,-278,-9,68,-0,0
-5,-240,-7,78,-9,-32
28,-249,14,-17,11,-40
15,-275,1,-112,39,-14
19,-217,26,-80,32,61
6,-241,40,-43,14,-31
18,-242,45,6,-3,-3
-17,-234,-34,63,-70,47
5,-219,19,-47,-62,19
2,-232,-2,-34,-86,29
-10,-200,36,21,-46,43
10,-193,22,-17,42,-0
-9,-226,-25,37,4,-26
-13,-160,54,7,9,10
-28,-176,33,4,8,-51
-15,-202,4,-20,-28,-56
13,-212,40,-48,13,3
-31,-201,60,20,42,-16
20,-158,38,-2,98,-30
29,-192,51,-29,6,-37
-15,-158,35,37,-15,83
16,-140,61,11,-20,11
-6,-176,43,-71,-28,23
33,-174,63,-3,5,32
-24,-128,77,-50,-51,-92
-26,-120,43,-9,-21,-35
1,-175,47,4,52,-11
-6,-143,43,-13,47,82
-4,-148,72,-77,28,-83
6,-158,46,-46,24,24
-13,-128,58,-2,-1,-44
16,-126,62,64,5,40
0,-122,53,14,24,10
32,-164,63,11,25,6
12,-102,78,59,-7,32
26,-134,62,-25,-4,-19
-9,-131,78,1,-40,-63
-23,-93,61,15,65,5
-20,-55,123,19,-34,28
6,-123,52,17,53,-50
6,-102,110,-2,48,10
-3,-91,95,14,-23,-90
-23,-111,106,-23,10,-19
3,-122,37,21,-3,-42
-2,-125,59,24,71,-15
-7,-109,43,-30,-96,-7
-14,-103,74,61,45,16
-20,-106,59,-18,55,-1
-7,-106,79,-47,-8,7
12,-139,129,21,-33,-46
12,-62,79,8,12,-77
16,-117,77,16,17,48
15,-117,66,25,-62,39
-15,-128,85,89,67,85
-3,-86,70,-28,-14,-49
26,-119,68,15,-33,-34
-17,-112,101,23,-3,-20
-8,-117,67,62,-1,33
-25,-109,98,24,-32,-4
-18,-83,92,34,32,-23
22,-134,93,17,-16,-79
-6,-102,99,-49,30,2
-24,-138,50,-94,-23,56
-58,-117,73,56,18,-24
16,-122,62,-23,10,31
-7,-117,54,-62,-10,-11
-13,-124,57,63,-16,-36
-0,-96,68,26,58,21
-8,-119,47,8,-14,26
-17,-108,75,25,-4,67
18,-118,12,25,-9,-30
-3,-111,65,24,-21,-31
-1,-153,56,-16,36,-14
-28,-148,92,1,45,57
22,-125,57,37,35,19
-3,-142,51,-64,-11,8
-27,-169,69,12,81,69
16,-154,55,1,24,95
2,-151,87,2,35,-33
33,-183,36,24,-26,26
23,-136,46,-4,-4,22
-4,-172,59,24,19,28
10,-185,22,-94,-58,4
-12,-178,48,-2,-37,6
13,-197,15,77,81,-55
-22,-211,10,76,-11,-7
-20,-181,-0,12,-18,51
-13,-165,35,-19,30,-8
15,-232,55,18,28,-48
14,-225,10,-18,-26,52
-5,-215,38,65,83,98
-12,-196,21,-5,-115,-0
25,-199,24,-9,-39,-37
0,-230,27,-15,-34,-5
-32,-249,67,83,-36,17
24,-228,20,-34,-26,29
11,-219,44,-2,-23,-14
-3,-208,-9,-17,0,17
14,-251,-28,9,-6,16
-8,-256,20,43,-73,-73
31,-256,16,-43,1,7
-2,-276,36,-20,5,93
-17,-258,-17,5,64,33
-20,-274,-13,97,54,30
16,-291,-3,2,-100,-15
1,-281,-8,18,-46,24
2,-298,-34,34,-9,-48
-8,-295,-42,-3,7,-65
-39,-296,-8,56,-1,6
21,-293,36,-50,4,20
-20,-285,-40,-24,27,56
2,-326,-14,-46,-5,15
-14,-315,-61,16,5,42
27,-300,-48,-22,-59,48
14,-320,-20,80,-50,-47
13,-324,-23,-41,14,58
54,-349,-26,72,32,-79
-13,-330,-11,19,-100,-22
25,-307,-42,-19,2,59
0,-339,-38,-5,54,-22
7,-312,-25,-10,43,-16
-20,-361,-75,-65,-35,13
11,-379,5,-26,28,-35
-9,-317,-83,26,-20,-1
3,-389,-24,114,107,32
34,-361,-40,71,15,-66
5,-353,-90,-32,-13,-15
9,-376,-70,-14,-52,23
-1,-374,-71,-12,18,14
18,-342,-82,16,39,-30
18,-381,-62,-10,18,-18
-11,-371,-57,37,65,-17
-17,-376,-74,-38,-14,-18
14,-418,-56,-72,-0,25
13,-351,-70,-85,32,33
-11,-422,-59,-54,-37,49
-3,-394,-73,21,-64,-65
-26,-424,-22,55,42,-50
-7,-404,-104,-39,12,29
-20,-387,-111,-39,7,-7
-56,-395,-60,-31,35,-3
-13,-402,-60,14,23,0
-1,-381,-56,55,-48,-52
4,-435,-48,14,88,-17
-16,-429,-88,40,-1,27
6,-416,-49,-23,-5,-17
7,-422,-85,-5,34,7
20,-408,-111,-11,43,37
16,-415,-95,-46,-67,51
-20,-438,-26,-70,-1,14
7,-425,-91,-30,-37,55
-11,-389,-61,48,35,62
5,-413,-60,58,-27,-4
16,-451,-63,9,48,17
-19,-366,-108,-54,79,-12
-19,-362,-64,18,-43,4
-14,-403,-50,3,21,72
20,-429,-75,62,46,56
-15,-392,-75,66,-27,94
30,-402,-88,16,-20,24
17,-402,-52,34,56,-54
-3,-419,-48,43,34,-2
-13,-406,-83,-5,-14,1
-8,-409,-73,-27,-18,-35
-8,-387,-46,40,1,33
21,-392,-106,38,4,-8
14,-379,-79,3,42,5
1,-400,-58,31,4,9
25,-401,-75,8,-9,-101
0,-373,-72,59,18,81
13,-375,-71,30,-32,71
-18,-418,-72,38,19,-9
14,-359,-63,102,-1,-15
-14,-355,-82,-89,-24,-27
9,-332,-58,-16,-9,-3
-16,-390,-60,3,-14,39
39,-350,-54,-92,26,3
22,-323,-46,-17,-45,42
1,-373,-41,3,42,-30
-19,-327,-41,13,23,64
6,-345,-29,-28,22,-38
-23,-328,-89,-21,-53,-48
-7,-308,-49,-66,-7,51
4,-360,-10,-67,21,-51
-6,-309,-34,3,13,54
34,-355,-27,6,37,-60
13,-345,-4,-33,9,-21
10,-306,-15,15,40,28
33,-347,-2,17,-3,-26
-27,-273,-40,103,-6,-90
7,-287,-39,-46,42,-12
23,-298,-22,-75,-74,2
-1,-324,-6,56,-19,4
9,-282,-41,-52,-45,-20
-9,-292,9,7,79,4
8,-245,-30,11,-48,-17
3,-282,35,8,-23,-75
-4,-277,-9,7,-60,8
-9,-228,-14,-12,8,8
-19,-276,-8,-48,61,-21
-5,-227,23,16,16,-15
-42,-268,3,-5,42,39
-3,-259,-2,-8,-1,-31
10,-236,39,-17,-52,-12
-20,-240,1,-19,137,-0
-6,-254,16,26,66,46
-6,-221,22,-20,33,-15
17,-250,9,-56,-3,-32
-19,-227,9,-1,75,50
-2,-219,-9,-21,7,-18
7,-201,-9,28,45,66
34,-193,36,-23,29,56
30,-227,27,53,-5,33
11,-194,48,61,1,7
-16,-202,19,23,-27,34
-36,-171,41,57,20,17
-15,-173,34,27,-35,39
-0,-185,65,52,12,-34
-14,-174,26,4,-31,20
-17,-159,40,-38,-10,-71
4,-185,27,-60,-35,19
24,-163,27,-5,-50,-39
9,-195,60,-6,10,47
-6,-153,71,109,-28,20
-3,-137,65,-14,-2,-1
8,-174,37,51,93,20
-28,-150,51,0,-20,7
-23,-159,61,16,-5,-63
4,-136,64,-0,-57,17
13,-163,73,-41,13,0
-4,-133,52,10,-62,-22
11,-99,57,13,-74,34
-3,-148,32,-3,-4,-87
35,-117,40,10,10,-11
-36,-89,67,9,-32,-14
-1,-140,62,-10,29,1
21,-128,80,-21,-12,26
40,-111,80,33,16,30
-31,-169,74,10,25,41
-19,-103,80,-56,-63,21
23,-124,71,-11,30,-40
8,-99,54,8,50,-13
21,-98,66,-12,-9,32
-5,-133,73,29,-36,31
-11,-113,71,62,-9,7
-10,-111,55,-21,20,36
-28,-104,67,-5,76,-22
16,-116,72,33,-52,-23
6,-92,80,-91,-48,-6
15,-102,73,40,-34,13
-38,-117,110,6,-89,-21
-10,-107,106,-27,-47,16
-3,-94,74,-10,18,-47
9,-122,87,-22,37,-13
46,-93,72,-7,-66,-66
-9,-133,62,30,-76,69
-11,-126,70,-33,23,-26
10,-108,47,16,4,49
-12,-132,66,-80,-24,22
1,-136,102,6,-19,10
2,-93,20,81,-2,30
35,-94,56,-12,32,41
-12,-140,119,27,-23,-28
-77,-133,56,49,12,-8
2,-124,59,-50,27,-90
3,-140,58,22,3,40
-12,-91,69,-24,42,49
-41,-87,75,-8,-21,-39
-30,-126,53,-61,-7,-8
17,-124,31,21,-26,25
-22,-152,70,33,-67,-5
28,-102,73,-22,-15,26
-0,-179,72,-2,51,14
24,-172,68,-31,-80,-61
9,-156,108,-80,-4,67
22,-119,68,-4,13,-17
17,-99,70,24,-43,51
-3,-145,51,-57,-1,64
-9,-177,48,38,83,19
-2,-158,86,-69,23,1
42,-143,29,15,-36,41
23,-154,70,-20,-68,5
-29,-166,40,-7,12,35
-20,-213,20,-2,-11,39
-10,-204,37,36,-12,23
6,-146,39,-44,-79,-5
8,-213,31,52,100,10
-2,-148,24,4,-61,-49
-38,-223,9,-26,-63,-39
-13,-203,53,-23,45,-67
54,-162,34,-32,-54,-20
-16,-244,8,45,-62,-9
-11,-198,12,27,2,27
6,-199,8,-22,-16,-34
2,-218,-27,23,29,-39
9,-239,32,10,58,37
-23,-191,10,50,80,-4
25,-253,-15,-12,5,-18
18,-270,8,29,-64,-66
-9,-250,16,29,-55,-43
3,-274,-8,9,-52,46
19,-255,28,-39,37,26
-16,-273,12,69,55,5
-1,-284,-23,-2,-70,-26
-3,-248,10,-9,-19,37
4,-283,-16,-49,47,-57
-33,-286,-18,22,-35,13
11,-253,-47,3,56,-2
-20,-308,-3,-6,43,-16
-9,-314,-25,-15,-22,-30
-18,-282,-29,-22,66,-5
15,-327,8,33,-2,20
-12,-322,-32,52,-19,-24
11,-337,-7,-26,-6,-8
8,-294,-6,-55,38,-60
-4,-327,-40,-34,43,-11
-51,-316,-5,-0,-18,16
-35,-322,-50,-5,-47,8
-38,-327,-43,15,92,85
42,-345,-52,-79,37,31
2,-323,-75,13,7,25
-15,-326,-55,56,-55,-28
0,-347,-75,-47,53,14
6,-364,-84,-15,49,36
-1,-354,-54,24,60,71
-2,-356,-34,-11,-41,-50
-20,-370,-85,66,16,-5
21,-365,-29,-15,42,81
-17,-407,-92,-5,20,62
-37,-365,-87,81,-10,8
-3,-363,-80,-83,44,-18
15,-379,-30,-15,-18,23
17,-380,-37,-77,79,17
2,-379,-73,41,-16,5
-1,-381,-113,-1,-30,-10
24,-399,-59,-47,42,31
18,-368,-94,69,22,45
12,-417,-48,-23,-85,13
15,-370,-89,-82,92,-16
-8,-398,-85,-14,-18,-39
-19,-376,-80,-3,-29,-85
3,-394,-68,-56,-17,-78
9,-376,-86,-2,33,-58
-18,-381,-85,42,-23,4
-31,-398,-44,24,18,10
-49,-402,-57,63,-35,-25
-23,-394,-73,6,-84,22
-2,-422,-64,-67,31,7
-11,-451,-54,-38,22,-30
-14,-435,-44,13,41,-18
-24,-394,-76,-32,33,5
-9,-393,-70,4,-13,27
-18,-421,-87,-10,5,-33
-10,-424,-66,61,101,3
-9,-438,-104,-51,90,-1
-41,-418,-50,72,-7,-5
-15,-429,-44,50,-22,-10
11,-418,-86,12,46,-2
-2,-390,-99,-58,-23,-54
-42,-427,-71,15,28,48
36,-397,-75,-31,31,-63
-19,-398,-68,-9,-14,-49
19,-419,-63,-19,-65,-31
11,-398,-90,-23,-63,42
21,-387,-43,10,8,14
4,-388,-59,29,33,55
-13,-392,-69,21,-8,20
27,-418,-75,20,3,2
-2,-366,-30,-97,14,-62
-10,-379,-67,-21,-14,-39
-23,-369,-54,-13,-6,51
31,-355,-56,-34,26,27
-2,-394,-26,-14,21,-54
7,-371,-42,21,-72,-5
8,-375,-52,-3,-3,-7
25,-387,-43,63,25,16
-9,-366,-69,-53,11,-144
31,-355,-21,-16,20,13
0,-350,-43,-31,-48,55
16,-314,-47,20,0,-51
26,-310,-20,12,5,-17
12,-338,-16,11,-32,50
26,-337,-63,-20,-0,-87
-2,-347,-18,15,45,-20
29,-331,-43,12,25,-18
-2,-290,-12,11,-62,65
-19,-334,-15,-44,62,-40
9,-286,-50,18,84,4
-36,-309,-29,-8,-92,78
27,-343,24,45,-3,26
-13,-287,-30,4,8,27
-7,-316,-11,63,-73,-36
-11,-299,9,-43,14,25
7,-298,18,13,-31,-17
-16,-301,-25,-3,-21,20
-10,-299,-27,-49,-1,8
-14,-312,-22,17,38,-17
-0,-300,14,72,-116,30
-29,-241,5,49,31,46
33,-274,-33,-24,-36,-7
-11,-274,10,-3,42,-16
8,-257,22,-29,54,-8
5,-261,30,126,33,28
-11,-224,7,-9,3,-0
6,-248,19,15,15,-52
18,-231,34,50,46,38
5,-199,-17,71,27,33
-6,-232,20,34,13,-14
-9,-223,46,42,18,17
-6,-208,-3,33,15,-8
13,-237,30,-19,60,84
0,-177,1,-42,-89,-2
3,-213,31,-18,27,-22
-1,-188,18,31,19,1
10,-195,44,-19,-67,-38
-3,-169,76,-14,-21,6
24,-157,32,-89,19,-34
-23,-189,28,26,11,-17
-7,-110,45,45,-1,-32
-7,-207,47,-21,-73,-14
-22,-220,68,-2,-21,-73
6,-183,68,98,-16,-55
-38,-185,67,25,7,36
34,-169,87,1,-2,7
8,-159,58,-58,45,-43
33,-168,39,28,76,-15
1,-122,62,-19,2,-28
13,-186,34,7,-70,19
30,-141,83,-31,-68,11
-26,-155,35,9,87,-45
-10,-129,42,78,10,-1
14,-120,84,-10,35,5
-21,-119,58,-17,1,2
-12,-135,58,5,27,36
-2,-134,45,-65,60,-37
-49,-100,35,6,62,-38
-50,-154,70,-14,21,68
-1,-158,83,8,-80,5
10,-146,82,26,-1,-56
-13,-131,65,-25,-1,-9
-12,-128,101,0,-51,75
-8,-79,74,-36,-42,12
-10,-107,28,-1,13,-4
-2,-131,103,16,60,-16
-45,-93,65,3,22,-61
17,-105,64,26,21,13
3,-104,49,10,-33,29
-4,-113,75,16,38,16
-1,-106,77,-15,2,51
-8,-90,34,15,31,-5
15,-106,83,-32,-43,-44
-9,-93,60,-53,-1,66
10,-71,124,19,39,-23
-9,-105,48,15,11,-62
-1,-127,84,-11,12,-10
38,-81,86,-41,113,59
18,-95,75,5,10,-32
0,-99,83,30,27,-60
-12,-127,84,-23,-48,40
25,-101,44,-1,-39,42
-0,-75,83,39,18,2
-11,-109,60,-1,-17,-42
-0,-116,71,26,-30,32
-26,-120,62,-4,-2,-29
19,-140,76,11,-32,-38
13,-112,69,19,-14,3
20,-121,68,56,-15,-2
1,-109,45,-8,-94,-61
-9,-110,41,-8,14,45
24,-116,87,-39,-64,-23
-8,-107,36,5,-16,74
-6,-126,67,14,22,-19
25,-138,47,-25,-11,54
4,-110,49,-1,41,33
-40,-132,84,21,29,-12
38,-186,30,41,-3,-16
17,-157,26,57,-55,78
-24,-136,45,-36,-19,47
-4,-135,46,39,26,-30
3,-189,73,43,14,27
12,-191,41,31,53,4
8,-191,2,24,4,-26
17,-179,11,-25,5,56
-13,-196,57,-38,12,22
-20,-184,59,-35,-21,-35
2,-198,23,-16,43,28
2,-186,27,38,-82,-91
23,-193,63,-18,71,17
12,-194,45,-43,-46,29
-26,-230,15,23,-21,-1
-46,-210,19,-8,-25,36
15,-217,6,-59,-19,-23
-14,-195,20,-7,18,72
10,-234,-4,-18,-2,-3
20,-223,3,66,-28,-17
3,-229,6,70,-18,20
-28,-225,-19,43,27,37
-7,-232,-7,-11,34,43
4,-228,12,-3,25,-6
17,-239,-2,-47,-91,-1
15,-201,-21,-36,35,-44
-8,-241,-0,65,2,20
-13,-260,25,-8,38,26
4,-260,20,19,13,-53
49,-263,-49,44,14,36
-3,-254,34,-46,1,-34
-14,-280,-23,-16,-56,44
-29,-284,-33,38,31,23
28,-266,-77,-49,41,1
14,-296,-4,-47,12,-90
4,-318,-16,30,48,27
-7,-318,1,-8,-33,4
47,-320,-16,-20,-55,-12
5,-299,-48,22,1,-37
-7,-334,-64,-16,45,-40
24,-344,-6,-29,41,25
-0,-332,-40,5,-36,-36
9,-352,-26,3,52,-76
-9,-336,-19,24,-52,-12
-40,-308,-18,-22,-10,2
-8,-340,-32,-13,79,-14
19,-341,-35,58,6,-29
11,-338,-52,-30,10,4
9,-371,-75,-41,-45,25
-4,-334,-38,-29,-66,-17
0,-387,-63,77,-12,-4
26,-372,-64,-1,18,43
-6,-382,-66,102,-78,62
7,-384,-40,-27,-14,-68
-24,-375,-53,2,-62,10
18,-366,-54,42,10,-5
-4,-351,-100,49,-10,114
-7,-367,-74,-67,16,29
15,-367,-78,37,-11,-52
4,-368,-67,-18,-12,-17
-4,-396,-84,-11,6,7
-45,-373,-79,21,44,-53
7,-415,-22,54,-49,37
11,-379,-69,8,11,-42
-29,-401,-43,62,16,19
-12,-393,-84,-54,15,-17
6,-405,-58,79,25,20
2,-417,-68,-45,-4,25
-5,-381,-91,24,116,51
-9,-423,-79,29,-27,-1
-28,-427,-85,6,99,25
-28,-410,-60,-54,-82,-50
2,-412,-47,37,28,-9
-5,-440,-89,6,-8,3
0,-415,-52,6,-64,22
-24,-397,-76,20,-47,-58
37,-411,-103,-52,36,-26
-10,-412,-69,-13,-38,36
-3,-415,-64,-36,51,42
-23,-406,-73,-66,39,16
19,-380,-65,72,-9,-3
4,-434,-61,-21,43,-58
15,-389,-130,63,-26,25
-32,-382,-99,-96,-29,-19
21,-429,-48,33,84,-53
3,-436,-92,39,12,-32
39,-427,-104,-26,-17,-28
10,-445,-91,28,42,32
8,-365,-86,37,-30,-13
-19,-394,-47,-40,-26,-2
-10,-370,-47,-24,29,45
-1,-397,-84,72,-57,4
17,-402,-95,-41,80,14
-7,-375,-28,12,-38,-30
0,-400,-64,39,10,68
15,-383,-112,-1,31,32
22,-360,-20,33,-91,41
-12,-423,-63,-44,47,-78
-9,-421,-53,-12,1,12
0,-352,-71,4,-36,31
18,-356,-46,43,3,-59
12,-372,-57,-1,-4,15
-21,-364,-34,9,-37,25
2,-370,-53,-18,11,-20
33,-375,-65,4,9,23
-16,-325,-77,88,45,-36
-18,-317,-34,-31,-54,-27
-11,-343,-36,29,-18,46
5,-341,-46,-2,75,-76
-23,-330,-35,-7,-26,32
35,-330,-28,3,-16,-39
11,-299,-66,71,-23,10
21,-347,-37,0,-15,31
30,-289,-15,-83,-90,13
25,-299,-38,-0,-52,-67
14,-334,-11,-37,-11,26
25,-303,-34,-77,-9,-28
-21,-306,1,24,-32,-69
-3,-266,-16,-16,21,33
46,-274,-14,-23,64,22
-17,-290,-18,56,-79,50
-19,-265,7,41,72,78
-12,-322,-15,-85,-34,-13
-6,-288,-9,-40,-77,104
5,-256,-26,30,-70,13
13,-239,-10,3,-40,-20
30,-233,23,-38,13,13
11,-270,-18,-31,-40,19
21,-231,4,47,-69,-46
-22,-245,-21,-14,10,-81
32,-247,12,8,-4,7
-12,-243,10,6,-41,-45
13,-207,28,-85,-27,-55
3,-211,8,22,50,4
-20,-220,15,8,10,-54
6,-221,39,53,9,-56
14,-172,-4,46,-6,-22
11,-232,17,35,86,79
17,-191,51,-74,82,-13
34,-227,54,-37,34,-44
-6,-206,15,-85,-10,21
-19,-201,28,-39,32,63
-32,-208,50,47,47,50
19,-170,-4,9,19,5
16,-177,17,11,-62,-95
37,-193,17,17,-39,29
11,-207,50,1,10,19
40,-164,46,41,-76,-18
-17,-170,65,-34,-23,-47
18,-172,39,21,-40,46
-15,-140,56,-45,57,-27
-13,-122,87,67,26,-58
41,-151,33,56,34,-20
-3,-111,66,23,3,-38
-39,-118,80,-21,-141,19
-8,-133,75,-3,-42,-13
21,-121,86,45,96,42
-48,-164,73,-33,26,50
13,-113,57,21,14,47
-31,-130,93,-25,-5,-31
28,-160,41,3,-24,48
-32,-141,36,16,-33,-9
13,-96,65,-14,-5,-25
21,-130,75,8,37,-62
23,-70,62,-36,-22,23
-2,-124,87,-13,34,0
-10,-119,75,-11,-19,18
14,-105,85,-58,-26,-5
-53,-142,79,-86,-86,-18
-14,-116,88,37,-5,-23
-37,-124,64,-2,-25,14
-12,-114,49,-26,4,-39
32,-137,64,-13,-29,-3
-12,-90,89,-29,52,-27
14,-113,63,48,86,-1
-18,-129,62,0,-5,-5
23,-129,46,53,11,-18
1,-105,38,-11,-47,-25
-3,-126,96,-13,25,-59
-14,-99,53,-10,-29,20
31,-94,78,12,-9,-25
-34,-109,67,-73,69,-77
3,-130,45,37,17,17
1,-121,81,10,-34,-6
36,-94,67,39,41,-140
12,-123,59,4,-44,-49
-16,-120,54,32,-28,46
-2,-148,80,-46,41,85
-27,-128,72,2,-55,-56
-17,-119,91,11,-17,-13
-3,-153,114,83,-20,71
10,-108,79,-67,-24,55
-16,-147,65,-29,-6,-14
-5,-140,68,-9,-4,-4
21,-127,49,61,-17,-1
29,-133,36,-41,48,-9
12,-138,40,-15,-53,-13
-1,-135,45,-38,14,-29
-30,-161,37,24,30,88
1,-142,60,13,51,-39
28,-109,61,-18,-4,-24
-21,-121,48,26,-30,19
-7,-168,73,-35,-11,61
27,-130,81,-4,-41,-7
-11,-159,55,-6,-53,-20
-14,-151,41,-18,-43,-24
8,-183,33,-88,-38,39
24,-212,40,49,-37,-96
10,-158,25,-39,-3,-37
51,-220,42,64,35,46
31,-186,40,-11,41,-29
-21,-189,37,41,-15,43
-3,-202,25,15,-14,-5
-19,-188,18,43,45,-20
-32,-209,34,75,-54,43
-8,-159,30,23,-15,-2
3,-185,-0,-7,11,12
-5,-225,10,38,12,-10
-12,-233,4,8,-25,81
-36,-206,23,34,-88,-36
-22,-210,16,-10,-11,-5
-3,-199,14,-43,2,-60
17,-276,4,-9,36,-22
-27,-261,20,27,47,-23
-12,-249,-1,-36,-12,-9
22,-238,4,14,71,17
25,-267,1,-22,14,50
21,-303,-29,21,50,-37
-6,-263,-34,14,-67,13
40,-248,-5,39,39,-80
7,-287,-36,-21,-102,-62
-1,-272,-10,-36,-28,-15
-4,-275,-8,-7,69,19
3,-285,13,27,-12,-40
26,-243,-12,-16,-56,-70
13,-296,13,-36,8,-3
-18,-320,-43,-57,17,-72
-1,-306,-19,-1,36,-4
-3,-327,-35,-6,-42,18
-20,-326,-6,54,88,11
-6,-322,-30,9,-62,39
23,-317,-35,28,28,29
-20,-320,-14,-0,66,-62
-2,-329,-45,72,-44,10
4,-330,-57,-74,-14,26
14,-316,-64,-68,25,-8
16,-328,-23,-6,18,-51
-27,-360,-47,14,-33,-5
-14,-348,-69,80,44,-9
14,-383,-12,44,13,-15
55,-327,-33,42,-103,-69
-33,-373,-49,2,-9,19
11,-360,-64,-4,-43,-51
11,-342,-85,-44,-43,36
13,-384,-31,-58,-33,-11
2,-383,-68,-34,-3,-55
19,-409,-90,-43,-11,-12
-8,-400,-40,34,70,-3
8,-384,-97,48,10,-31
21,-365,-43,70,91,-5
-19,-379,-48,-62,-86,-64
-13,-385,-35,-20,18,26
-15,-347,-126,48,1,-40
-35,-392,-75,-39,10,18
-2,-401,-93,-8,-18,-16
23,-397,-55,10,35,-50
32,-374,-88,-87,32,-10
9,-389,-72,-41,5,-58
14,-415,-48,-3,8,-9
21,-399,-70,52,64,-18
1,-399,-53,-16,113,-7
33,-390,-81,14,2,-21
11,-440,-53,-2,-24,-54
7,-383,-79,42,-12,-23
31,-457,-83,-11,-40,44
21,-405,-109,-1,-19,20
4,-436,-99,27,-4,1
6,-393,-88,1,36,-27
6,-388,-86,59,-1,-27
-25,-421,-66,24,-9,-31
-43,-361,-79,-18,59,26
-11,-433,-53,-178,57,-39
-35,-390,-85,63,-44,21
3,-437,-105,2,57,35
29,-388,-80,1,42,-77
16,-403,-59,39,-3,-5
-18,-392,-68,39,-38,6
15,-386,-106,75,33,-64
-17,-430,-66,-14,-3,-26
39,-394,-8,-22,24,13
7,-397,-31,-5,19,-27
-21,-382,-43,-24,11,-19
2,-396,-64,48,84,-2
-9,-385,-59,44,-7,-50
-5,-375,-44,-2,-34,-62
-34,-387,-66,23,119,-13
-6,-349,-52,-92,24,-16
-35,-396,-65,-6,31,-32
-9,-385,-48,82,-51,-11
-16,-324,-59,-3,-68,2
14,-371,-74,-11,-21,-63
-11,-379,-84,-24,-71,30
34,-343,-61,-36,63,16
13,-397,-18,16,31,-35
-10,-343,-45,-67,-27,35
-25,-331,-72,17,-6,27
14,-325,-48,8,-40,-16
-11,-349,-35,-24,22,16
18,-314,-72,-3,-39,43
5,-360,-29,-14,-52,-7
-11,-324,-65,110,61,-36
-21,-329,-61,8,4,-19
-23,-312,-42,-6,45,-15
24,-325,-66,-40,-37,39
-16,-332,-23,-3,5,-32
-11,-310,-12,-18,-50,49
-0,-290,-9,-47,-1,88
49,-297,25,26,19,-32
-21,-318,-10,57,-28,-39
13,-290,-8,-38,40,46
-25,-266,-15,-27,9,-20
-7,-273,-34,18,40,-72
-11,-293,-11,36,-6,-11
8,-253,-12,-6,34,-12
20,-237,-30,25,2,-40
18,-258,38,-20,-12,31
13,-263,23,5,-33,-34
41,-279,-8,-81,0,-16
17,-247,36,47,-10,-38
-25,-238,-17,-88,29,-48
-19,-226,46,23,-41,-14
-21,-207,6,-5,33,8
55,-244,34,-21,105,-58
11,-226,28,-24,-7,25
-15,-212,-27,-79,-54,-40
-1,-178,27,-3,-46,19
36,-217,35,9,33,52
-10,-200,42,-43,12,27
5,-205,20,42,69,-0
19,-195,20,62,11,50
25,-207,62,86,38,72
-9,-190,27,28,-25,-102
-6,-213,42,-72,13,-21
-25,-164,42,-7,-32,15
-30,-173,81,16,-10,-48
4,-128,46,2,-30,-13
33,-125,37,-39,21,-18
-17,-154,12,-25,12,-28
-4,-164,25,12,48,-108
-18,-186,109,-82,66,58
-17,-125,38,28,68,38
-12,-175,49,-99,67,19
-9,-151,38,26,-23,39
11,-134,31,50,-14,-33
2,-152,44,17,-34,-42
-7,-148,60,13,5,63
-23,-139,79,8,-26,12
-13,-128,86,-25,32,8
12,-101,45,-10,-10,-36
-18,-102,86,56,-1,6
6,-115,81,-7,-37,-61
14,-115,60,-7,-38,31
-12,-136,110,-6,-45,4
27,-98,97,23,38,-33
-2,-75,37,5,-11,21
-12,-128,36,-41,78,-14
17,-117,37,14,-42,77
27,-107,95,12,20,113
18,-131,77,-12,59,-48
33,-129,66,-27,-11,-30
-4,-145,70,6,-60,39
-8,-146,100,24,-59,33
-17,-120,52,71,-35,15
-1,-92,106,22,-28,10
23,-120,123,101,-42,-15
-4,-81,67,47,13,-64
1,-103,53,1,-72,-12
17,-103,92,-30,47,-11
32,-112,50,22,-21,-12
-24,-114,87,26,-7,21
-6,-108,89,65,-1,12
-3,-120,61,12,-88,54
-1,-114,103,-22,-67,20
-27,-110,41,-48,33,62
14,-108,92,15,-16,-71
-19,-82,95,19,-24,-52
-24,-111,64,5,-20,99
-10,-124,65,-40,25,62
4,-115,99,7,9,39
0,-139,40,-41,-6,-59
-11,-117,70,20,-12,53
-12,-133,110,62,-16,10
-5,-116,67,-37,-14,-35
-4,-96,69,-55,117,9
-14,-135,32,10,42,-16
20,-127,67,2,-39,-7
-13,-128,51,11,3,-59
32,-154,77,-38,-43,41
-10,-156,22,-11,-14,-23
-18,-137,24,-38,-47,14
17,-113,35,-5,-36,22
-30,-160,53,63,-40,-32
7,-143,51,50,-28,-23
36,-157,65,22,-19,-44
21,-168,45,-31,27,38
-10,-145,37,15,111,-18
-28,-176,55,-33,23,33
5,-166,35,-54,-7,-14
25,-166,-21,-18,-15,32
34,-167,24,-82,-61,-8
0,-146,53,27,-40,1
28,-213,16,-15,36,29
-4,-212,6,-10,-15,-55
-24,-168,46,12,-46,-5
12,-194,-13,11,29,-2
-30,-187,55,16,33,23
-8,-206,4,-36,22,-19
-26,-215,-17,-18,20,-25
48,-200,19,-32,-40,-3
-35,-216,31,-23,-33,51
33,-250,17,69,-38,-12
22,-249,12,32,9,55
36,-242,26,39,-5,59
-19,-204,-13,-2,-1,-38
6,-247,-10,-38,-6,29
-22,-213,6,44,17,14
-23,-257,-21,21,-13,4
35,-282,-27,-38,-63,3
6,-270,-32,-113,13,-11
7,-270,-38,-27,24,7
-5,-279,7,-3,60,-76
-40,-289,-15,-19,29,21
29,-281,-15,-4,36,-10
14,-315,0,-9,6,-42
23,-285,4,2,53,14
24,-314,-40,-3,-10,16
-4,-281,5,27,-29,-11
20,-315,-21,-87,-34,-2
32,-321,-35,47,10,-75
7,-290,-41,25,-13,91
27,-329,-24,0,-53,39
-20,-333,-40,3,-56,6
3,-379,-38,-15,-18,13
-9,-363,-3,38,3,-6
-5,-372,-73,40,-5,55
19,-317,-4,48,45,-15
41,-324,-36,6,33,-62
23,-376,-53,32,72,47
-8,-333,-11,47,26,-20
-11,-354,-48,-43,-0,-62
-1,-343,-34,22,5,79
-9,-368,-12,30,-24,4
22,-367,-35,6,16,-38
-13,-375,-82,-14,-44,11
10,-369,-70,4,-38,5
-4,-396,-25,42,-74,26
-15,-370,-109,-19,57,-36
-26,-407,-61,74,46,61
-2,-406,-54,-27,-47,-39
30,-397,-72,-14,-7,-17
-32,-382,-48,17,34,-19
2,-368,-49,2,-60,30
-19,-390,-63,53,4,-2
-17,-407,-59,85,-6,-14
15,-395,-65,-77,-9,-4
5,-367,-46,-35,46,21
-14,-381,-81,-8,-77,-20
-1,-392,-86,-12,-53,68
-2,-397,-80,71,29,18
7,-425,-78,-47,-28,-25
-4,-374,-100,-8,22,6
-20,-392,-33,17,-51,-47
-12,-413,-44,26,10,30
-45,-391,-42,87,97,-38
-14,-442,-64,-50,-4,29
30,-413,-65,-31,58,9
22,-415,-64,-28,-10,-21
34,-404,-44,17,-28,-33
-25,-409,-67,2,15,-3
-16,-410,-66,47,-107,26
-7,-394,-80,-13,19,-51
1,-441,-108,-16,-55,-4
11,-396,-95,38,-28,-31
2,-403,-68,-85,30,8
3,-394,-78,-47,-49,76
-66,-403,-59,-63,64,17
20,-404,-43,-7,61,4
-11,-345,-116,-10,-17,-39
-28,-429,-51,37,-32,-20
15,-397,-52,-47,61,72
-1,-380,-59,11,-14,-20
31,-391,-50,35,9,4
37,-380,-83,-19,84,-8
-44,-395,-55,-42,-13,-90
2,-410,-64,-79,-83,-36
-6,-335,-48,37,12,21
-1,-377,-62,31,2,-55
7,-368,-52,-17,57,-48
-4,-377,-35,110,20,-44
-15,-353,-68,-11,-35,-56
29,-385,-93,-15,-65,-105
23,-360,-91,5,60,39
23,-364,-57,15,-6,-3
15,-367,-51,3,73,80
24,-349,-67,71,23,53
-29,-361,-56,18,2,5
-7,-338,-32,58,-67,-46
-20,-322,-76,-48,18,25
-20,-363,-42,-49,86,58
30,-367,-31,-7,-23,-18
-18,-344,-27,-52,20,-27
-9,-325,-35,14,29,-31
-23,-303,-52,-19,-59,79
13,-316,-37,-1,-19,-26
-3,-297,14,5,-14,38
-1,-284,-79,-15,43,-25
14,-286,-26,-70,21,-43
24,-301,-15,-8,-6,-8
29,-259,4,-14,49,34
-44,-268,-17,-8,30,91
20,-220,-23,6,56,38
3,-292,2,-15,-6,-46
-20,-273,22,-15,2,43
27,-267,-2,-14,-57,50
3,-285,-25,42,-10,-19
23,-270,18,15,-37,9
37,-247,-6,19,93,-23
-29,-238,-6,42,-11,62
6,-235,13,6,-11,-0
23,-224,8,42,-72,43
7,-249,-11,1,-7,-26
-17,-252,38,33,26,-22
18,-223,2,-3,-42,2
11,-220,7,-21,-6,65
-9,-170,19,-48,-14,-13
-1,-204,38,4,13,-27
-36,-168,3,29,12,-33
-43,-215,29,-39,-52,-10
-14,-193,36,-18,-21,-30
2,-195,31,-84,-16,5
21,-232,35,-52,59,30
16,-160,48,-4,12,-13
24,-200,16,48,43,-23
-16,-177,5,29,-27,27
18,-159,32,35,-37,38
-6,-181,31,15,30,-88
-32,-175,62,-10,-60,37
-45,-152,61,65,-32,17
-42,-122,78,-7,-16,38
44,-132,54,3,-14,-7
11,-189,34,-5,-44,-7
-21,-170,32,-35,3,60
14,-117,53,99,46,-47
-12,-185,55,-107,51,-5
10,-129,45,45,-74,23
-1,-142,47,52,7,-13
27,-152,81,46,69,24
9,-159,32,-96,-17,55
-5,-113,68,1,64,23
13,-120,69,2,80,-95
-3,-134,62,76,13,52
-17,-137,51,29,-2,27
20,-114,81,4,9,43
-2,-132,77,-47,-56,43
31,-110,80,-55,17,9
21,-97,85,-11,51,-48
34,-120,59,-34,30,39
-24,-130,67,-35,32,41
-17,-68,102,-47,47,-22
22,-101,64,-17,-45,-48
-21,-117,65,-12,-34,-18
-6,-67,64,18,-57,52
-8,-127,82,16,41,30
-14,-125,55,-7,-72,-9
19,-124,52,4,-21,14
4,-94,62,20,-56,-4
-4,-74,71,83,17,-32
0,-118,96,103,-33,-51
-16,-111,102,51,87,-6
24,-127,85,3,-9,-75
-9,-109,97,25,28,7
-9,-100,96,-1,-2,48
-5,-86,73,-13,4,30
-16,-95,60,42,-37,-57
1,-129,68,-43,-40,71
-5,-152,94,-28,-30,-45
-1,-156,123,-52,65,-28
-8,-115,94,73,8,1
-31,-90,57,6,-27,-21
-19,-169,70,56,9,18
-5,-147,87,-43,-9,-16
-34,-162,75,-60,83,-37
15,-109,71,8,44,-104
14,-116,72,14,-33,15
-4,-119,52,-41,-106,18
-0,-118,55,-102,71,20
-3,-119,89,-48,58,27
17,-134,113,40,-35,6
51,-166,15,58,-8,-59
-20,-145,71,24,-30,-49
-4,-146,39,64,32,-5
-13,-167,48,-16,-51,1
16,-110,64,-29,16,-30
-12,-179,33,-47,-0,22
-23,-170,19,77,-4,-62
-12,-164,43,-26,-31,14
30,-210,36,-10,-17,-65
30,-199,79,49,8,-38
21,-188,0,-6,7,-33
-1,-194,88,49,16,-38
25,-187,7,-42,28,9
2,-190,12,43,-0,55
-21,-200,41,36,-51,5
-22,-187,20,39,14,-4
-8,-200,-3,2,-14,17
-55,-209,1,17,30,-4
6,-227,-15,94,-15,5
17,-207,32,-2,38,-44
-12,-223,-10,56,56,-11
-4,-224,29,-68,18,6
14,-231,12,44,46,54
-1,-230,4,-30,-3,10
-1,-230,16,-31,26,24
-44,-259,-6,66,-5,16
-12,-233,38,-23,11,-35
-14,-258,-25,-12,-32,-41
-3,-240,-27,73,28,39
43,-269,-14,33,37,22
26,-259,-5,60,-31,-32
-9,-247,25,-106,-43,96
-16,-303,-7,5,53,25
7,-301,-12,58,-60,-5
14,-306,-16,17,-40,38
38,-254,-1,-29,75,17
1,-283,10,65,46,-74
-15,-319,-40,18,16,-61
9,-268,-3,-27,-10,39
-8,-325,-43,36,-33,-15
5,-255,-37,-22,-11,63
5,-323,-42,-31,26,-89
-16,-342,-60,16,28,-17
5,-329,-36,1,-8,-51
-0,-327,-20,-12,6,-7
5,-340,-9,2,-36,17
-11,-335,-53,17,94,-77
4,-343,-28,-20,-51,89
-24,-365,-22,-7,-51,-17
3,-369,-52,0,-17,-30
3,-327,-49,-107,-30,-53
-18,-327,-60,-61,-7,7
-3,-383,-55,-76,-11,50
9,-348,-72,84,19,-50
-7,-329,-4,44,-34,-44
3,-417,-58,-24,35,69
-12,-409,-51,-58,10,21
15,-357,-73,-5,33,71
17,-403,-52,35,9,-21
-12,-375,-59,-3,31,37
13,-382,-76,-2,-22,9
8,-404,-59,-19,-22,58
-16,-398,-59,27,-1,7
-3,-394,-76,57,-34,-2
-28,-367,-48,-81,85,-56
14,-388,-66,-1,-24,40
21,-395,-111,-6,55,-49
3,-404,-61,-67,-119,-52
-26,-421,-97,-13,-26,8
11,-369,-73,-16,-37,44
-22,-401,-80,34,-16,108
3,-402,-84,14,19,2
-0,-383,-103,39,-2,36
-13,-399,-94,70,30,6
36,-427,-76,30,-13,34
-8,-418,-78,-30,-3,73
-7,-393,-98,85,-7,-46
22,-408,-89,7,7,69
-16,-387,-91,-19,40,37
-25,-374,-99,-46,20,-28
-38,-422,-76,7,-45,-9
-26,-434,-71,47,31,36
-6,-410,-91,-14,28,-23
-17,-419,-55,-65,-13,3
-20,-369,-89,-101,15,-42
-24,-397,-17,2,-13,-55
9,-385,-97,-48,81,36
2,-400,-58,4,121,-14
-7,-383,-56,-31,-72,23
12,-394,-86,108,11,-13
23,-390,-47,-56,51,12
53,-414,-60,4,5,12
7,-398,-91,-50,-48,-20
-25,-389,-72,-63,40,-32
13,-381,-55,-1,19,11
-10,-365,-62,-4,-9,-27
-2,-384,-43,46,69,57
-38,-378,-11,39,-44,-40
0,-392,-79,-4,-20,-54
-0,-345,-22,-46,62,59
30,-390,-53,42,-33,39
-13,-363,-93,65,1,40
22,-375,-66,18,-46,15
-7,-329,-18,-83,31,-1
-31,-347,-40,31,-28,53
17,-362,-85,25,3,-27
-2,-360,-30,-104,28,-26
7,-378,-55,-38,70,9
11,-353,-54,30,-50,-10
20,-368,-11,-20,-24,-5
22,-347,-49,-29,-9,-1
-12,-330,-54,-15,-14,22
-25,-354,-41,42,-53,-31
6,-323,0,109,60,-16
20,-354,-2,119,-3,18
23,-326,-26,-14,-42,32
26,-265,-15,52,-17,-6
16,-284,-44,-7,37,-109
18,-314,-69,-23,4,-21
47,-274,-21,-35,-20,-7
54,-292,-22,-23,6,6
-19,-301,-27,-15,44,-80
-28,-282,19,70,-25,58
-29,-276,15,21,-17,-78
4,-233,-28,-4,-18,12
8,-278,-7,22,-10,-11
14,-299,9,-26,33,-9
14,-277,0,32,-42,-11
13,-257,44,5,31,16
-12,-260,11,5,46,1
2,-267,4,12,12,-32
-6,-254,15,-2,-23,40
54,-208,-5,-13,11,-71
-9,-231,45,-15,-60,-51
-10,-234,-12,56,23,2
-24,-211,15,79,53,10
4,-242,17,-3,-70,33
24,-200,34,-12,-21,-34
-12,-233,14,-4,37,-48
-9,-225,37,22,-66,91
16,-197,12,22,19,26
6,-185,53,22,14,-42
7,-157,40,5,-14,53
41,-156,24,1,56,-21
19,-166,52,-38,67,-54
36,-167,46,-52,47,-3
3,-182,15,41,-26,-3
-11,-150,50,-47,-40,5
-34,-168,50,34,-22,-12
-31,-185,50,50,7,33
31,-160,38,2,34,-30
11,-180,75,7,-37,47
6,-131,53,5,30,29
27,-147,48,119,-4,-27
-22,-109,31,-22,28,17
-16,-121,25,42,-14,57
6,-135,50,11,6,-112
-25,-132,72,25,-17,37
-14,-109,39,-77,-56,13
-0,-82,71,121,7,-0
-45,-119,55,55,4,-43
-11,-129,70,28,21,-41
20,-96,64,-26,-36,-26
-2,-145,21,-20,3,15
34,-114,71,-4,-47,27
31,-97,43,35,58,11
-29,-111,73,-27,-31,6
10,-111,126,61,29,8
-2,-114,94,-19,14,3
-3,-139,33,-28,-17,3
31,-85,61,-55,-38,21
-22,-106,65,-10,5,54
-33,-128,79,-43,-5,53
15,-123,74,36,86,-30
-12,-133,94,-17,48,-33
2,-141,65,-23,-45,40
20,-76,57,-6,57,11
-2,-123,100,27,42,53
-3,-117,55,-9,-18,-88
7,-99,110,-42,83,-4
6,-95,60,-83,20,20
-19,-122,116,5,20,-82
-30,-100,88,-15,-41,-19
3,-116,72,53,86,21
15,-93,92,-70,6,-23
-26,-111,61,26,-5,-48
-17,-122,107,8,-22,57
37,-64,100,5,-20,-1
-2,-93,47,-10,-15,48
13,-123,50,-33,61,-37
15,-113,68,-16,-6,-9
26,-110,28,-48,-53,3
-13,-114,46,-47,-11,7
-35,-116,64,48,-40,-40
-7,-118,75,4,-47,-36
-13,-171,47,-2,34,-0
39,-114,57,48,-95,-16
-15,-139,44,39,-58,25
7,-169,48,-12,-37,34
-1,-115,55,32,112,-111
3,-192,53,-33,-26,-19
-12,-148,24,-67,8,48
-7,-187,66,16,-57,37
27,-135,24,46,12,25
8,-138,28,-35,45,-87
23,-175,66,-21,16,-52
12,-147,45,45,23,-3
-1,-194,79,6,-8,-0
-6,-175,55,-79,-17,-22
8,-190,54,126,55,-46
28,-166,48,75,-13,-43
-17,-189,42,-47,36,-37
4,-170,33,76,-15,45
-15,-188,14,64,46,-80
19,-182,44,3,-45,-56
-2,-218,61,-43,4,45
16,-180,-2,30,-13,-7
4,-209,21,-13,-51,-19
-27,-248,28,27,-25,109
-29,-195,-19,-24,0,59
-18,-218,-23,22,31,43
28,-225,20,29,31,96
40,-188,-1,-29,-51,44
9,-230,-1,-36,-72,52
-13,-247,5,33,9,33
-38,-238,-5,51,44,40
14,-250,25,-27,-20,49
25,-247,-4,1,73,28
7,-259,-43,52,-52,35
43,-263,-46,32,16,-64
-39,-277,5,-21,69,32
-43,-268,-2,31,58,-45
-3,-294,-26,-24,-3,-18
-12,-287,-5,-0,50,9
-0,-256,-34,-27,19,-66
-1,-300,-16,-5,-72,52
1,-300,-22,43,-46,-3
-26,-292,-23,-22,6,1
-15,-276,-43,-17,37,-10
-12,-286,-74,-19,16,-3
24,-304,-0,21,10,43
-26,-313,-27,26,-32,-17
30,-312,-31,56,27,-65
-19,-302,-51,-34,29,47
31,-308,-68,72,6,35
1,-339,-43,-88,5,30
-31,-302,-45,62,54,73
3,-330,-45,26,-34,-12
7,-336,-27,-24,-4,4
2,-342,-29,-18,32,-6
13,-344,-58,43,36,0
50,-404,-41,-48,26,-15
27,-353,-41,-97,-57,-10
-2,-388,-28,115,-49,14
-18,-393,-43,44,121,-14
18,-368,-48,2,-45,-29
11,-377,-65,-55,44,4
10,-372,-57,-24,-11,37
-12,-376,-81,14,-12,12
9,-378,-15,-14,27,46
-5,-357,-46,3,43,22
9,-398,-56,-72,-22,10
6,-410,-73,-2,0,-68
10,-428,-80,-56,-61,-23
14,-371,-80,-43,-18,-36
-18,-388,-85,57,-12,38
-7,-395,-65,-29,32,14
-6,-387,-80,-48,14,-2
18,-353,-59,21,-6,-14
23,-398,-68,8,18,-36
-3,-416,-93,-12,-19,-24
11,-406,-56,-9,-37,-13
6,-438,-82,-19,129,17
12,-395,-60,73,56,12
-0,-414,-62,3,50,-40
-17,-400,-57,-39,-40,-7
14,-384,-88,65,-10,-14
-18,-417,-89,-23,53,27
15,-393,-69,-99,42,-32
-14,-418,-92,-15,29,40
0,-400,-112,104,-83,14
3,-423,-71,47,19,-66
10,-364,-64,7,46,-10
-22,-380,-72,28,66,-29
21,-386,-94,2,10,-6
-30,-420,-35,-69,-39,-24
28,-394,-62,19,16,-66
-10,-417,-75,-6,-19,27
-7,-361,-87,-52,8,4
1,-392,-39,-4,-86,-60
-16,-416,-47,45,25,38
-5,-397,-59,1,-2,28
2,-365,-68,-53,-139,15
25,-365,-83,44,24,-42
-2,-372,-37,-41,28,35
21,-380,-54,-11,-7,6
15,-373,-76,50,29,-42
5,-389,-48,6,53,20
35,-374,-59,33,26,-14
8,-400,-61,15,7,30
30,-365,-31,34,55,23
-17,-385,-83,-16,-61,-30
13,-367,-50,17,-49,38
-13,-377,-41,2,4,10
-5,-365,-52,-68,-72,-44
8,-351,-58,-26,-17,23
-22,-370,-31,1,-37,-50
15,-378,-18,-3,53,-94
-3,-317,-57,-44,82,-38
-3,-327,-20,-3,2,35
-10,-352,-50,15,-22,26
-16,-350,-59,12,20,-49
-29,-313,-13,12,-11,11
19,-382,-62,68,22,60
12,-295,-46,4,27,10
6,-332,-50,-11,-41,-49
-10,-311,-41,-55,15,49
24,-259,-11,32,-7,20
14,-302,-53,-27,-30,-32
18,-339,-20,-34,-17,-31
-6,-272,-16,51,16,22
5,-270,-47,-28,9,59
-25,-271,-4,-37,9,25
22,-288,34,93,46,46
21,-278,48,28,-71,-4
-17,-255,-20,13,-42,82
-2,-250,-17,-14,-35,44
11,-269,-24,-49,33,-22
9,-267,-10,42,21,-6
1,-221,22,-70,9,31
-8,-252,-55,7,58,13
3,-225,-12,64,-1,-62
-1,-234,23,42,-23,-21
-7,-234,4,6,32,23
0,-252,21,-66,-46,60
-17,-230,6,1,15,15
-23,-194,35,-18,59,-47
14,-219,19,-41,-64,58
-12,-223,44,-25,-65,-47
-19,-204,16,18,22,37
18,-211,58,-17,-55,37
-7,-163,42,-7,-87,-41
15,-180,18,-36,-45,74
17,-182,7,27,-68,46
-2,-175,47,-42,53,-29
-22,-191,43,13,-78,-9
4,-191,78,-3,-27,-41
-26,-179,53,-66,-36,-10
-28,-144,40,-16,68,15
13,-174,71,27,-85,-16
8,-185,54,-15,27,23
-14,-155,69,7,4,-39
9,-174,28,-29,-46,-71
8,-129,66,-63,31,39
-9,-148,84,-5,-37,-60
-31,-151,93,27,53,-5
9,-112,94,-78,-2,47
28,-147,17,-30,-14,-48
1,-151,52,19,29,-44
6,-152,64,-63,105,-35
17,-123,37,5,40,-54
-5,-130,90,17,-28,60
5,-113,61,-19,58,-23
-7,-128,66,47,-57,-59
-27,-116,40,-83,-72,-13
-7,-86,85,-41,-3,10
2,-107,58,-51,-2,38
18,-117,32,2,35,-11
-28,-125,91,-42,47,-64
-8,-83,65,0,32,40
19,-107,94,7,-66,15
-7,-122,81,34,-22,-35
-27,-129,84,26,-13,-29
46,-108,45,18,28,-6
36,-96,63,-47,-5,39
-11,-147,81,-70,40,39
-18,-117,73,-18,73,-61
-11,-115,71,52,-9,-68
-1,-90,79,67,4,51
29,-132,78,-13,46,-51
7,-97,95,36,-37,-3
-25,-128,71,2,43,4
31,-122,100,38,25,21
8,-89,84,36,34,-21
4,-102,103,-42,34,64
-26,-156,95,6,13,81
-22,-111,99,-3,-93,-62
-35,-72,87,33,-11,-52
9,-99,65,-37,47,34
9,-124,93,54,-15,-13
11,-112,71,62,35,4
-21,-140,103,7,82,64
9,-110,51,-59,-2,-25
13,-99,66,-47,-49,24
-3,-130,53,-1,-15,53
29,-123,74,-19,37,-51
-71,-138,75,-28,48,-14
23,-110,74,-55,27,-13
-38,-100,53,-2,7,58
-9,-170,84,-38,-83,-25
15,-179,67,11,-34,-80
-11,-133,31,25,-18,42
-1,-179,69,-11,20,-18
6,-189,58,37,13,-39
-19,-191,16,51,-53,-1
-49,-167,34,-3,20,22
8,-153,-10,-61,36,40
9,-173,70,-43,-8,24
13,-156,25,27,48,58
19,-179,66,-5,11,110
-6,-156,37,-35,39,-26
24,-182,27,-33,73,11
-14,-184,26,-14,69,-38
-11,-220,11,-35,-13,7
-19,-188,20,25,-49,-0
16,-182,28,2,36,-25
21,-219,-1,40,3,-59
-9,-226,25,-62,-18,25
19,-221,6,30,-40,5
17,-183,26,86,8,77
-28,-227,21,-7,51,-16
13,-222,23,58,27,-9
-18,-239,2,7,12,16
-17,-210,37,-12,-18,28
-5,-223,-31,57,-26,-64
-14,-230,19,-15,6,36
-30,-231,-24,-63,92,5
-23,-226,11,-44,9,51
-16,-263,-5,-35,-24,9
-8,-283,29,-19,21,-46
45,-272,-5,-33,-6,24
16,-277,19,30,-29,-39
-25,-290,-27,-35,-8,12
7,-251,33,84,34,46
-12,-320,-24,-17,12,-31
26,-267,-13,-10,-38,-9
13,-300,-32,19,-11,19
6,-293,8,-20,45,19
-14,-261,-5,-18,-37,34
-9,-301,-13,36,7,-54
-14,-300,-38,-23,32,23
-31,-290,-23,-54,2,-45
-11,-303,-51,-0,14,8
4,-348,-27,-3,-48,25
-5,-352,-16,-18,43,-69
-9,-320,-46,8,-29,-40
-11,-318,-40,-30,-31,-0
12,-346,-45,-116,12,-17
-12,-361,-41,19,6,16
-14,-333,-60,9,32,1
-31,-356,-81,1,22,-5
21,-407,-49,39,-20,-21
-39,-380,-51,7,52,13
39,-335,-32,-3,59,21
-15,-360,-67,-72,-46,-40
1,-386,-42,-4,-31,54
-12,-397,-67,-44,-30,19
14,-409,-99,-51,-13,-18
-39,-418,-69,-30,-4,22
4,-384,-56,-42,-40,-29
22,-413,-34,-9,39,42
1,-404,-71,-17,13,24
1,-421,-65,34,70,-25
-8,-412,-74,36,25,4
4,-404,-67,-17,50,-76
4,-417,-81,-47,-58,-24
-19,-405,-82,74,-18,-20
2,-417,-82,44,16,70
57,-379,-79,-1,37,16
-21,-386,-96,-50,-6,-98
11,-418,-86,-10,30,-6
15,-425,-44,-51,10,82
36,-381,-96,0,-17,54
1,-414,-67,-11,56,-73
6,-391,-84,-12,59,3
16,-392,-58,-5,19,20
-10,-398,-76,35,10,-17
9,-403,-53,-8,-70,22
-10,-388,-78,35,-55,19
7,-384,-84,63,56,21
5,-398,-71,-18,-69,-51
21,-397,-54,38,7,66
-29,-421,-69,9,28,48
27,-438,-74,-21,67,45
13,-384,-58,10,-11,55
-14,-394,-27,-36,36,-25
25,-462,-84,6,-30,7
9,-396,-47,-61,-11,-46
12,-421,-64,-28,12,35
0,-422,-45,-6,11,14
-10,-359,-80,5,-11,34
26,-388,-52,-24,38,-15
7,-397,-71,-45,63,56
32,-420,-34,26,-15,-66
23,-408,-53,18,-33,69
0,-390,-69,50,-26,17
4,-402,-62,-67,-31,-53
-3,-316,-60,1,-55,7
-17,-365,-60,-12,-26,22
-16,-365,-65,-47,26,15
12,-383,-77,4,-23,-35
-8,-410,-77,18,13,-5
-10,-380,-46,44,-2,58
-11,-366,-50,33,15,35
21,-340,-51,-16,45,-14
-20,-375,-27,-77,9,-71
-2,-343,-56,-74,-49,55
1,-386,-79,82,53,-1
-21,-333,-36,-28,-8,-20
-6,-323,-53,35,70,16
6,-351,-16,51,31,40
22,-311,-73,31,-35,31
-6,-305,-30,4,40,30
-24,-287,-44,5,-2,48
-4,-323,-9,-6,-16,26
24,-286,-9,-27,1,52
-6,-302,-18,-46,19,44
-10,-334,10,-5,48,-19
-7,-307,-23,98,-23,-10
21,-286,-48,7,-35,-38
-24,-278,-41,-10,7,-4
13,-239,27,-60,-5,-42
17,-305,-3,30,12,-8
2,-263,-4,20,-50,54
8,-251,-16,-74,-2,52
43,-243,51,-11,31,-7
-24,-268,34,-66,-44,21
-10,-214,20,54,-14,-14
-10,-222,-6,11,2,26
-7,-214,-24,27,-36,49
23,-240,-6,-69,-81,-21
2,-235,36,-16,11,42
22,-226,18,-31,91,94
8,-232,21,7,-20,-32
-13,-224,45,-46,8,37
-49,-218,21,-6,42,-13
-5,-218,-6,56,-20,10
-18,-206,-5,16,57,4
-33,-249,34,-100,51,-1
20,-190,39,-23,58,-57
12,-233,35,46,46,17
-2,-167,-3,-25,19,-27
20,-193,39,62,-24,96
6,-188,62,1,-54,-42
31,-176,27,-36,25,-32
-18,-136,14,13,87,3
-16,-154,71,-3,14,-13
-20,-192,58,14,44,7
-15,-179,44,-1,11,-5
18,-176,47,-24,-91,-29
-63,-120,62,-13,23,-13
20,-202,28,70,22,56
-11,-154,35,-67,33,-76
-8,-148,27,60,97,-25
27,-115,74,58,-7,25
-13,-154,57,-4,-42,-36
36,-126,39,-45,35,-67
-11,-144,43,-27,24,-68
13,-149,66,32,102,20
39,-101,33,-7,-8,-3
24,-126,56,36,25,-61
20,-123,58,2,-7,54
-22,-136,77,-6,-43,34
-12,-116,43,41,65,-18
-32,-105,58,-2,-2,34
31,-127,47,40,23,42
-51,-128,75,27,-39,53
-2,-92,23,1,-16,-15
4,-107,69,24,-38,18
-0,-110,72,-34,-23,-51
-26,-144,77,-8,12,-74
-4,-92,91,-36,-4,59
-8,-100,95,31,-38,-13
17,-108,72,-42,66,37
12,-108,69,13,-48,15
-2,-98,34,-22,9,14
40,-92,73,-5,2,28
-13,-96,73,54,28,10
-18,-117,93,45,-108,-9
-17,-138,50,50,61,21
26,-100,84,30,38,-19
-14,-99,44,18,-67,-10
22,-108,112,45,-58,-23
1,-100,64,-21,-14,26
-22,-77,75,-5,-48,45
10,-129,61,-41,-59,-49
-22,-125,50,-2,2,-48
-2,-129,50,-62,-7,50
15,-106,71,-4,-24,-3
12,-115,71,19,-45,24
3,-110,109,-6,-66,-21
16,-88,60,-13,-61,-1
9,-130,50,-47,5,-18
14,-156,79,21,-20,-27
23,-131,67,41,57,-32
-9,-118,26,34,-56,-70
-5,-133,63,71,-13,-12
-12,-118,96,49,70,-7
-11,-100,53,-17,49,27
-16,-177,89,-56,-36,-47
-2,-133,52,-15,-62,-6
35,-136,26,-2,13,-17
1,-139,65,93,22,-92
-33,-159,64,11,-38,15
19,-156,54,-19,-2,-61
11,-164,55,77,-46,70
4,-184,12,-4,16,-26
-1,-178,53,40,-62,56
-3,-181,57,21,64,15
-12,-159,61,-34,-52,8
12,-173,31,-49,33,13
-7,-156,49,10,-27,25
45,-200,53,-13,-48,-50
-10,-198,24,33,-18,-26
-39,-208,35,-17,30,-6
11,-237,26,-8,26,5
-12,-213,21,21,6,45
3,-219,34,34,19,16
-51,-251,6,-29,-10,-67
25,-240,41,-26,-10,-60
12,-158,27,-21,33,-9
-13,-247,24,-65,40,-17
-24,-202,22,6,7,-33
-1,-189,49,-18,53,74
15,-260,45,-18,-22,75
25,-237,28,-48,5,-40
32,-253,10,-25,-28,-25
-9,-216,47,-58,-69,-17
18,-261,-28,-12,-30,-27
-36,-249,-33,34,-81,23
17,-286,-2,-23,-30,-46
19,-266,-27,77,0,42
9,-266,-11,-65,10,26
19,-253,2,-103,5,-33
32,-318,-21,-9,104,8
-5,-274,-30,78,-32,32
-13,-258,-37,-90,24,-32
-53,-300,-23,-48,-10,-39
5,-296,-56,-84,-51,-6
1,-321,-22,90,13,-68
11,-316,-39,0,-33,15
37,-323,-66,16,4,36
2,-321,-52,39,26,-27
-12,-354,-55,-22,16,27
20,-332,-53,-11,24,8
-0,-342,-55,-21,-17,-82
14,-345,-42,-53,-28,-38
18,-332,-30,-4,24,41
9,-320,-12,-4,66,14
-2,-383,-42,-19,-105,33
1,-358,-65,-48,-66,-20
-34,-377,-58,43,67,-23
-14,-344,-67,-4,-6,13
14,-374,-58,78,27,-19
-10,-358,-56,23,50,28
49,-365,-76,-48,-10,21
1,-380,-55,-23,5,27
-2,-350,-73,-57,-71,55
21,-385,-62,-31,6,28
8,-404,-113,-31,-30,16
12,-349,-78,-48,22,-61
-0,-390,-55,37,-10,-40
21,-404,-50,-35,-13,10
17,-386,-39,48,-17,-4
-17,-374,-77,49,-5,-9
33,-381,-100,-49,59,61
2,-377,-65,31,33,-41
10,-398,-64,36,-33,16
-34,-388,-57,0,57,-9
40,-401,-49,-92,-10,33
-9,-403,-91,15,-26,-35
42,-400,-117,-18,-50,36
-1,-445,-100,12,-19,32
32,-409,-63,-18,49,-38
-3,-386,-84,-1,-12,57
-31,-395,-74,15,-49,22
12,-433,-67,73,7,-14
8,-374,-39,28,40,-43
-21,-385,-96,44,58,38
-7,-383,-73,-55,-54,-38
10,-429,-68,-21,-23,-36
12,-400,-67,-59,-13,5
-5,-404,-79,12,-63,32
1,-417,-96,-120,-23,-1
19,-407,-57,42,30,20
6,-396,-52,-60,-6,15
-3,-369,-74,31,22,-48
-6,-366,-46,104,-64,4
-19,-378,-83,21,29,-26
16,-375,-59,37,29,17
29,-377,-21,88,-26,-54
-21,-377,-71,-31,8,-27
-30,-374,-82,39,16,-27
-1,-377,-37,-23,-81,4
-24,-369,-55,-27,11,56
49,-392,-74,-14,8,-53
1,-368,-58,-7,-10,27
-24,-392,-30,1,5,50
-27,-338,-90,7,-14,61
-0,-330,-64,-39,8,39
-54,-386,-62,-22,-5,5
13,-356,-47,-38,22,16
-5,-358,-57,-32,-5,64
17,-334,-79,38,40,-67
9,-363,-31,66,-7,6
4,-333,-10,24,1,72
6,-335,-43,-0,-42,-1
31,-363,-40,-41,6,-45
2,-347,-65,37,-5,49
-28,-357,-77,-29,-10,-7
-34,-355,6,-84,-49,50
19,-352,-40,-59,-7,14
2,-289,-16,41,33,-42
-7,-337,-56,49,62,19
29,-302,-11,13,3,-54
-24,-293,-44,-23,-8,33
13,-321,-35,-48,-89,17
0,-310,-8,39,-8,-18
-2,-312,5,18,1,25
-17,-303,-8,-10,-27,-38
16,-268,-19,14,-28,8
11,-264,-18,30,60,33
7,-286,-7,-21,37,-64
-1,-277,3,48,-11,-5
19,-281,1,-4,14,27
27,-281,-11,-8,-1,12
5,-234,8,91,68,38
-6,-275,23,-9,22,6
-29,-248,3,-131,-42,98
-31,-243,22,-27,35,-8
13,-212,43,-34,-19,1
-5,-225,11,-19,23,59
-24,-242,19,93,-39,-24
-9,-247,22,-48,45,-20
-10,-218,-14,104,35,-3
-13,-225,52,-63,45,-33
25,-237,12,-49,-8,31
29,-222,26,35,22,-23
-15,-223,16,17,-31,37
26,-201,49,-1,-0,-16
-7,-202,39,5,-88,-68
12,-195,26,-117,65,40
-13,-224,38,-47,-19,11
-13,-198,43,-2,-25,-2
46,-177,48,-15,40,1
-15,-141,50,32,17,-5
11,-201,82,37,-26,-44
-3,-177,49,3,-54,60
27,-185,33,-10,1,-9
3,-168,79,11,36,66
-17,-149,72,23,20,6
-14,-147,43,34,-58,32
-6,-184,41,-37,-22,18
10,-180,47,3,33,-16
-17,-163,67,-82,-37,-10
-14,-118,48,57,-43,-51
-48,-135,49,14,19,21
14,-142,69,-35,29,-92
3,-156,47,58,73,-28
-8,-131,74,-14,8,-12
29,-107,37,-65,24,-4
35,-109,69,40,-12,9
-11,-135,42,-36,-2,14
-12,-105,46,39,32,-12
-37,-123,72,20,116,-8
-2,-132,90,65,10,-10
15,-138,54,-1,97,103
-11,-117,95,7,-10,-4
-17,-140,86,24,26,-51
26,-103,110,34,40,-55
8,-97,38,1,-12,-71
-10,-110,47,-9,41,30
-8,-90,39,-39,-9,-49
27,-111,88,43,-1,12
3,-97,73,-29,70,52
-9,-102,70,-32,-18,14
-36,-117,70,-7,-25,18
-6,-112,53,62,-62,-1
12,-106,82,-38,-16,21
-14,-115,112,-10,-20,14
32,-119,54,8,-35,-12
20,-115,61,47,-7,51
7,-108,95,101,5,-16
-20,-128,72,-18,-33,21
34,-153,70,44,98,10
-6,-114,99,4,10,-24
-14,-73,59,2,-4,39
29,-94,86,-71,34,-13
-0,-116,44,16,-32,55
-8,-91,57,9,27,31
-24,-128,93,96,-11,-19
-23,-158,83,17,49,4
-15,-118,69,11,36,62
-13,-122,48,-22,2,30
-8,-128,53,-11,85,-1
-20,-153,85,-39,3,20
-5,-132,30,51,-31,-7
1,-135,84,-13,30,38
16,-140,54,31,-34,37
23,-134,47,-20,5,-22
7,-144,91,-12,72,46
-48,-131,67,-18,-5,91
24,-117,49,25,-26,-79
-9,-148,42,-61,-53,-63
11,-158,28,-22,-13,-1
15,-121,43,-15,-23,-17
32,-176,21,-62,83,-57
-25,-145,56,11,-19,6
9,-180,56,-10,-3,11
0,-217,23,36,69,4
-32,-181,89,-16,-11,-17
-20,-164,37,-43,72,26
10,-182,58,-65,-7,15
25,-195,33,-23,-6,-33
8,-190,54,-29,15,-21
11,-228,27,-51,33,-6
-28,-193,21,30,-24,-39
9,-216,17,14,15,21
-30,-208,77,-6,30,-41
-7,-197,14,-20,-3,41
-10,-238,14,-70,7,15
-26,-254,29,5,-49,-15
9,-214,-30,53,75,35
-29,-222,41,-12,42,17
10,-211,13,5,35,-19
25,-226,19,-36,-19,22
-6,-241,16,41,88,21
0,-261,5,-15,28,-48
8,-265,-31,-11,16,42
14,-258,15,-45,26,-66
13,-268,-13,17,-24,21
-19,-265,-41,4,-57,36
-37,-316,-24,-28,-5,27
27,-296,-34,5,79,-24
-4,-272,-14,-19,-11,-32
-3,-290,-32,9,30,58
18,-325,-37,-38,-28,56
10,-287,5,-12,30,-56
13,-290,-5,-19,11,-6
12,-316,-25,-11,61,-44
-35,-245,-29,-39,38,70
14,-334,-32,-20,31,-13
-3,-288,-82,-13,42,12
-12,-345,-60,-16,-55,-54
15,-341,-41,-16,-29,-91
-12,-349,-44,59,79,16
-11,-357,-45,-23,-13,-72
21,-375,-44,-66,-17,37
-12,-363,-62,110,-4,-35
1,-0,-2,3,-5,2
4,-2,-1,0,-2,11
-0,-0,-3,2,-6,0
2,-1,-3,1,-1,6
-0,2,-0,-2,-8,2
3,1,2,2,4,4
-0,1,3,-1,5,1
-0,1,-1,6,5,-4
2,0,-3,7,1,5
4,-1,1,7,5,6
-5,-2,0,-3,0,-6
2,-1,1,4,-0,-1
-1,0,-3,7,1,-12
0,-3,-2,10,6,10
-0,1,-4,-5,6,6
-2,-2,-4,5,-2,-3
0,-1,3,0,-2,3
3,-1,-3,11,-6,6
-2,3,3,-1,3,1
1,-2,-1,0,2,-2
13,-639,-495,2742,1294,-670
353,-439,830,3111,101,584
1865,957,50,4199,1909,2492
290,117,-59,5957,-3293,-373
854,813,577,8302,-1539,-1508
302,1322,495,11124,4816,-1154
1270,1351,359,14291,1458,3257
1661,1429,373,17656,-208,-2130
1394,2170,1029,21060,-2139,-537
1403,2183,1634,24346,18,1397
490,2804,1272,27358,-3369,-1466
962,3027,1539,29957,1566,798
690,3590,1250,32020,-1867,600
1825,4387,1552,33451,1260,-2994
1276,3314,1245,34184,376,-2833
1186,4876,1691,34184,-63,2874
2183,4123,1286,33451,-1760,-2136
1839,4218,1455,32020,-1473,232
1166,2852,1747,29957,-3406,1177
1633,1835,-85,27358,-1315,550
1515,2430,1018,24346,-889,-1522
1005,1918,1126,21060,-1143,780
1073,1610,454,17656,-577,1910
735,1604,814,14291,-230,-279
935,1271,287,11124,-1360,778
1246,1083,219,8302,371,2555
757,742,-210,5957,1194,3295
343,1396,-603,4199,1356,2321
-95,-47,434,3111,3850,-1518
289,-299,935,2742,-3862,-703
4,1,254,2,1,2
12,4,250,1,-1,-0
4,-7,259,2,-1,-1
-1,5,257,-1,-5,-1
4,-6,258,-4,1,0
-9,-5,270,0,-3,1
3,0,248,-0,-1,-2
-3,10,257,3,2,1
-1,3,254,-1,0,-1
0,-3,256,1,1,-2
2,4,256,1,-2,-1
10,-2,256,-2,-2,4
2,2,252,-2,-2,-2
-6,7,252,1,2,1
-0,-2,256,-2,-1,-1
1,4,265,0,-0,-2
1,-5,257,0,3,-2
-2,-5,261,-2,-2,-3
7,-6,262,-0,0,2
1,3,252,-1,-0,-1
0,2,252,-3,-4,2
-2,-1,260,-0,-2,2
-0,-7,260,1,-2,0
9,2,259,-1,-0,-1
-2,7,250,0,1,-0
6,1,245,-0,-1,1
-4,10,258,2,2,-2
-5,-0,256,2,-1,-0
0,3,258,2,-1,1
-0,-6,259,1,-2,-1
-8,10,260,-3,2,2
1,-7,261,-1,-2,1
-1,-1,255,2,0,-0
3,-2,253,3,1,-1
-2,-0,252,-1,-4,-1
1,-1,265,-1,3,-5
-0,-1,248,-4,-1,-0
-2,-10,266,2,2,-2
1,-5,246,1,-2,-2
11,-2,249,2,-1,-1
-7,-3,256,-1,-2,-3
-8,2,264,1,-1,1
6,-7,250,3,3,1
-2,6,252,1,2,-3
8,-2,267,-1,-1,-3
-7,-8,258,1,3,-1
-2,-7,254,-1,-0,4
7,5,249,2,-1,-1
2,-1,261,-1,1,0
-1,1,257,-1,4,0
2,3,255,-2,1,-1
8,-3,258,0,1,3
6,-3,261,0,0,-1
12,4,255,0,0,-1
2,-6,260,-2,-2,-2
1,2,251,-0,-5,-5
7,3,255,-1,0,-1
-6,-1,264,1,5,0
1,-7,253,-1,-1,1
-2,-0,262,-1,0,1
-9,4,256,1,1,-2
0,-6,262,-2,3,3
-2,0,249,-1,-2,-1
-8,0,258,-1,-1,2
-2,8,255,-2,2,2
-1,-1,257,-0,-0,-0
-6,10,256,1,1,1
1,-4,257,1,-1,-2
-5,-3,260,1,0,1
3,-5,265,3,3,1
-2,6,253,1,0,1
-2,-2,265,-1,-1,2
-4,5,265,2,-1,-1
4,6,260,-1,2,-1
2,-4,254,2,-3,-0
1,11,262,0,-1,-0
1,4,265,4,-1,-0
-6,-14,259,-1,-1,0
7,-1,255,1,-2,2
-1,-8,256,2,2,2
10,-5,259,2,-2,-1
-1,-2,256,-1,-6,2
-1,-1,264,3,5,2
-2,-7,253,2,-2,1
5,-1,253,0,-1,-3
-1,4,258,-1,1,-0
4,-4,251,2,2,4
-4,3,255,3,5,0
-1,3,259,-2,-1,-1
8,-3,260,-1,5,-2
-0,3,262,-0,1,-3
4,0,258,-2,4,2
4,-4,255,2,-2,1
8,0,259,-3,-1,-0
-1,9,254,-3,-1,-6
-3,1,252,-3,-1,2
11,-6,261,3,0,-0
8,5,249,-2,-0,-2
-7,10,256,1,-0,2
-2,-4,257,2,-0,0
5,-2,256,2,5,2
1,6,251,2,2,-1
-3,-3,251,2,2,-0
5,-2,258,3,1,0
-1,-0,260,-2,1,6
7,7,255,-1,-1,2
-7,2,259,1,1,0
2,-14,261,-1,2,2
2,6,258,-2,3,-1
-6,3,254,-1,-3,0
3,-2,253,-1,-0,-3
-5,-1,256,2,-0,-1
5,9,255,-2,1,-0
9,1,254,3,3,-1
1,-5,252,2,-2,-1
-6,-1,256,-0,1,2
2,7,253,0,-0,2
-1,-5,245,-4,-2,-2
-5,-7,264,2,-0,1
-0,1,255,0,-6,-1
-3,0,243,-2,-3,-2
10,3,261,-2,-3,-1
5,3,259,2,-1,1
4,-8,248,-4,-0,-1
5,-2,262,1,0,2
-1,-1,255,-0,2,4
3,0,255,-4,0,1
-2,3,252,3,4,4
-7,1,257,-1,2,-0
-3,1,251,0,-1,1
-8,-1,256,2,-4,-0
9,-3,255,3,-2,0
-0,-11,258,-0,3,-3
1,1,261,2,-1,1
-9,-4,255,1,-0,2
0,0,266,-3,1,-1
0,4,253,-0,-0,-0
3,-6,253,1,-1,-1
-4,-12,256,-3,-3,2
-3,1,264,1,2,-1
-5,0,259,-0,3,-1
-3,-5,252,1,1,1
-12,2,250,0,1,-0
-5,3,258,-1,1,2
7,2,261,-2,-0,3
2,6,271,-5,0,-0
7,-1,248,-2,-1,0
2,-13,255,-1,0,1
-2,1,261,-2,-4,-1
-2,-9,259,-1,0,4
-5,-6,256,2,-0,0
-3,4,255,-4,-1,6
2,-4,262,-3,1,2
3,-6,248,1,1,-1
6,-0,260,2,-1,-4
-1,3,253,-3,2,0
5,-9,254,-1,-2,-1
7,-6,251,-3,-2,-1
-0,-4,256,3,-2,-1
0,2,252,-3,-4,-2
9,-4,264,3,-0,3
3,3,257,-1,-4,1
-3,0,265,-2,-1,1
2,4,256,1,1,0
-4,3,264,3,0,3
8,-7,268,3,-1,-1
9,3,258,0,0,-0
10,-4,256,-3,1,1
6,3,251,-1,-1,-1
-1,-16,262,3,1,-1
4,6,259,-0,2,-2
-1,-8,257,-2,3,1
5,1,255,-3,-1,2
-12,5,253,-1,1,2
6,-4,257,1,-4,-1
-6,-5,252,-1,-5,-3
-7,-6,261,-1,-2,0
-7,2,251,1,-2,2
-7,1,261,-1,-2,-1
-2,9,246,-2,3,3
1,-2,260,1,-0,3
10,-3,266,0,3,-0
-7,4,258,0,-2,3
4,3,253,4,2,-1
-0,0,250,2,1,-0
2,-4,259,-2,1,-1
-10,-3,256,-1,2,-1
-0,1,254,0,-4,-5
4,-2,264,-0,-1,0
-0,4,244,-2,0,4
-3,4,264,-5,0,-5
-1,-2,255,-1,-1,-1
2,3,260,-0,3,-3
-0,0,259,-1,3,-0
3,-1,248,-1,-1,-2
7,-3,251,-2,2,3
6,-7,247,-2,-2,-1
2,6,249,2,-2,-2
-1,-3,263,1,0,-1
-7,4,253,4,1,-2
-4,5,263,1,-1,2
-7,10,259,4,2,-3
5,16,260,-0,-0,2
-2,4,256,4,3,2
8,1,262,3,-2,0
-9,-3,258,-5,1,-1
-3,1,249,2,-1,-2
2,2,251,2,-2,-0
-1,3,258,-2,0,-3
0,3,258,-0,-0,-2
5,3,254,3,-0,-1
6,-3,249,-1,2,-1
4,1,260,5,-1,1
7,-7,255,2,2,1
8,-5,255,-3,1,1
0,1,260,-2,2,-2
-2,-0,254,3,2,1
4,9,257,-0,-0,1
-2,-10,254,-5,3,1
3,-3,255,0,1,-1
1,8,254,0,1,1
2,1,260,1,2,-1
-1,-13,258,-0,2,3
-4,-0,254,0,-2,3
-1,-1,244,0,-0,1
-6,1,252,-2,4,2
1,-4,261,-2,-1,-2
-1,-2,260,-5,4,3
5,2,252,-1,-0,-2
-9,-1,261,-0,1,4
3,-2,262,1,1,-0
-3,-6,253,1,1,1
-1,-5,256,2,-0,-1
-4,-3,258,-2,-1,3
1,-11,252,-2,-2,-2
-3,-12,255,1,-2,0
6,2,257,-5,3,-1
7,-2,251,-2,3,-2
-5,7,255,-2,-2,-1
0,9,260,-1,1,6
-9,-5,264,-1,-2,-3
-3,3,261,2,-1,-1
3,-3,244,-2,1,-2
3,-3,252,-1,1,0
-0,-1,251,-0,1,-0
-6,-6,255,1,3,-0
-8,-11,252,2,-1,-1
-4,4,250,-1,-0,2
2,-9,258,1,2,2
2,1,257,1,-4,2
1,7,259,1,0,2
0,-2,249,-3,3,1
0,7,253,2,0,-2
1,-6,252,-1,-1,1
3,2,256,3,-1,1
1,1,250,3,-1,0
9,-5,249,-2,-3,-0
6,-7,258,0,2,0
-6,-2,259,3,-3,3
4,-1,253,-0,-2,0
-4,-2,257,-3,-3,2
-8,-4,266,4,1,1
9,-4,253,3,2,2
-3,-4,253,2,1,1
6,4,250,-1,-0,-2
-8,9,261,-3,1,4
5,-4,255,1,-1,-0
-6,-0,251,-1,1,-0
-3,4,258,-0,-4,-1
-3,2,254,-0,3,-2
-4,4,256,1,-1,-1
4,5,254,1,2,2
1,-2,255,2,3,-2
-6,-4,262,3,-1,2
1,6,250,1,-1,2
0,-3,255,2,-1,1
0,-4,265,-1,2,3
2,10,257,0,2,-2
-0,11,249,2,-1,4
2,2,253,-1,1,0
5,3,245,1,1,-1
2,12,254,0,-1,-3
1,-6,260,1,2,-0
5,2,260,2,1,-2
-4,-1,259,-2,-1,1
6,-1,258,-4,-2,2
-3,-1,257,0,-3,-1
5,-1,258,-0,5,0
-2,7,266,2,0,-2
6,3,263,1,4,-4
1,0,261,-3,1,2
-1,-3,255,-1,0,1
-4,2,256,-1,2,-1
-3,-6,257,0,1,2
1,-2,257,-4,2,-1
-2,-2,259,-0,3,-3
-0,-2,265,-2,-5,-2
5,-1,258,-3,3,-1
-2,5,253,-1,-0,1
-9,-1,263,2,1,-1
-2,0,259,-0,3,-2
-4,4,255,-0,1,0
-9,2,252,1,3,2
-8,4,256,0,2,1
-2,-10,254,1,1,3
-1,-4,258,3,1,0
-1,-6,255,-3,2,2
-1,-1,256,-4,0,1
5,0,261,-0,2,-3
-3,-4,254,3,0,-2
0,-9,253,2,0,2
-2,1,248,1,0,-3
-14,-2,255,0,2,-0
5,-4,253,-0,2,-0
8,3,258,-6,-0,0
-6,2,257,1,-1,-2
0,-3,251,3,3,-1
-2,0,250,1,1,-0
4,4,260,-1,1,-0
0,1,259,1,1,1
-3,2,253,2,-1,2
4,2,249,-0,2,-1
4,-1,253,0,-0,3
1,2,261,0,3,-1
3,-4,255,1,-1,0
2,-6,266,0,-1,-1
0,2,256,-2,1,0
-1,-1,262,-2,2,0
-9,8,258,2,1,-2
4,0,262,0,1,1
-3,5,257,1,1,-2
-4,6,252,-0,0,-1
-1,3,257,1,-1,4
6,-6,255,-2,-3,0
-7,-3,263,3,1,3
6,2,261,-1,0,-2
-3,-6,256,-1,-4,-1
6,1,255,2,-2,1
4,4,256,2,-0,0
2,2,256,0,-1,-0
-3,-10,256,-3,0,-2
4,-6,250,-1,-1,-3
-3,-1,264,-0,2,-2
5,0,250,1,3,-0
2,7,249,2,5,-6
8,3,263,1,-1,-2
-1,4,262,-2,2,1
5,2,256,-2,-1,-0
-8,-13,252,-2,2,-1
-1,-12,261,1,-3,-3
-4,-0,255,-2,-0,-2
3,-3,255,4,1,-0
1,-1,257,-1,2,0
-8,5,259,0,1,3
0,3,256,-1,1,1
6,9,252,-0,2,-1
-3,2,262,2,2,1
-2,-6,254,3,1,-1
1,2,264,1,-2,2
1,3,257,2,-5,-0
3,2,252,1,-1,1
10,-2,254,2,-0,1
-1,6,261,-1,-2,-0
5,-2,254,2,-1,4
1,-0,249,4,2,-2
2,12,257,-0,1,2
1,1,258,-0,2,-1
-2,-3,257,0,-2,-1
-0,-1,256,-1,-1,-1
-5,-2,258,1,1,-3
2,1,263,2,2,-3
1,12,253,1,-3,1
-7,-8,260,1,5,1
2,7,260,-1,1,-2
5,-9,260,-1,-0,3
3,-2,254,0,2,-1
2,2,253,-3,-3,-1
3,-5,259,1,-1,-3
-1,3,246,2,0,-3
2,9,259,-1,2,4
-1,2,251,-2,-1,0
1,12,251,-0,1,2
-3,9,247,2,-0,1
-3,-4,256,-0,-1,1
-1,0,255,-1,2,-0
-4,-2,254,-1,1,1
1,1,256,4,-0,2
1,5,260,-2,-2,1
9,-3,259,-1,-2,-0
5,2,262,1,-1,3
2,1,262,-2,0,-3
3,-1,254,-0,1,-2
-8,1,264,-1,0,2
-6,-5,257,1,-0,-2
-8,-3,259,-1,-1,-3
7,-3,259,-1,-1,-0
-7,-1,252,2,3,0
1,-3,250,1,-4,3
-9,7,260,-1,2,-1
6,5,259,-2,0,-1
1,4,259,2,6,2
-1,5,255,-1,1,-1
0,-2,255,1,4,1
-3,-3,259,1,-1,-0
-5,4,255,1,0,-4
3,1,266,-0,-2,4
-9,10,259,3,-2,2
-2,2,249,0,-1,-3
-4,-4,259,1,-2,1
-3,1,252,1,2,-1
-2,-6,259,-3,1,2
0,-8,257,-3,1,3
0,-7,254,-3,-1,0
0,-1,253,2,-3,1
-5,5,258,-3,1,1
2,-7,270,-1,-1,-3
4,-4,258,-4,5,1
-2,-3,257,-0,-3,2
-6,-2,254,-4,-1,2
8,-5,253,-4,-0,1
2,3,254,-2,-2,-4
1,-8,260,3,-2,-1
4,-0,257,3,2,-3
-2,1,252,-1,1,0
-3,-1,249,1,1,-1
4,-0,254,-2,-2,-1
-1,0,250,-2,-0,-2
-0,7,257,0,1,-4
11,-2,252,1,2,1
6,5,246,3,-2,-4
-2,5,257,1,-2,-4
-2,-3,255,-1,0,1
1,-4,259,1,0,-1
-1,15,255,-2,2,1
2,1,259,-2,-1,0
-2,9,243,-1,0,3
-2,2,260,0,-0,-0
8,-3,255,1,2,-1
-3,1,264,-1,-1,-2
5,-9,257,2,-0,1
2,-4,251,4,2,3
-3,-1,251,-3,-2,4
-2,-4,255,1,0,1
2,-4,258,2,-0,-0
3,3,257,1,-6,1
7,7,259,3,-1,2
-4,-3,258,-2,-0,-0
1,-2,253,-3,0,-2
4,10,261,-1,-3,-0
-4,-3,266,-0,0,0
-9,-2,257,-1,-2,1
8,5,254,-1,-1,0
-2,-0,258,1,1,-2
2,4,256,-2,2,3
-4,1,248,-4,-3,0
14,1,258,0,-3,-1
1,-6,257,-2,-2,-1
7,0,252,2,2,-0
-4,-9,257,-1,-2,0
-7,-3,258,-3,0,-1
-1,1,272,-1,-1,-1
1,-5,256,4,1,-1
1,4,253,-1,1,2
-2,-5,255,-0,-0,-2
2,2,256,-2,3,1
10,-2,262,-3,0,-2
3,-3,251,-2,-1,-2
-2,5,250,3,1,-0
2,2,246,2,2,-4
2,7,251,4,-1,-1
4,-3,251,0,2,-3
3,-2,248,1,-5,-0
5,5,256,-4,0,-4
-2,-1,253,1,4,-1
-3,8,249,-2,-1,1
5,-10,264,-2,2,-1
6,9,260,-1,-0,1
-7,-3,244,0,-3,0
-4,7,252,-1,-3,-1
-4,-0,255,-1,-2,-1
4,2,259,4,-6,-1
-4,1,251,3,-3,-1
-6,4,255,-2,-1,-2
2,-7,252,-1,1,-1
-6,5,242,-1,-2,0
3,0,266,-1,-5,4
0,-7,257,-0,-0,1
3,-1,263,-3,-3,-1
-8,2,252,3,1,1
-2,0,262,1,-1,1
-4,-4,241,2,1,1
5,0,255,-3,-3,-2
-10,-2,258,-1,2,2
3,4,254,1,-1,-2
5,4,250,3,-0,-2
4,-5,258,-5,1,0
-8,5,256,2,-1,-2
-15,-3,258,-2,3,4
-1,2,259,-0,-2,-0
1,1,249,2,-1,2
1,0,255,1,-1,-1
-10,6,261,1,6,-1
6,7,256,-3,-0,3
3,-0,254,-0,2,1
0,-9,254,-3,0,-0
-10,-8,258,2,0,-0
-2,-7,252,2,-4,-1
-1,-7,260,-1,-1,1
2,-0,247,4,-4,0
-4,0,266,2,-1,-1
5,-0,255,-3,-1,-2
8,-4,247,-0,-2,1
-1,2,259,1,3,-1
1,0,253,2,-2,1
0,-2,258,0,3,-2
6,-3,258,2,-0,3
-4,7,257,-1,-4,-1
-3,-1,263,-5,2,-1
3,-2,262,-1,-4,2
3,-7,259,1,3,0
5,0,258,0,-3,2
-5,10,260,-2,-2,-1
-5,2,256,6,-0,0
4,-7,254,0,-3,0
-0,3,259,-1,-1,-0
10,-11,268,1,-1,-4
8,3,261,-2,0,4
-5,-6,259,-0,1,1
10,-2,252,-3,-0,4
-2,1,259,0,1,-4
-3,2,264,-5,-2,2
-1,-1,257,-2,1,-0
6,-7,256,-2,3,-3
-9,9,256,4,1,0
-4,2,264,-4,-1,-2
8,-4,258,4,3,3
5,9,254,3,2,-0
5,1,259,-1,0,3
-5,-3,249,-2,-1,1
7,7,248,2,3,0
3,-2,247,3,-1,0
3,-2,260,-2,0,3
5,-3,255,0,0,-1
6,1,250,-2,-7,-0
5,1,242,-2,1,-1
2,2,260,2,1,-4
6,1,246,-1,-3,1
-1,-1,253,-1,2,-1
4,-3,254,-0,-1,-1
-2,5,256,2,-2,1
-4,0,263,-4,2,-3
-12,6,258,-4,-3,2
-10,-0,255,2,0,-1
6,-1,263,0,-2,3
-4,10,255,3,-1,1
1,4,258,-2,-2,-1
10,-2,256,0,-1,2
-9,7,263,-1,0,-0
5,-5,257,1,-3,0
12,7,253,-1,2,1
-4,5,258,2,3,-1
-4,-2,260,-2,-0,2
2,-4,248,4,0,-1
-6,3,260,1,-3,-1
-6,6,257,-0,0,3
-4,2,249,2,-1,-0
-2,8,262,-1,2,-2
-2,6,259,-2,0,-2
5,-6,256,2,-3,0
-1,8,254,-1,-2,-3
6,-2,254,1,0,2
-11,-7,248,-1,3,-1
8,1,250,-2,-1,-2
-8,2,259,-1,0,3
1,-5,258,-1,-3,-2
0,0,261,2,1,-1
5,-3,257,3,2,0
3,1,252,-0,-3,-1
-4,2,251,-0,1,1
-4,-2,259,1,6,-1
2,-10,252,-2,1,0
3,5,252,-0,-0,0
-9,-1,251,0,4,-2
-10,-2,257,-2,2,-2
-1,15,253,-0,1,-1
-1,7,255,-3,-1,2
3,9,257,1,-2,-1
4,12,263,-1,-0,-1
-6,-2,252,1,3,-0
9,5,258,-5,-2,4
-1,-4,259,-0,0,-2
12,9,255,-2,2,5
3,9,261,0,1,-0
3,-1,258,-2,1,2
6,-1,263,2,3,-0
8,-2,254,-2,4,-1
2,-2,261,4,-3,-0
-2,3,258,3,-1,1
1,10,249,1,-1,-1
-10,-1,256,1,-1,-1
3,2,264,-2,1,1
-4,1,254,-1,0,-1
4,2,259,1,-1,-1
-1,-2,256,3,1,0
2,-0,245,-2,0,0
-0,6,253,-1,-2,0
-3,-1,257,1,1,3
-5,4,256,1,-1,-1
5,-5,256,-2,-3,-2
0,10,258,1,-2,2
3,-0,260,2,-1,-0
-2,-1,259,3,3,-2
9,6,256,1,-2,1
-1,3,249,-2,-1,0
7,3,256,-2,-5,1
1,9,255,0,3,1
-2,-2,258,-3,1,3
-6,-9,249,1,1,-0
1,4,257,4,-2,3
-2,-2,243,-1,-4,-2
1,3,259,-1,0,-1
-4,-10,255,-6,1,1
-1,-6,254,4,0,-1
-7,0,255,2,-4,-2
-9,1,262,2,1,-0
-1,3,247,-2,1,-1
13,-1,242,1,1,0
-5,-6,261,1,0,-3
-0,-0,264,2,1,5
3,-1,247,1,-3,-1
12,-5,257,-3,-2,-1
-11,2,263,-2,1,-1
2,1,256,-2,1,-0
4,-5,257,1,-2,1
3,3,259,-1,1,-2
1,4,268,-1,-2,0
-1,8,257,-3,-1,2
-3,-0,258,-1,0,0
-2,-8,255,2,-1,2
-4,4,250,1,-2,1
7,6,258,-2,-2,-5
2,-2,256,1,0,-1
-10,-1,259,4,2,-2
-8,2,253,2,0,-3
7,-4,254,-1,-2,-1
1,1,262,1,-1,-1
5,-5,257,1,-4,-0
-3,12,252,0,-2,4
7,1,261,-3,1,-1
-2,-1,263,1,-4,2
-5,-3,258,2,0,-1
3,5,259,-2,1,0
1,-3,260,-1,0,1
-6,2,250,-2,3,-1
-3,3,258,0,1,2
1,3,254,-2,1,-1
9,2,263,-1,-3,3
1,-10,255,2,-2,-1
-1,4,262,1,-1,4
-9,-4,252,-2,-1,-0
-6,-6,261,-0,-1,1
-3,-2,257,2,-0,-5
5,3,253,1,4,1
-10,-10,253,2,2,-3
-6,-6,260,-0,-2,1
-5,0,249,0,0,-2
-1,-1,262,2,3,-1
4,-3,260,1,-1,-2
0,-5,262,1,0,1
7,-2,249,-3,3,-0
-3,6,261,2,-4,-0
-9,-1,254,5,0,1
5,-1,260,-0,-0,2
9,-3,258,1,-0,-1
-8,7,254,0,-0,-3
-4,1,255,3,4,1
-2,-1,256,-0,-0,-2
2,2,264,1,1,2
-2,3,253,1,3,-4
-1,0,255,1,0,-0
11,1,254,1,1,2
2,-1,247,0,0,2
-10,5,263,3,2,5
5,6,260,4,1,2
6,1,253,-0,-3,3
1,-8,267,-0,-0,-3
-7,-1,257,1,-1,-2
-3,-7,258,-3,-6,0
-1,4,251,-2,1,1
5,-1,258,-1,-2,3
1,6,253,1,0,-0
3,7,258,-3,1,1
3,4,264,3,-2,1
-2,-5,266,-0,-4,0
0,2,256,2,-1,3
-4,-6,254,-3,-1,2
6,1,259,1,3,-1
4,-7,260,-1,-4,2
7,-1,257,-1,1,1
-3,5,266,2,-0,1
4,3,252,1,0,-1
-2,-2,259,-1,1,-1
-12,6,253,-2,1,-0
7,3,255,-1,-1,-1
-1,2,254,1,-0,3
-7,5,267,0,-4,3
-1,-1,265,2,1,-0
1,1,246,-0,-3,-1
-4,4,255,-2,2,2
-16,-9,257,-1,2,4
-2,5,250,-3,2,2
-3,-6,256,-2,-1,0
2,-3,265,-0,3,2
3,-1,254,3,4,-1
-4,-9,259,-2,0,1
-2,-11,250,2,-3,4
4,15,259,2,2,3
5,9,248,-2,0,0
-4,4,254,1,3,2
2,-0,257,3,2,-3
2,8,256,-1,-1,-1
-2,7,253,-1,0,0
-1,3,267,1,1,1
1,1,265,-4,2,2
1,-1,260,-2,3,1
-9,-4,254,1,2,-2
-1,-4,255,-2,2,-0
-4,-8,257,1,-4,3
7,-1,249,0,-3,4
-9,-5,250,4,-5,-0
7,-9,255,-0,3,-2
-2,6,259,2,2,0
-4,-9,261,-2,2,2
3,-3,256,0,3,0
-3,9,254,-2,2,-1
5,-4,246,0,1,0
-9,0,262,3,0,-2
-1,0,258,0,1,0
-9,-1,255,-1,-3,-1
3,-10,259,0,1,2
-2,-1,248,-1,-1,-1
8,-2,258,-1,4,-2
2,2,256,1,0,-1
-5,-2,265,1,0,2
4,-4,252,-2,0,1
-1,9,251,-1,0,2
-4,2,264,3,-3,-2
17,3,261,1,2,-3
1,6,267,0,-2,2
3,7,257,-2,-1,-1
5,3,259,-2,-0,-0
-0,0,251,1,3,-1
4,-2,260,-0,-1,1
4,1,255,1,-1,1
4,4,260,2,5,3
8,1,250,-2,-2,1
-8,8,251,1,-1,2
-2,3,256,3,-3,-0
-0,-4,249,-1,2,-5
1,-0,254,-0,-2,5
-2,2,255,4,-1,-4
0,-3,255,0,2,2
-10,-6,253,0,5,-1
-1,2,265,1,1,-2
6,-10,260,2,2,-1
3,1,254,1,-1,0
2,4,254,-0,-1,-3
-0,1,257,-1,1,-1
4,1,253,-3,2,-1
3,2,252,-2,-2,2
10,-6,247,4,-2,-0
-13,-6,258,1,1,-1
2,7,259,1,-2,-0
12,1,261,2,-3,0
7,-3,260,-1,-3,-1
8,5,258,-2,3,-4
6,1,251,1,-1,0
-2,5,261,-1,1,4
2,-4,255,-0,1,-0
2,-8,259,-0,1,-2
-1,2,245,2,-2,-0
1,9,262,-3,3,0
-5,1,248,-1,-0,0
3,1,263,-2,-0,1
-6,-1,258,0,-1,2
-5,15,256,-0,-3,0
-2,2,261,3,-5,-4
5,5,261,-2,1,-2
-1,-5,259,-3,-0,-1
-6,-3,260,0,1,2
7,-4,256,1,5,-1
1,0,257,1,3,-2
-5,9,254,1,-0,1
8,5,259,-2,4,1
-11,-2,261,1,-0,2
-3,-4,267,-0,2,0
-4,-5,259,-1,0,-1
4,3,258,-1,-1,0
-9,1,250,1,-2,-2
-6,-1,253,-2,3,1
1,3,264,2,-1,1
-5,1,253,1,4,-1
6,-1,256,-2,-2,1
4,4,257,1,-1,-1
-7,-4,267,-1,-3,1
-3,7,264,1,-0,-0
1,1,262,1,2,2
7,1,259,0,2,-2
4,2,255,-1,2,-0
7,-5,256,-2,1,-0
5,-3,260,0,1,2
-4,-9,250,-2,-4,-2
-1,-8,256,-3,-2,-1
5,-4,242,-3,-4,-1
6,8,263,0,0,-1
-2,1,263,0,2,1
-8,6,250,-1,2,-0
-5,-6,257,3,0,1
6,-6,265,-0,-1,-2
-6,-0,256,2,1,3
-4,-6,259,-2,3,2
2,10,249,-0,1,1
1,5,253,-3,-1,-1
-0,7,261,1,1,-2
1,8,260,-4,0,0
6,-3,254,-2,-2,0
5,-7,258,3,-3,-1
-4,-12,258,2,2,-3
13,1,253,-1,1,-3
11,-4,261,1,0,2
-3,-5,259,-3,1,-2
-7,6,251,-2,-3,-3
1,4,249,1,-0,0
-2,-4,253,1,0,2
-5,6,257,2,-2,-4
-6,-2,257,-0,2,-0
2,0,252,-3,-0,1
4,4,255,-0,-1,2
-1,-4,254,0,-2,1
-7,-2,250,2,3,-3
4,7,263,1,2,-2
6,0,256,-2,-5,2
2,-5,258,-1,2,1
-2,-16,258,-1,1,-1
5,-1,251,-0,0,-3
-5,-2,262,-1,-1,0
-1,1,259,2,2,-2
1,7,256,1,0,-3
-2,2,255,1,0,1
-4,-0,256,-1,-0,-3
2,5,264,1,1,-1
-9,5,258,1,-2,-2
-6,5,257,3,-0,2
-2,-5,256,-1,-5,1
7,-3,243,1,2,-1
-3,0,251,-3,-0,2
2,4,251,-4,-2,2
11,1,252,2,1,2
3,-1,247,-0,-1,-2
7,-4,259,0,-1,-2
-9,6,263,-2,-1,-3
-2,-1,261,-3,-1,-0
2,-4,254,-0,-2,-0
-1,8,253,-1,4,-1
7,-10,253,4,-1,-3
4,0,266,-0,1,3
-11,8,256,4,2,2
1,2,259,0,-1,0
5,13,258,-2,1,-1
-0,-4,251,2,2,-3
-8,-12,257,2,2,2
2,6,259,-1,0,1
3,-1,251,-3,2,-0
-5,13,259,-1,-2,-0
-6,-2,255,-2,-0,2
-0,-11,251,0,-2,3
3,7,257,-2,-3,1
-0,-1,261,-2,1,2
4,6,252,-1,-1,-3
-7,-0,251,-0,1,0
-1,-4,254,-0,0,0
-4,14,264,0,2,-2
1,3,252,1,-3,-1
-5,-6,256,2,0,-0
0,-2,241,4,-2,-1
-1,2,258,1,-1,-0
-1,7,245,1,-2,-2
-8,-2,264,-1,-2,1
1,-3,266,-2,4,1
-6,-6,259,-0,1,-1
10,6,252,-1,-2,-2
-4,1,254,0,0,1
-4,3,250,2,5,-1
-4,1,259,-3,1,-0
5,5,260,0,-1,2
0,-1,247,1,0,1
4,1,254,1,-0,-2
-2,-3,260,-1,-1,-2
7,8,258,3,-4,-2
5,1,252,0,-2,-0
3,2,249,0,-0,4
-1,0,263,2,0,1
-3,-11,249,-0,-0,3
4,-0,262,-3,0,-4
-5,-6,252,2,-1,1
-0,5,254,-1,3,1
-2,-2,259,3,0,2
-5,5,245,-3,-3,-0
-9,2,255,-2,-0,1
1,-0,261,-2,-1,1
3,-10,264,-2,-2,1
2,-0,261,1,-1,1
-8,4,261,3,4,-1
-5,-2,247,-0,2,1
-8,-4,249,2,0,1
4,-2,254,0,-1,4
-5,3,260,-3,-2,1
2,2,259,1,1,1
4,-6,256,-3,-1,1
-0,-3,256,-2,-0,-1
-4,-13,269,-1,-0,-2
-1,1,249,-3,1,-1
3,-14,261,-4,-0,-2
-5,9,249,1,-1,-0
2,-8,259,-0,-1,1
-16,-4,243,-1,-2,-1
6,1,255,1,-1,1
2,-12,257,-2,-1,-0
-3,3,250,1,2,-1
-2,-0,254,2,2,-2
1,-4,258,-2,-0,3
-1,1,252,0,3,-1
-5,-3,260,-1,-1,-2
-1,-1,260,-2,-0,1
5,12,252,-1,-0,-0
-4,-1,254,1,0,-3
11,-1,256,-1,2,1
0,1,255,4,-1,-1
2,-2,250,-0,5,-1
8,4,260,-1,-1,-5
-1,-2,259,1,-2,-2
0,-5,251,0,0,0
-1,-2,259,-0,-1,-1
-12,-6,251,2,2,-2
1,5,265,4,2,3
-9,-4,264,-2,-1,0
-3,0,257,3,1,-2
3,-1,256,0,2,3
-2,-2,258,1,2,1
-5,-4,251,3,2,2
7,-2,256,1,-1,-2
3,4,258,-5,-1,-1
-7,8,253,1,3,-2
-7,5,253,-4,1,-3
0,-2,259,-1,0,-1
3,6,257,-1,-0,-2
-10,7,252,-1,1,1
-8,4,254,1,-1,2
2,-10,254,0,1,3
-5,-1,269,1,-1,-1
-6,3,253,-1,-0,-0
1,-2,257,0,-1,-2
3,1,257,-1,-0,5
8,2,255,5,-1,1
-7,4,256,0,-1,-0
-2,1,262,-1,1,-1
-5,5,255,2,1,3
-2,-9,258,1,1,0
-8,-2,255,1,3,-0
-9,15,259,1,-1,-2
-3,4,260,2,-0,4
-7,2,255,-1,6,3
-1,5,257,2,-1,-1
-4,1,258,-1,-3,-1
-3,5,249,-0,1,1
1,1,251,-2,-3,2
-3,-6,266,-4,2,1
-4,3,253,-1,1,1
-3,-3,262,-2,-3,2
2,-1,261,-1,1,-5
3,3,259,-2,-1,-1
1,2,262,1,-0,-4
2,-2,264,-1,-1,-1
5,-7,250,0,-1,1
-3,5,255,-0,2,3
-5,-6,254,3,-1,0
2,9,259,1,-1,-1
-4,-2,257,-1,-1,3
-5,-4,247,2,1,2
-9,-12,258,-2,-0,-4
-3,3,255,-1,-1,-3
-6,-3,261,-1,1,2
-7,-2,253,-1,1,1
3,-0,251,1,-2,-3
5,3,263,2,4,-2
-2,5,249,2,-3,-2
-4,1,256,2,0,-2
-6,0,263,-2,2,-1
-1,-3,256,-1,-1,-1
-9,0,260,-1,2,-3
9,5,262,-1,3,4
-3,-2,254,1,2,-4
4,-7,254,1,-2,-3
3,-3,256,3,-2,1
12,13,264,1,1,-1
-4,-2,260,0,1,2
-0,-3,256,1,-0,-0
0,3,248,1,-0,-0
-4,-7,255,1,0,1
-7,4,273,3,1,-1
-3,0,257,-1,-2,3
8,5,264,-1,-2,-0
4,5,253,-1,1,1
6,4,249,-2,-1,-2
3,-4,256,2,1,-1
10,13,257,1,2,2
-5,-5,254,2,3,0
0,0,257,-3,-3,2
-0,-10,246,3,-0,0
2,-2,253,0,-1,2
-4,0,255,-2,0,3
-7,7,256,-1,-2,1
-0,-0,259,-3,-2,1
0,-2,258,-1,-4,-2
-3,-16,255,4,2,-2
-0,-3,259,0,-3,-2
-4,0,258,1,-1,2
9,-3,251,-5,-2,2
-4,-0,251,2,-0,3
