16,-254,-20,-65,-0,-20
-25,-251,28,16,-99,34
-28,-246,-20,-2,-74,-79
-20,-255,3,-25,-28,-22
43,-241,-18,-49,48,-26
-58,-258,-1,-93,-63,49
30,-253,-1,-12,-129,81
21,-247,-41,19,46,105
10,-259,4,-6,6,2
63,-256,-32,-28,31,37
28,-256,16,-16,22,-90
31,-259,24,28,-18,-33
25,-263,11,14,24,46
35,-245,-6,-18,19,32
16,-258,25,-32,-74,43
27,-247,7,80,47,2
49,-260,2,-21,-106,11
42,-249,4,-6,-51,-55
33,-256,35,-1,27,39
68,-259,21,126,28,-8
91,-262,22,7,-40,19
76,-251,-44,36,53,9
21,-267,-43,-124,-24,31
53,-250,19,-46,106,0
77,-247,-29,-3,4,1
78,-247,-4,27,-3,82
46,-261,-1,-54,-23,-14
71,-270,-5,5,17,-29
54,-258,-6,-19,-61,-64
59,-277,51,-68,-24,-18
75,-254,6,58,75,72
36,-276,-25,98,26,100
78,-247,0,-35,-56,-38
43,-252,6,-51,26,129
12,-247,-2,4,-96,37
58,-250,-20,-5,35,-27
6,-251,9,3,-65,-17
59,-264,-11,-58,28,20
19,-244,-27,30,-22,55
9,-246,11,-5,-4,-7
31,-254,-11,-14,56,-26
76,-271,13,-35,80,-35
43,-253,-5,30,4,48
13,-232,5,4,-50,40
35,-260,16,-56,-82,-10
33,-250,2,-34,5,-90
-8,-264,-4,-6,89,30
18,-249,51,74,46,-39
-9,-267,29,52,3,-106
29,-257,10,22,-83,1
6,-259,-7,70,84,-39
15,-243,15,24,-92,-31
-22,-276,27,45,3,113
-10,-227,-6,21,43,14
18,-271,22,8,-22,66
6,-259,15,-23,-43,-3
-7,-279,-4,10,31,17
-40,-247,30,3,50,-65
-13,-240,19,14,118,-82
-44,-241,-4,-25,-26,-64
-45,-261,11,-50,-14,4
-48,-270,28,-4,-2,-34
-40,-248,-12,84,39,-49
-20,-243,-3,-110,-26,-13
-67,-252,8,-67,-78,33
-56,-276,-13,-21,59,-37
-30,-241,18,-76,-29,-2
-82,-257,4,87,31,1
-53,-251,-27,23,75,-44
-51,-258,-30,-7,-10,-57
-46,-258,4,-39,37,21
-8,-263,-29,81,-112,7
-38,-257,35,11,6,1
-56,-257,32,-51,-72,21
-12,-261,4,3,80,-44
-32,-268,-3,81,13,-10
-66,-264,11,20,21,-35
-22,-248,-27,3,28,-29
-39,-259,-18,5,71,43
-58,-249,1,62,-3,3
-32,-268,30,-45,9,18
-42,-260,-1,-88,22,12
-46,-264,4,-41,-39,-43
-21,-256,8,-3,-70,15
-51,-261,73,-62,22,-77
-39,-266,12,19,90,-84
-47,-260,-6,-39,18,-40
-40,-257,-5,7,42,-21
-29,-255,2,8,-19,42
-28,-241,12,-14,51,-26
-6,-275,24,77,-35,-48
-17,-241,-10,10,-65,-54
-45,-235,-19,-1,32,11
-15,-242,-11,-33,-32,26
-37,-260,-4,62,-2,-27
-9,-270,39,21,27,-36
16,-258,-3,24,52,-6
-11,-245,-0,-65,-6,-38
-13,-260,-4,11,43,20
-9,-252,-26,-62,-45,-6
-59,-256,-28,-103,10,36
-11,-254,21,41,-32,44
-8,-253,16,56,27,-51
23,-279,25,50,-25,-59
-5,-247,-41,-48,51,2
-2,-246,2,-2,-56,-14
23,-263,-6,64,-32,19
5,-254,-1,-13,49,48
25,-247,8,-21,47,-124
3,-275,12,-37,-83,-47
9,-257,-27,6,3,-54
9,-260,-15,6,38,44
10,-251,40,38,98,68
22,-267,3,-119,15,16
36,-244,19,82,13,-41
54,-271,11,-40,-42,-99
21,-252,20,73,8,23
40,-269,-22,-50,-40,-15
42,-270,11,7,80,-19
29,-241,-5,-41,-14,23
66,-275,-28,-25,-72,-0
35,-255,-17,51,64,-2
15,-250,11,22,16,30
49,-250,-0,17,50,-89
55,-257,-5,35,-82,-102
54,-244,15,7,25,6
44,-277,33,-3,-15,24
80,-244,-57,51,-22,-53
67,-246,-13,50,14,49
52,-245,17,33,-14,-36
35,-266,-32,44,17,33
27,-244,17,36,28,26
31,-269,0,-13,-108,43
19,-262,28,58,-22,-44
80,-284,-8,19,49,-93
32,-261,-18,-30,-11,28
74,-246,19,-24,-4,10
18,-280,-9,-102,-37,38
54,-282,-53,6,66,-20
69,-258,29,67,19,41
33,-265,-10,-44,-131,-9
-3,-263,17,54,-23,-44
36,-269,0,-2,37,68
-3,-243,-8,-19,31,112
50,-255,-15,-24,36,98
-4,-248,-24,-23,-45,42
15,-256,1,63,76,-3
-20,-272,1,-11,-15,59
34,-252,-15,19,-30,-1
32,-256,2,45,86,17
19,-246,40,-46,16,1
17,-256,14,94,27,-25
-12,-257,-11,100,-16,58
-5,-245,13,-47,-14,24
-34,-239,8,-9,-31,-89
-7,-248,-16,-29,8,44
-1,-255,15,-23,-63,-22
9,-267,22,-16,-16,8
-20,-260,-15,-103,-25,-14
18,-262,-26,8,58,-3
-47,-260,7,-84,-4,34
-47,-266,-20,83,1,-12
-23,-250,-2,-18,-15,19
-42,-252,38,54,-92,-70
-28,-249,-24,94,29,6
-32,-269,-36,-33,-38,7
-31,-264,11,-1,37,-32
-75,-267,30,-23,37,40
-46,-261,7,24,-50,-39
-45,-243,-13,20,-65,-157
-48,-272,-9,-8,99,87
-54,-267,1,63,-69,18
-65,-258,5,96,-65,39
-29,-260,-17,41,11,-88
-44,-272,-5,29,-15,-73
-64,-274,-19,-63,-6,6
-62,-241,-12,7,-6,16
-24,-260,-44,-76,-45,103
-56,-255,17,4,23,16
-92,-259,14,-81,-1,20
-40,-261,9,36,-52,42
-66,-261,-3,-101,-4,-52
-57,-242,-9,16,92,-4
-28,-247,12,58,19,-15
-25,-252,-6,35,-29,28
-51,-257,-11,-1,-82,-73
-50,-252,-1,9,-24,35
-48,-253,-5,-8,83,12
-19,-254,9,54,16,-24
-42,-269,-16,17,42,68
-5,-245,10,-12,20,-59
-40,-245,-5,28,101,-61
-27,-236,40,-4,-46,5
-50,-248,-20,29,31,82
-61,-276,18,16,69,34
-14,-266,-1,-50,-3,38
-64,-244,29,30,68,38
-18,-257,-18,40,41,4
-3,-265,-1,35,13,-68
-1,-269,6,19,-59,3
-25,-257,-0,-3,36,62
1,-254,4,-5,50,85
21,-263,-24,22,43,88
16,-261,20,24,-22,-12
31,-228,12,45,-34,-74
-2,-253,47,49,11,-10
25,-276,-7,-61,-32,-8
15,-257,2,-8,68,-22
25,-254,12,-55,59,-73
54,-249,1,62,-103,-71
40,-241,4,-38,7,-41
54,-256,-26,23,-32,48
42,-252,4,-30,-37,72
61,-265,19,41,-2,125
54,-265,13,-40,-88,-50
26,-261,17,2,-18,18
9,-257,26,-9,-58,57
47,-274,4,25,-106,21
45,-257,16,-76,-64,-21
56,-256,8,-86,66,82
43,-267,4,-13,68,-37
20,-257,-1,-13,-49,0
8,-254,5,-13,-31,-6
57,-241,25,-18,29,-8
55,-258,8,33,-8,-35
35,-264,-13,17,82,-32
52,-260,44,-18,-51,78
11,-254,-30,50,-22,56
19,-242,5,88,27,-80
66,-250,-35,69,-110,-50
26,-268,19,4,37,-14
50,-249,-7,48,6,-26
46,-272,22,-80,7,-3
68,-262,7,-21,-13,118
66,-256,-7,-61,65,16
41,-262,4,-65,44,-11
20,-258,-14,15,52,-41
27,-250,-29,-30,-91,7
52,-246,-5,-19,16,51
27,-276,-37,17,-113,46
23,-258,-9,36,34,27
29,-269,-5,-16,20,-33
15,-258,13,-5,-45,14
14,-247,0,-6,2,-4
29,-255,-8,-6,79,71
52,-251,10,19,-1,31
-13,-265,-27,-118,27,32
57,-246,-6,42,-33,20
2,-254,54,-28,-56,18
-17,-250,18,24,-51,22
-20,-267,-6,23,7,3
-13,-269,-1,-70,89,-51
15,-268,9,-3,106,52
-37,-250,-31,-86,-59,5
-23,-237,-2,-116,-119,-6
-61,-269,6,9,14,15
-35,-250,-31,-31,-115,30
-50,-253,-8,7,-4,-14
-38,-250,-21,9,89,57
-37,-254,-14,4,-38,24
-42,-249,27,37,31,63
-59,-271,-5,-37,5,7
-33,-262,9,63,-60,14
-21,-246,-16,47,-82,40
-37,-245,7,-55,24,6
2,-242,-26,2,16,113
-72,-272,-26,-5,38,-50
-34,-256,-11,-12,120,32
-44,-268,-35,9,-15,56
-87,-248,-31,-20,-39,15
-34,-250,24,-47,-26,9
-29,-271,-29,-13,-14,-13
-67,-250,-3,-94,-1,7
-89,-262,-10,16,-62,-12
-60,-259,-13,-128,-64,-35
-9,-249,9,12,11,3
-49,-259,19,14,-19,-31
-66,-250,-24,36,11,-3
-36,-247,-6,-34,-46,6
-51,-259,-5,-12,79,-28
-52,-247,12,-24,9,-37
-14,-263,22,-5,-4,-94
-58,-230,20,40,83,-64
-0,-256,-9,29,46,36
-23,-247,43,21,-6,31
-22,-257,-7,35,-47,-28
-32,-249,7,-124,-36,76
-54,-245,9,32,-5,-44
-55,-255,-11,43,-45,10
-22,-254,-7,-35,-27,-14
-23,-255,4,19,9,31
-46,-285,-23,-66,-39,104
-49,-255,-5,29,4,65
-32,-244,14,-37,61,66
15,-267,1,48,-57,-11
7,-258,14,-36,-31,43
-33,-257,-27,53,-30,-46
18,-268,-24,17,16,-122
24,-248,-36,17,-3,-72
-1,-239,6,12,6,57
4,-241,-19,1,3,31
-2,-263,-7,3,-19,5
31,-278,0,-97,49,-38
20,-259,13,42,-58,-22
-10,-246,-23,-37,45,-93
4,-263,-9,27,-20,62
-41,-261,-36,-5,-85,-17
46,-248,-30,56,32,-6
-9,-258,-5,-126,34,35
45,-268,12,102,3,-13
23,-264,-2,124,-26,41
-17,-262,17,24,49,38
26,-262,9,-5,-9,27
33,-254,-12,29,117,12
29,-252,11,43,49,9
16,-256,-1,-32,21,38
43,-246,9,-22,-123,-35
65,-261,8,14,-10,-40
59,-252,50,-62,79,-24
22,-275,0,39,53,-39
42,-244,-4,-20,15,82
57,-245,12,32,88,-6
65,-260,3,58,2,30
39,-253,-10,-43,-1,8
81,-257,28,-14,-61,14
59,-272,-17,43,7,-109
97,-247,-15,-6,-19,21
119,-261,-3,20,-74,-99
25,-263,7,-23,-80,15
66,-255,4,-71,9,15
56,-260,2,-35,-30,-13
30,-236,5,84,-86,-118
30,-253,-16,47,41,10
68,-249,-28,-20,91,-20
41,-232,-23,70,110,-13
49,-251,-1,-13,21,90
-13,-250,-4,-30,33,47
20,-245,12,-53,-51,-35
62,-265,9,-52,18,15
45,-247,11,21,-68,-7
8,-264,0,-44,25,-67
18,-252,0,11,9,-30
41,-248,-29,-3,36,7
16,-263,-29,-33,60,-14
-2,-249,-54,-57,37,-79
20,-259,30,-40,13,-73
13,-263,9,24,0,7
2,-266,-19,66,-15,-12
-38,-249,0,29,-23,33
-18,-263,-23,5,-71,5
-16,-265,-4,12,24,-5
18,-244,14,13,72,39
-44,-252,6,-10,-17,-67
-21,-248,-33,2,24,72
-44,-249,3,128,22,-117
13,-236,-15,52,-12,28
8,-260,0,-35,-10,-12
-4,-270,-4,27,3,50
-15,-259,9,-18,17,-38
-20,-265,37,-23,42,17
-48,-271,-29,-15,-97,-3
-44,-257,4,11,-121,-67
-20,-276,27,-5,-32,-56
-87,-257,2,-5,9,56
-12,-243,-1,-22,-30,-32
-45,-261,13,-44,-36,-21
-17,-256,17,-5,65,-3
-44,-237,-18,-4,121,92
-67,-252,25,15,-58,3
-42,-259,4,-81,115,26
-61,-237,15,59,3,70
-63,-251,-57,17,29,24
-78,-271,-37,-55,48,-33
-52,-264,25,-23,-16,5
-83,-277,18,27,68,6
-50,-276,-10,78,10,-40
-26,-251,-5,77,30,-8
-57,-256,22,116,-14,-26
-28,-263,-18,-2,4,-58
-60,-260,10,-65,-35,30
-50,-239,-2,13,-26,29
-35,-250,10,57,-11,97
-28,-269,4,23,102,17
-37,-248,39,23,5,35
-60,-253,8,8,10,38
-48,-236,-7,-68,6,-98
-44,-255,16,-8,56,-38
-74,-254,10,15,-55,12
-45,-250,-29,79,-22,-38
-49,-244,41,2,42,8
-51,-263,28,-36,42,-15
-50,-244,-6,-28,73,4
-56,-271,5,4,75,78
-24,-244,-10,-8,11,22
-37,-257,14,30,19,-34
-9,-257,-7,24,-25,35
-16,-272,32,48,90,-23
-32,-247,2,-71,67,101
-24,-265,18,45,-81,9
-37,-245,1,-1,75,10
10,-246,10,6,115,90
30,-240,9,-13,-107,-72
-21,-249,14,-18,12,28
10,-268,20,-14,-39,-11
10,-260,-6,-27,-2,17
38,-239,-25,-41,28,56
18,-254,5,-45,-29,71
-11,-241,-19,39,10,-18
6,-270,8,55,-28,9
31,-243,-28,-111,23,-1
39,-235,-9,-37,37,-16
46,-267,-25,-83,-17,-42
69,-262,-14,28,100,-67
39,-250,30,39,-31,86
28,-239,1,39,-52,16
48,-244,-34,-38,-37,-16
18,-245,-18,-33,-25,93
44,-250,7,49,-12,65
7,-263,6,-27,12,-17
40,-265,-0,85,-15,-31
51,-264,-16,-49,-20,42
14,-266,-25,-46,-28,-90
57,-258,-4,-9,135,60
41,-262,31,-63,38,-12
75,-248,15,-84,-3,19
61,-241,30,-20,-34,-87
60,-252,11,-43,58,22
-15,-245,-5,4,-31,-57
60,-265,-8,-77,88,102
95,-269,-21,-4,44,-14
83,-253,-20,60,6,-37
49,-268,-4,5,-1,-117
48,-240,-17,38,-50,19
14,-250,-16,-4,10,5
43,-251,12,-40,7,1
24,-251,-2,-22,25,-40
51,-261,5,-27,25,77
39,-256,-13,-22,68,-43
25,-252,16,62,-10,43
67,-266,4,33,41,-120
15,-266,-20,-37,-1,40
11,-252,13,45,69,33
-5,-249,33,30,-30,8
42,-248,-2,18,111,17
3,-255,-37,-7,11,29
52,-262,11,-3,-42,-12
10,-256,30,-18,78,-27
25,-248,-7,11,-5,27
25,-251,5,41,-27,8
-3,-259,-21,37,-79,46
-11,-272,-12,62,-6,-56
-13,-266,-15,-41,-100,-40
11,-250,30,12,-8,-41
-25,-254,-25,-49,6,31
2,-263,-11,33,-9,-17
-21,-251,21,15,74,14
-4,-257,-12,10,-8,56
-25,-257,6,32,21,22
-38,-261,-4,-41,-20,1
-40,-258,23,-124,0,-18
-6,-264,-30,-155,73,-35
-8,-258,6,20,-14,-11
-56,-263,-33,69,24,-8
-18,-257,37,-80,-46,-3
-43,-267,13,38,-42,18
-15,-267,-31,12,-7,-39
-29,-254,-24,43,4,22
-33,-262,16,-41,-27,59
-44,-264,0,60,31,-25
-33,-261,-4,117,-56,71
-37,-240,-9,56,-29,47
-73,-268,19,5,67,-18
-42,-257,-3,-17,-30,-6
-51,-243,15,-16,-20,65
-47,-259,28,33,-37,0
-55,-263,1,75,86,-6
-64,-267,-5,-12,96,-12
-44,-269,18,-16,-43,141
-53,-252,-28,19,-100,-64
-54,-250,10,72,41,55
-30,-258,-31,27,-72,-59
-61,-261,-42,58,-12,59
-74,-269,34,14,15,4
-36,-258,-11,-35,28,10
-57,-249,8,-2,9,7
-18,-261,1,20,27,24
-39,-260,11,-81,13,8
-31,-267,-44,49,8,28
-28,-261,-19,30,62,14
-38,-263,19,-101,33,8
-14,-246,30,-45,-11,20
-38,-233,-7,95,1,2
-1,-263,-26,41,50,13
-28,-245,-23,43,-121,-10
-33,-248,20,-96,-80,-14
-37,-240,8,12,1,-2
-24,-248,-7,33,-46,19
-10,-255,12,39,40,-93
14,-253,-1,-30,-20,-46
-3,-248,2,21,83,37
-29,-262,-10,45,-43,31
10,-254,24,43,-59,97
-3,-246,3,54,-42,-5
32,-263,11,-37,-26,107
26,-255,-19,146,-34,-53
45,-265,33,49,-3,-49
6,-258,10,-68,-62,-19
18,-251,29,100,27,17
29,-266,-17,-78,65,-9
26,-250,-32,-16,95,-6
49,-267,-3,-27,-114,-33
36,-240,-6,-27,-13,-157
23,-262,23,-63,8,-26
6,-251,-31,8,-59,78
37,-268,-1,57,-47,-134
63,-255,-26,66,43,0
74,-242,1,-23,-71,55
31,-237,-31,-70,40,2
53,-255,3,16,-27,-38
52,-262,-31,45,-96,-39
62,-263,-32,82,3,-62
26,-250,30,-5,-48,27
63,-241,-7,-106,34,-75
73,-258,-9,51,63,-70
70,-246,10,14,64,24
44,-239,46,-94,33,3
47,-246,5,53,-32,-32
53,-250,13,-34,88,49
70,-238,-46,-65,-15,51
51,-259,21,10,48,-43
38,-252,42,7,-5,43
49,-262,25,3,27,-29
-1,-244,-17,47,94,11
40,-247,1,3,2,41
68,-259,-16,3,20,-54
43,-256,13,9,75,-17
57,-271,-18,-33,-50,-17
34,-267,23,47,132,-32
55,-261,-17,-27,-18,6
19,-255,-1,18,15,77
6,-270,-6,92,-26,44
16,-264,-46,-84,24,-75
38,-238,-12,-61,17,33
-4,-245,15,2,54,64
3,-260,-7,15,4,47
35,-242,-16,27,50,-48
-27,-259,15,29,-66,87
31,-250,-2,-61,-21,-28
-8,-268,13,-2,10,20
-28,-257,-23,-56,28,50
-7,-253,-20,-27,-19,-12
-20,-247,-2,68,69,-42
-12,-259,8,-8,56,9
-22,-241,48,-2,16,-20
-38,-265,11,-19,27,21
-3,-253,4,24,-22,3
-34,-251,-7,65,-56,9
-5,-279,4,-64,43,49
6,-260,2,-7,-22,44
-12,-261,-37,70,-54,-12
-30,-251,6,-82,71,105
-25,-258,-13,-26,-1,55
-10,-272,21,44,-9,27
-37,-260,-6,-1,28,-22
-38,-255,5,10,7,20
-37,-263,-27,-36,15,33
-70,-254,28,-18,-13,24
-28,-271,2,-29,-2,4
-44,-254,20,98,-22,-9
-83,-257,-12,-1,36,57
-58,-265,-0,-29,-27,1
-33,-280,45,1,-10,-34
2,-260,1,-0,28,-5
-63,-266,20,20,1,-44
-7,-271,0,-0,-21,-2
-75,-243,1,109,14,45
-78,-273,-11,-17,65,33
-51,-258,-13,-5,48,31
-61,-257,-11,59,71,25
-7,-255,-4,15,14,-6
-34,-272,-5,35,-43,-20
-35,-256,24,61,2,-13
-5,-242,10,65,5,-17
-57,-248,31,40,-9,9
-15,-249,-27,-111,-48,-38
-44,-248,19,-87,-0,-56
-14,-254,8,-16,-108,-48
-34,-249,11,-6,35,-82
-24,-254,-17,3,-29,36
-26,-268,-8,-24,40,-84
-56,-250,-12,-18,81,-78
-49,-248,22,-54,-16,59
24,-259,-11,-4,4,-33
-2,-257,43,12,53,-51
-10,-260,-5,8,-40,30
-13,-259,7,1,-98,-4
-1,-242,10,50,19,34
-10,-247,10,-4,-10,13
-33,-251,13,17,31,82
16,-253,31,65,-2,60
-29,-244,10,-23,26,-40
3,-257,-14,-27,-59,-20
5,-265,14,-13,-15,47
26,-275,35,-9,28,77
4,-255,19,-92,43,53
40,-245,-23,8,62,23
-2,-263,-17,-72,-21,27
40,-255,6,-97,-82,8
27,-254,19,-11,9,38
17,-240,12,-73,72,-55
-12,-267,3,47,-34,-21
31,-255,-16,-14,-24,48
63,-242,40,62,95,27
42,-273,3,53,-58,81
48,-240,-17,-2,33,48
23,-261,-24,56,-15,143
78,-266,-6,-22,-52,10
69,-258,2,-107,-50,-29
50,-255,-3,-76,84,-28
64,-264,-33,16,12,41
41,-240,-18,29,26,104
63,-256,8,42,-15,24
41,-258,29,-39,-11,31
75,-263,-2,-5,-31,17
44,-264,-38,9,111,-28
76,-249,-22,9,62,-32
51,-258,45,45,19,-36
55,-261,14,58,-5,-85
58,-258,7,44,75,-62
41,-255,17,-67,96,37
63,-252,2,64,56,57
62,-275,-11,3,77,-63
77,-261,-23,-5,13,7
64,-262,-36,-0,30,-46
54,-266,1,42,7,-117
41,-268,-15,20,96,41
50,-270,16,-30,2,35
56,-247,46,-19,-12,29
18,-239,15,-78,50,-78
27,-243,-15,-44,-68,-24
15,-261,2,-125,-84,-32
32,-256,-15,95,-39,-46
14,-263,-20,-7,25,-51
14,-260,11,-2,58,-98
-32,-249,2,-15,22,40
42,-244,-2,-111,4,12
26,-261,-2,8,17,23
-10,-264,22,89,-15,-6
3,-249,-7,12,-7,41
26,-251,2,-19,24,80
-13,-257,31,-9,22,75
-4,-241,1,29,12,-68
-11,-265,-33,3,-12,-32
-3,-274,-9,48,-39,-141
-11,-254,29,29,-0,56
-20,-248,16,41,-84,3
-16,-258,27,-147,63,-17
-2,-270,-26,-17,40,-27
-16,-277,-10,-19,17,-13
-38,-262,31,-103,60,12
-17,-262,-18,-31,32,-15
-29,-239,11,1,-22,5
-51,-250,-54,-91,26,47
-6,-257,14,39,-97,16
-45,-253,9,62,-28,111
-8,-262,-12,56,3,-41
-60,-242,31,-30,94,-36
-47,-259,-55,60,-30,41
-50,-266,-31,-0,-15,60
-61,-259,8,39,-22,63
-81,-250,-3,19,-48,-6
-48,-258,-5,84,-61,-3
-48,-270,2,-2,-17,-20
-55,-256,-27,66,-69,24
-14,-239,4,-26,38,58
-61,-255,30,-29,-66,-36
-66,-243,29,13,40,-8
-43,-235,14,-69,15,18
-62,-259,3,-114,-29,47
-44,-266,10,-31,-32,10
-83,-261,18,90,-90,13
-28,-267,15,86,109,-18
-50,-264,-11,1,121,-77
-25,-251,14,33,-58,-21
-30,-249,29,17,26,9
-34,-273,19,1,-45,21
-18,-269,-3,-48,-15,-24
-7,-247,20,-54,-28,-7
-13,-264,25,-68,56,-3
-61,-263,5,-43,12,68
-26,-255,-18,-50,64,-35
-70,-247,8,57,108,130
-30,-249,-48,-39,-19,35
-2,-250,-5,-20,17,46
-13,-240,-15,-21,39,19
-16,-245,14,59,-30,97
-25,-262,5,-22,-54,-92
-21,-259,-19,-17,-28,12
-2,-254,-19,63,34,2
21,-256,-0,-25,14,99
11,-268,20,-23,50,45
-3,-249,-26,-15,21,-89
-31,-264,29,-20,16,-47
-30,-264,-27,28,26,-23
15,-245,14,-89,-52,39
-3,-266,27,-52,27,-101
16,-268,-19,81,-173,19
35,-251,6,-11,21,8
31,-271,-14,4,41,-33
21,-253,30,30,-0,3
38,-264,-18,24,60,6
21,-265,-1,-39,14,-36
38,-272,24,-40,66,-41
41,-252,12,-57,1,29
-9,-257,-11,23,-8,-2
54,-240,-17,53,-13,-2
40,-258,-0,-25,-36,-10
36,-254,24,-11,-42,4
45,-242,-1,8,87,56
66,-251,19,-74,30,-35
44,-269,-30,7,122,-109
46,-250,-19,-31,77,-27
40,-248,-6,-16,25,7
52,-258,6,-54,14,29
22,-255,-25,-58,100,41
52,-236,19,24,41,29
21,-249,1,26,55,-12
57,-263,-24,20,-5,-43
59,-253,24,-15,-50,58
-4,-265,-32,-61,34,-36
44,-252,13,27,-63,-87
17,-260,-1,48,-32,-28
30,-246,8,13,37,-79
24,-274,-22,-21,-27,-25
57,-258,-31,16,31,47
35,-255,20,-15,-24,-35
56,-275,2,61,1,-44
50,-250,-25,-58,-75,8
50,-244,-23,9,28,7
40,-260,17,-67,-25,-13
22,-257,6,1,-29,-60
20,-272,30,54,16,-13
44,-271,13,53,28,-24
27,-268,-46,-13,-30,1
18,-243,-46,-21,-16,-3
15,-241,-18,85,61,-75
25,-252,-22,5,15,6
2,-252,-35,-30,35,-17
10,-252,17,-15,-68,62
1,-248,7,81,49,0
-33,-259,4,-68,-22,-40
15,-249,14,10,29,27
6,-243,38,-22,2,-68
10,-256,4,94,-50,-47
-0,-250,-3,60,-25,-32
-23,-263,43,28,29,-68
26,-248,-8,116,108,-55
-32,-270,-2,-45,-107,46
-45,-271,-4,-3,-15,64
-45,-264,-12,-38,4,-5
-48,-259,27,-27,-16,17
-11,-258,24,-51,-36,-51
-36,-269,-9,-48,136,21
-34,-250,-21,-16,-29,71
-17,-262,45,-11,-114,-17
-50,-252,-34,32,74,-2
-61,-264,14,68,50,-21
-22,-248,-19,112,-22,-71
-59,-255,17,-2,-42,-108
-47,-243,-16,-16,14,-12
-16,-252,-7,60,14,4
-42,-257,17,-10,-49,-7
-15,-261,-25,-135,-4,-9
-65,-263,12,-62,-52,6
-73,-236,32,0,-5,34
-57,-254,1,3,-34,16
-46,-259,-16,-23,-17,28
-74,-260,16,-10,12,12
-37,-257,-3,48,-32,-70
-87,-250,4,-11,-12,41
-76,-256,-26,-150,-48,-3
-68,-261,15,39,100,-27
-71,-246,12,-23,-37,17
-31,-261,20,-22,-31,-58
-30,-253,-1,72,106,43
-66,-264,9,14,17,-35
-35,-244,-53,50,38,61
-46,-273,-3,-35,9,-28
-63,-243,23,27,9,44
-19,-260,-30,-98,-49,-35
-8,-259,20,41,65,-36
5,-247,3,24,53,-9
-23,-260,27,-83,27,-124
-21,-255,16,46,-21,31
-25,-256,-35,-6,-28,-59
7,-250,14,66,-51,-17
14,-260,-10,19,7,88
-11,-259,-2,-50,22,1
-4,-255,-29,-33,59,-2
-11,-250,23,6,29,-8
-22,-268,6,-21,-35,-26
-12,-254,-3,12,47,-0
-3,-261,6,-63,-2,36
-1,-243,21,-31,-21,-28
-3,-266,-22,43,-9,3
5,-248,25,-10,-22,-30
26,-264,3,-36,19,94
11,-255,9,39,65,-24
1,-267,1,-61,14,50
40,-257,-1,54,2,-58
51,-254,-22,-23,-64,-55
47,-254,6,-17,69,-5
55,-276,21,-84,97,-19
53,-245,20,-18,145,3
31,-256,-17,81,4,-85
49,-252,28,74,16,-39
42,-255,26,72,91,57
33,-259,20,-119,9,23
66,-244,-5,-1,-129,-21
71,-268,38,61,-8,-114
42,-256,27,41,-7,3
40,-253,-28,-39,-181,-43
40,-273,3,-14,40,58
25,-254,-7,-85,-30,-8
46,-242,-28,-4,85,17
59,-251,6,17,25,-45
43,-258,-9,9,46,-9
57,-243,-1,33,14,119
12,-267,-9,-20,24,-78
41,-246,17,-59,-24,-80
56,-251,-22,53,-23,18
56,-254,-8,45,-77,-44
37,-241,7,72,-24,-10
24,-249,-30,46,55,-79
50,-272,31,22,25,-8
41,-273,-4,97,-89,-16
41,-267,12,23,-15,-8
61,-250,3,51,83,52
23,-254,-22,-5,81,66
37,-259,3,51,25,-8
17,-272,14,54,42,37
31,-253,-21,-68,57,-58
1,-257,-2,-79,6,16
24,-248,-18,38,34,-60
39,-256,-14,8,-16,89
4,-269,-41,-47,-100,-15
15,-269,30,2,-84,22
13,-266,2,-47,13,-54
20,-267,-8,17,48,-52
-17,-251,-43,-22,40,55
24,-236,11,18,39,53
20,-258,-7,22,21,42
6,-257,-5,-53,4,56
-24,-262,-9,69,-11,72
-38,-249,4,-101,24,36
-27,-266,-4,60,-80,33
-45,-262,-29,-69,-23,-24
-32,-251,-2,-82,50,-14
-14,-265,15,-23,-5,-42
-3,-251,11,83,49,22
-20,-251,-9,33,29,-89
-44,-263,-1,12,22,-9
-71,-253,23,-17,21,-14
12,-257,-21,-1,-10,-59
-19,-258,-1,157,-36,52
-41,-245,-14,-115,30,-66
-29,-246,19,10,141,-35
-25,-259,5,-79,7,24
-46,-253,-20,5,34,-61
-25,-261,-24,23,-41,-23
-43,-260,6,-30,50,-54
-39,-236,7,49,1,48
-75,-265,-28,18,-29,-16
-39,-247,20,-42,89,87
-44,-240,5,12,12,15
-36,-250,-9,-40,-25,13
-44,-262,-16,39,-5,3
-40,-273,-19,-27,-26,48
-83,-239,12,-50,9,-30
-56,-254,13,-13,31,52
-56,-252,-26,-55,21,-63
-28,-268,-10,47,15,-51
-71,-270,0,69,0,-22
-36,-259,14,-46,-36,-93
-47,-254,10,49,-62,14
-31,-250,32,19,43,-35
-4,-242,15,-3,-50,75
-42,-247,23,-45,-14,19
8,-281,-53,-65,15,64
-41,-262,-24,-126,-15,79
7,-256,19,46,35,54
21,-256,9,8,32,70
-32,-255,-18,86,-17,12
8,-254,17,-54,21,53
-20,-276,8,9,-58,27
-33,-259,-3,-59,-1,2
-10,-259,-28,-52,26,-53
-12,-259,-28,23,-39,-33
-48,-257,17,-22,-65,51
-39,-255,13,-13,17,-88
2,-252,38,21,101,21
-6,-263,6,55,97,-4
6,-264,11,34,-91,-13
18,-273,20,49,10,25
26,-260,22,-92,107,65
11,-270,-12,106,32,76
31,-251,-2,-55,-15,32
48,-257,-14,-56,96,81
14,-252,23,85,28,73
-7,-282,32,74,-47,-65
17,-262,19,-32,-39,34
20,-259,37,-44,-98,-15
43,-258,-19,12,-20,14
30,-248,-35,38,-55,12
44,-257,-1,46,-36,-28
42,-252,-12,-3,-112,31
43,-274,3,3,-63,-19
58,-239,-12,-4,-58,45
52,-247,-16,40,29,-1
-5,-267,-42,-64,-44,-11
18,-250,-36,-39,23,-31
42,-261,-9,-37,-17,84
64,-267,-13,81,-21,-12
26,-240,-0,-49,79,61
69,-253,-7,45,31,-34
45,-250,9,59,-92,55
34,-273,-9,-70,24,4
47,-245,43,-10,93,-20
41,-252,-6,96,18,20
52,-258,-18,98,18,-22
34,-251,11,49,-88,56
41,-278,-18,-80,30,60
56,-266,23,-28,14,-66
31,-254,14,-87,-43,-63
23,-249,-1,-44,37,11
27,-248,-2,4,-49,7
30,-274,-10,-96,-42,84
29,-257,-33,-64,-15,121
50,-249,38,-43,-14,6
-2,-230,21,-49,-74,71
41,-251,-17,17,85,9
29,-247,21,17,-99,-47
21,-255,20,48,-35,-23
7,-259,1,30,-76,66
27,-248,-15,21,5,-6
19,-263,-21,-7,68,-19
-1,-245,-10,51,29,30
18,-266,45,-106,-67,5
28,-270,7,-36,40,-0
-4,-263,9,-70,-29,-48
-30,-252,18,47,-13,-71
-13,-260,18,50,-80,25
12,-271,11,-60,-20,56
11,-258,10,3,76,50
6,-259,14,62,-34,-23
18,-262,-27,-42,41,9
-45,-231,-21,-2,-69,32
-14,-260,-4,19,56,75
-7,-262,14,-31,-86,-17
-75,-255,-17,-26,-100,54
-28,-262,-3,-46,32,53
-27,-231,-30,57,61,13
-54,-263,46,-40,-12,-43
-38,-238,-3,17,18,14
-26,-250,2,27,57,-25
-42,-264,16,13,59,44
-33,-251,-3,32,-30,57
-21,-250,10,-4,-45,-63
-63,-250,-28,76,17,103
-57,-266,41,46,-5,-38
-26,-255,-9,33,80,-77
-59,-239,-11,-2,37,94
-68,-269,-6,18,34,-34
-70,-254,-31,37,17,-8
-39,-249,14,88,-3,-27
-63,-258,24,-1,-28,13
-82,-239,40,54,-187,-45
-37,-281,-31,90,-24,17
-71,-252,-1,-67,-9,23
-53,-258,-1,2,38,16
-24,-276,13,-12,-1,1
-47,-244,-11,44,66,-20
-82,-258,-6,4,-66,98
-56,-252,-3,-142,3,57
-62,-263,1,36,-15,41
-9,-256,-22,-42,-73,68
-73,-236,4,-14,-108,8
9,-254,15,99,-65,50
-40,-270,-11,-58,-39,20
-22,-253,-52,-50,24,-58
-39,-256,9,-28,-75,77
-16,-258,12,5,21,7
10,-245,7,-9,38,3
-49,-241,-20,-84,7,67
-6,-276,6,22,-11,18
-13,-256,2,17,78,-10
-32,-249,2,37,59,16
-21,-271,6,-46,-57,-40
-30,-263,9,-5,-59,-22
24,-258,-38,7,-24,9
-16,-250,5,-1,45,-26
46,-247,-42,-31,93,49
1,-261,2,-17,85,-13
-13,-251,-31,51,61,-0
30,-257,30,15,1,-36
3,-250,-12,50,-84,-37
33,-273,9,28,-4,38
33,-258,-25,70,-24,13
15,-247,-15,-88,76,-98
72,-267,-11,46,14,-14
25,-272,-15,-6,82,46
20,-247,9,-3,17,9
31,-243,8,75,-23,118
10,-251,-50,-61,9,-31
43,-246,-34,-41,-35,14
3,-260,22,4,-52,12
19,-250,-12,87,-77,59
61,-253,7,44,-11,-87
24,-264,4,30,-14,-64
29,-267,-18,-31,-38,48
61,-251,-30,-70,119,-2
-11,-236,22,-6,116,38
80,-251,22,-9,7,50
72,-249,14,-66,19,10
68,-264,14,94,53,-24
69,-253,10,-49,-10,15
66,-256,-8,-72,97,-37
45,-255,16,-42,56,43
59,-245,6,-3,-16,-37
21,-275,-13,-49,75,3
61,-249,32,42,-35,82
46,-257,-11,45,-45,12
76,-245,-5,85,87,1
56,-246,4,29,-74,-17
7,-257,-15,83,68,-30
52,-268,3,-66,38,44
31,-267,2,31,5,-52
32,-247,-14,-50,-85,63
34,-247,17,-45,-14,40
33,-263,-3,117,70,-13
39,-258,8,-57,32,33
21,-258,7,-3,-73,-21
-4,-258,-15,-41,10,53
39,-241,2,20,-53,-7
3,-247,9,31,-52,6
37,-273,6,-33,-1,10
28,-284,28,78,-25,11
-7,-273,0,-64,72,27
16,-278,11,-34,18,-25
20,-256,-36,-103,16,59
-24,-267,7,19,-16,109
-13,-243,-1,14,-59,20
-15,-249,-23,-39,-97,128
-17,-255,-14,8,44,-3
4,-260,23,83,64,-35
-9,-259,14,24,-1,25
-23,-252,22,-16,-76,-44
-47,-248,-11,43,-7,81
17,-261,-46,-37,3,10
-5,-258,22,-10,64,-1
15,-265,-1,-30,31,-27
-37,-267,4,63,4,-51
-18,-250,-20,32,-26,32
-59,-262,-13,14,19,23
-41,-261,32,107,2,-38
-52,-239,19,74,-45,105
-76,-241,-14,-34,54,114
-28,-258,-31,125,-34,-10
-48,-256,-2,-28,-23,53
-37,-245,14,-16,-34,1
-86,-251,-1,44,-57,-60
-93,-259,-46,27,14,-34
-56,-261,26,3,-13,32
-47,-273,-19,-13,-4,13
-31,-264,1,39,-134,20
-74,-255,-11,35,-65,-64
-37,-255,6,65,-26,-55
-74,-242,37,-44,1,56
-56,-262,11,-11,-75,-29
-61,-269,-14,-63,5,29
-49,-268,-25,-20,-41,-123
-39,-248,2,-32,145,85
-44,-248,-14,56,5,-29
-49,-257,10,-85,34,34
-69,-255,40,-14,-17,64
17,-257,7,12,-6,47
-16,-243,-2,11,40,71
-28,-252,-21,-41,12,-68
-14,-278,16,-26,28,66
-33,-254,-24,-53,34,58
-16,-240,-2,57,12,3
-23,-264,-23,69,81,73
-8,-262,-62,-80,13,-63
-43,-247,4,-33,-6,-54
-10,-252,38,-35,29,-18
-27,-271,-9,55,-12,-16
-20,-269,35,22,-53,-39
-17,-266,-4,65,38,100
15,-255,23,55,48,-19
18,-248,-6,13,83,73
-4,-228,18,134,-60,8
7,-260,44,-57,-15,33
15,-252,7,4,-73,7
24,-269,-14,13,31,0
2,-267,34,63,41,-80
17,-258,-31,-38,19,45
36,-258,-11,-45,43,-39
4,-247,12,-7,-29,-4
16,-249,9,-52,-128,23
7,-257,-2,-53,12,-22
20,-262,23,-37,9,4
46,-243,-51,-51,35,1
16,-257,-5,-22,16,90
43,-269,-7,-38,24,26
73,-269,1,-59,-42,-60
98,-265,-11,94,56,16
79,-255,-4,40,-73,-37
59,-253,13,45,14,-32
35,-252,5,56,53,37
41,-258,-8,87,59,31
53,-251,10,4,31,6
38,-267,27,31,27,-8
52,-265,20,-15,-38,-9
90,-252,-46,58,-12,-35
78,-241,15,12,-20,-31
7,-261,4,81,-10,62
50,-261,-30,-7,-8,27
94,-261,-38,10,-86,-23
44,-275,4,17,29,85
44,-259,-29,-62,-0,52
54,-250,60,-6,3,-55
25,-259,-15,-32,-17,-90
57,-245,2,-59,-29,70
47,-248,10,32,-42,26
30,-254,-7,45,-114,-7
37,-250,36,42,-70,-27
40,-263,15,12,-1,-43
20,-244,-5,42,-52,32
42,-251,-14,49,75,0
13,-253,-46,-23,-22,-22
14,-249,11,61,-32,20
6,-263,0,-81,12,1
56,-257,-3,24,-16,22
25,-267,-15,-57,58,24
12,-260,-4,-29,-6,61
-29,-245,-11,11,-14,63
37,-240,29,-50,50,-69
-31,-236,3,-1,20,-48
-5,-250,3,-55,79,23
11,-255,-1,67,74,-42
-8,-250,7,-32,-61,38
-2,-253,-7,-10,-21,88
-45,-255,12,-45,33,-69
-4,-256,2,6,144,30
14,-260,8,45,-70,-104
-66,-243,-9,-67,30,14
-40,-259,19,26,22,-84
-12,-268,6,1,-33,-28
-39,-244,-7,45,18,37
-34,-252,5,30,-40,-48
-1,-263,14,78,-45,-59
-70,-262,19,-68,54,31
11,-252,3,-52,-55,55
-40,-268,-14,-58,-65,8
-47,-267,0,-16,-59,-75
-47,-260,2,25,9,-83
-40,-235,-17,69,60,39
-50,-264,4,-1,4,-90
-50,-266,-18,-45,-3,-20
-97,-255,4,9,-35,2
-41,-258,-32,106,55,69
-63,-249,46,17,-17,5
-37,-251,10,19,-14,-32
-22,-237,-10,-26,1,-67
-51,-266,-34,-3,49,-18
-57,-270,-1,-43,120,10
-48,-255,32,-59,76,12
-65,-272,9,99,-13,-95
-86,-260,-10,27,42,5
-33,-259,-15,-112,7,-9
-54,-253,15,11,17,-1
-54,-256,55,20,-22,29
-6,-256,24,1,61,9
-24,-264,11,-9,-75,-61
-52,-250,10,86,48,39
-52,-258,-0,3,-24,25
-12,-257,-5,106,12,-12
-43,-261,13,-41,-9,3
-35,-264,-11,-50,37,-62
-56,-254,22,3,-19,-13
-46,-278,11,-73,-166,31
-25,-258,-5,39,-34,-34
-12,-237,-24,21,62,18
-14,-237,-0,-28,73,-15
-7,-245,10,-46,-63,-4
-18,-260,18,-27,-56,92
9,-261,-2,6,4,19
13,-278,-29,0,25,74
-17,-248,-22,-21,-9,-30
-22,-265,-21,18,-91,-49
-11,-242,-10,-127,-34,70
18,-249,6,-100,-65,51
-4,-255,-12,87,44,-3
49,-252,36,-53,-1,26
-15,-258,2,-19,-11,-33
6,-261,38,1,64,-12
46,-259,21,26,-69,-17
61,-243,-5,-48,80,-27
14,-256,8,19,43,60
28,-254,-3,44,32,52
28,-231,-15,4,14,58
55,-253,12,-92,-5,-41
43,-259,7,-26,53,-79
61,-262,7,110,23,65
62,-253,-21,25,-57,-34
37,-249,33,-35,-1,49
16,-251,2,-34,10,36
54,-265,-15,8,-67,50
58,-249,1,-22,-39,-32
42,-255,-17,44,-114,-50
85,-266,14,-8,15,10
27,-269,-0,11,66,14
63,-270,29,-55,17,18
33,-258,-76,-22,-24,17
59,-245,-17,106,53,-84
55,-249,-1,45,24,142
40,-245,-4,13,17,-39
43,-268,-52,26,67,94
41,-253,21,-127,-8,35
50,-254,-13,78,64,8
60,-266,27,18,-48,15
63,-264,16,37,20,-24
30,-254,1,61,-17,-46
30,-269,8,-18,-41,-15
18,-258,4,43,-17,63
43,-252,-8,65,-111,-53
45,-266,5,-3,-3,65
28,-259,-18,2,19,11
65,-247,-8,68,73,-39
93,-263,7,71,64,109
35,-251,17,21,44,-2
5,-240,0,-21,10,24
35,-250,10,55,24,53
16,-266,-24,-1,82,-8
11,-233,25,7,-8,76
44,-255,-23,51,143,-9
-11,-241,3,-25,-4,-29
6,-246,4,-76,-29,-45
-17,-261,5,26,33,0
-7,-246,5,36,20,29
-13,-262,26,-10,-75,-48
9,-252,-29,-112,40,29
-33,-259,20,-97,49,-61
-5,-247,-4,28,8,8
-16,-261,20,47,50,28
1,-260,38,-1,6,19
-24,-281,7,-63,-33,15
-43,-261,-20,-15,-32,-88
-32,-249,-9,41,55,17
-54,-254,-16,-60,39,-67
-47,-245,13,32,21,10
-44,-254,-1,60,-22,-12
-17,-238,-4,32,-30,8
-21,-256,-26,88,-63,8
-30,-246,-5,85,41,-22
-35,-261,10,-42,-79,28
-49,-263,4,-42,14,51
-27,-259,15,-24,-117,53
-60,-248,-1,-15,13,-53
-51,-252,16,-46,13,20
-60,-252,33,-4,50,32
-59,-259,5,22,38,16
-67,-268,4,-96,-103,-96
-97,-245,21,52,-87,48
-21,-243,-13,-24,-34,-48
-71,-262,-15,113,-104,79
-31,-250,12,-23,-25,-85
-22,-253,43,16,58,-33
-11,-261,-40,-59,35,-20
-26,-250,-0,19,-11,13
-57,-249,-7,21,3,-33
-51,-257,0,-10,-40,-40
-53,-257,23,-67,-51,17
-53,-260,-19,83,61,-2
-38,-276,-14,32,3,28
-95,-253,17,-17,32,-0
-28,-255,-34,22,35,-23
-44,-251,18,72,-25,19
-45,-263,-29,66,-49,-10
-20,-251,12,-53,46,-30
-25,-267,14,19,15,-24
-32,-271,-3,66,49,40
-58,-259,4,-21,29,47
-4,-248,15,37,2,92
-8,-252,-34,10,37,-13
-21,-257,-32,-86,30,46
9,-242,23,-7,-6,26
-11,-264,13,76,-61,42
-33,-255,-10,50,35,-20
-16,-251,-1,-23,-33,30
-32,-238,-54,23,68,-23
-6,-257,-1,-119,-1,21
27,-269,3,39,10,13
13,-251,8,62,-78,22
9,-251,-20,-33,37,-45
13,-252,-16,0,79,-24
12,-275,-7,36,-39,-73
42,-272,-4,-27,84,75
62,-246,-3,-21,-6,-90
16,-250,53,61,-31,44
44,-260,-5,-3,-29,38
27,-256,-27,94,-28,18
-6,-252,-6,20,-2,-73
8,-256,-31,-60,-23,23
45,-250,8,22,69,58
-1,-263,-15,-60,30,3
68,-247,2,-46,119,-14
49,-265,9,2,34,-34
63,-275,-9,-25,24,2
34,-253,-2,-20,45,47
58,-273,27,19,21,-128
49,-262,-11,26,66,-6
34,-264,-19,84,-44,11
48,-252,3,-53,-16,22
74,-267,17,46,31,-15
51,-240,-8,-32,-79,5
60,-240,-10,38,23,39
26,-268,16,-35,36,-5
95,-250,28,-68,-16,-40
72,-264,-16,-28,8,-30
59,-256,44,20,62,9
53,-271,1,-75,-5,-8
75,-243,-25,-22,-79,-52
61,-262,15,-29,-94,111
3,-250,25,64,113,-35
28,-255,-2,14,43,-38
62,-261,-12,-69,-32,-21
57,-250,19,38,58,13
34,-251,-3,-1,9,-50
28,-247,-37,-116,-48,-53
9,-254,38,-6,-41,-49
17,-265,-4,71,-26,7
12,-253,19,57,64,-49
10,-267,3,17,48,-27
16,-265,-17,9,-18,59
38,-255,-7,-72,-33,59
22,-274,-16,-31,14,-11
4,-260,-4,-4,-55,-53
31,-253,-30,5,47,74
17,-269,19,-39,-49,-2
-19,-246,-5,34,-90,15
11,-242,-6,-19,8,-13
7,-269,27,-7,63,22
-17,-260,3,-17,45,-51
8,-253,11,-46,6,-103
-17,-265,-27,24,-5,85
-32,-257,-7,-87,5,72
-32,-236,-32,5,18,33
-6,-270,-7,78,-45,29
-21,-264,-24,15,-21,110
-26,-237,-31,19,46,-95
-31,-256,-10,-78,-24,28
-53,-255,27,3,5,12
-41,-252,-19,-58,-43,73
-63,-243,2,-24,-12,45
-26,-246,5,47,34,5
-52,-253,25,12,-73,-9
-44,-259,-4,9,70,-36
-1,-250,-6,33,-69,-15
-11,-262,1,32,-72,-20
-52,-240,13,-19,-17,-20
-49,-277,-38,-140,-82,32
-66,-256,6,137,-60,-20
-34,-270,37,35,-67,-58
-50,-245,-4,-39,-46,-16
-73,-252,25,39,-24,-28
-73,-257,-10,23,-37,-9
-65,-269,-9,55,27,48
-52,-255,26,-105,29,15
-34,-262,-20,41,-41,-1
-44,-258,-24,-23,-0,-27
-47,-253,-3,-133,-40,39
-27,-258,31,-13,-52,-54
-56,-245,-3,-124,-36,-64
-62,-257,-7,49,-62,-39
-37,-246,-56,8,-55,4
-21,-254,10,-19,99,65
-59,-258,-26,-97,9,2
-34,-238,7,-69,-31,35
-25,-259,-18,-44,8,46
-36,-264,14,-8,88,-83
-27,-252,-25,-38,-63,-10
-4,-250,-4,77,39,-1
-44,-260,-20,5,40,-14
14,-245,-32,-26,19,37
-21,-256,-2,-29,12,110
-14,-264,2,67,115,60
9,-259,-6,-18,4,-52
-2,-255,-6,-27,93,-49
27,-253,9,18,-61,52
21,-245,-7,-67,-41,-40
26,-261,1,-9,44,-68
10,-251,-4,49,-42,59
8,-261,4,3,35,-50
9,-238,-11,-34,-59,-37
12,-263,19,-22,-7,74
7,-250,-33,8,14,9
34,-268,19,11,-8,38
7,-260,6,11,-72,-0
11,-256,-11,-30,15,32
26,-262,41,9,-11,-4
18,-269,-3,-29,22,-66
45,-249,18,53,4,-31
30,-270,-12,14,1,35
14,-256,-6,109,-13,59
24,-267,11,21,-64,-34
50,-258,-5,-30,5,23
61,-261,-24,-63,-115,-32
47,-259,15,24,-21,-4
54,-257,32,87,-3,55
56,-281,-10,29,65,-40
59,-242,-42,66,26,-50
31,-264,4,53,-40,44
48,-271,21,-57,-43,-27
29,-240,-6,15,2,37
47,-262,-10,12,-60,-15
32,-249,-44,-45,80,49
59,-262,-10,27,-5,-9
48,-252,5,-22,15,48
45,-258,-21,-24,-19,4
47,-257,5,32,18,-34
46,-261,-7,24,94,-54
45,-267,19,-27,6,-51
59,-243,-17,-60,-7,38
73,-275,24,15,-4,25
42,-259,-13,21,5,-6
88,-263,23,-52,126,-103
41,-272,15,12,13,3
40,-274,-4,-12,-43,-58
37,-246,-4,-2,40,101
34,-267,-26,-63,5,-26
69,-255,20,-48,26,10
49,-262,-2,9,-34,11
10,-261,-35,60,-27,67
28,-254,1,85,3,-71
33,-269,28,49,33,-9
-27,-263,-3,-21,35,7
-7,-261,-9,-170,-65,8
30,-249,18,-12,-33,-83
4,-251,-1,-54,-84,-32
-12,-263,-39,25,-41,-24
24,-266,-4,-2,-50,-7
-8,-253,42,46,-42,-51
2,-268,15,-56,58,23
-27,-257,-24,-25,6,-112
-12,-252,28,28,-39,-10
-22,-239,7,46,39,15
21,-249,21,-21,24,-61
-34,-257,9,-7,-23,-34
1,-243,-21,-7,2,-21
-18,-253,15,16,-58,-29
-45,-283,25,-82,31,85
-35,-252,15,-5,-120,53
-27,-255,38,42,-53,-33
-46,-253,-45,-21,38,-1
-65,-265,-47,-4,60,67
-76,-257,-15,38,96,-18
-59,-258,-6,-28,7,44
-47,-256,7,21,64,-52
-45,-259,30,10,58,-26
-35,-259,12,-38,13,-113
-48,-260,35,42,-73,-41
-63,-278,20,-11,79,23
-41,-259,11,12,-6,-11
-20,-259,36,-34,54,-40
-74,-263,0,-8,-89,19
-38,-255,-26,9,59,-23
-58,-263,15,27,-49,-11
-59,-246,34,-11,-19,-78
-69,-249,-5,-79,43,47
-53,-266,10,-5,110,1
-11,-264,-3,-88,-95,26
-18,-261,-30,-66,92,-30
-25,-256,19,17,-94,97
-55,-247,4,1,-60,-6
-55,-256,-14,15,-91,100
-25,-255,1,-75,-50,92
-66,-250,27,45,61,-55
-52,-266,6,7,-37,24
11,-261,-10,-33,-46,-3
-38,-264,-4,-47,2,80
-30,-261,5,-27,-60,99
-7,-247,-37,-104,-24,-19
-29,-273,-10,71,93,39
-9,-249,-11,-56,-60,60
3,-269,-13,85,29,90
16,-272,28,1,51,132
-10,-265,16,62,-38,-115
22,-255,-14,82,-46,-7
38,-273,-33,-8,-43,37
2,-263,2,-67,32,33
15,-269,-18,54,14,-54
2,-251,-12,-11,-43,-22
-8,-247,13,-29,63,-34
18,-243,12,-59,48,-40
4,-252,-25,-7,10,72
32,-260,0,57,-16,16
42,-270,12,106,-8,94
-25,-258,-33,35,5,1
39,-248,-41,7,53,1
45,-242,8,-14,-11,28
34,-244,-4,28,-105,41
24,-256,2,43,-37,-23
41,-277,3,-15,-2,-58
62,-252,35,41,-55,-51
37,-270,27,17,114,51
11,-251,4,-8,85,46
96,-266,-19,-116,-37,62
73,-245,-13,120,-102,10
33,-267,-30,20,-22,-91
71,-265,1,77,24,-58
26,-253,-13,20,-30,12
73,-254,-5,-100,-7,-21
76,-249,-53,13,-18,-5
48,-269,-13,130,-89,5
64,-240,16,-69,68,93
80,-261,-23,-37,16,2
33,-254,33,-106,56,9
48,-257,-3,3,68,-23
43,-267,-13,54,-70,-24
43,-262,-5,-135,-66,-32
38,-257,-13,43,-15,15
46,-261,1,-12,-29,-92
56,-253,23,24,25,72
31,-258,-39,-69,-4,6
46,-256,-9,30,35,-113
37,-241,22,-9,-12,41
33,-256,2,22,-37,106
30,-266,-5,54,-19,-33
17,-241,-31,62,-44,20
43,-262,-36,30,-35,-92
-9,-264,14,12,95,27
52,-274,-13,-71,28,20
21,-263,-43,36,18,94
6,-253,-39,-26,-69,-42
4,-244,-29,28,116,-71
3,-248,-17,5,4,45
2,-233,17,-9,-18,-34
6,-254,-17,13,39,-84
-13,-246,9,89,71,-58
15,-247,-19,15,23,8
-17,-252,-8,-97,-24,29
4,-250,-27,27,60,-86
9,-261,-24,-4,64,-87
22,-267,-14,-34,-9,23
-16,-251,16,18,-73,124
-15,-243,3,15,-10,1
-18,-251,-2,-39,75,22
-47,-262,8,-20,-66,43
-27,-263,-11,45,-82,-5
-20,-262,-10,45,71,-60
-58,-261,-19,2,-57,-43
-12,-252,-7,86,35,-24
-9,-241,-9,15,-30,-12
-2,-1,0,-16,36,45
-0,-0,-1,71,-27,-18
-1,-1,-0,-22,-23,-28
-0,-1,4,36,-51,-66
3,0,0,100,4,-88
0,1,0,-3,-122,-20
-2,1,-1,-50,-77,-77
1,-3,-3,-25,-57,-44
0,-2,-0,-37,65,19
3,4,-1,34,-42,-1
-2,-1,-2,-7,60,-50
-1,-0,4,-30,31,-84
2,3,2,29,-5,-56
-3,2,-0,38,-62,-29
0,2,-2,-8,-41,-36
0,2,0,-19,-65,23
-2,3,0,-25,26,31
-1,-3,1,70,-4,-43
-1,3,3,4,8,8
-4,0,3,21,-99,-51
149,-69,101,24,75,2446
226,-22,117,-51,-5,2774
307,35,130,56,27,3745
470,145,175,42,51,5313
654,313,250,29,-21,7404
913,511,378,14,-24,9921
1184,753,481,101,39,12746
1469,985,598,-4,47,15747
1743,1225,720,-26,-52,18784
2037,1442,827,-14,0,21714
2279,1664,896,-33,23,24400
2496,1820,1004,66,-16,26718
2654,1977,1052,-114,22,28558
2802,2064,1116,-43,65,29835
2839,2131,1152,75,65,30489
2845,2090,1112,-18,107,30489
2771,2060,1122,-16,-47,29835
2690,1964,1082,81,-51,28558
2499,1826,1011,63,69,26718
2300,1643,903,-93,27,24400
2051,1426,793,18,65,21714
1738,1217,726,108,-40,18784
1458,975,591,11,-72,15747
1195,749,462,2,63,12746
963,526,409,22,57,9921
722,325,288,67,-48,7404
539,156,216,-93,39,5313
367,29,150,-36,-83,3745
336,-24,119,-44,55,2774
262,-60,89,19,68,2446
265,0,3,103,80,-76
260,2,8,34,49,52
255,-2,-10,-15,13,-34
257,-0,9,53,-17,-4
259,-2,5,-37,54,-18
266,-8,1,-64,-62,13
249,-11,-1,31,80,-49
261,4,-6,48,71,60
264,2,3,-35,73,1
254,4,-1,23,-62,34
258,-7,6,-60,-72,45
256,13,4,2,4,-18
265,4,-5,-6,-27,-49
246,-7,-1,-36,7,11
264,-14,-10,77,-28,-58
268,1,4,-11,77,18
258,2,0,-32,-12,-69
257,-6,9,-23,43,43
259,4,1,10,54,-106
249,4,-2,7,80,-84
254,-4,-9,46,-41,20
253,-3,3,6,-18,-11
254,-4,-7,-14,-20,-68
250,1,-5,-6,-2,-10
251,6,3,-43,-49,49
259,-4,-6,-11,-9,-18
250,-4,-11,21,-15,-31
255,4,0,41,15,-8
254,-10,-6,-26,-99,46
263,1,2,26,69,34
256,-3,3,-30,55,-19
257,-1,3,37,-97,-26
255,-0,-11,-71,42,-12
247,2,-2,-86,55,0
255,4,0,-3,19,-51
251,-9,4,126,20,-60
258,-2,-3,4,21,-99
251,-8,-1,33,77,47
256,3,-0,32,120,23
261,-1,3,-58,9,30
254,-7,26,13,-51,-88
256,-2,1,-39,-62,40
256,0,9,-4,-24,76
262,-6,7,29,48,7
256,3,3,64,-31,77
256,1,-4,67,-34,85
266,-2,8,27,-26,106
256,-2,11,-90,-11,55
253,6,-0,-42,21,-81
258,4,3,13,26,25
258,2,-2,70,-27,31
264,4,-7,73,-37,20
250,-4,3,-9,-33,95
259,-1,-9,-54,-107,-73
258,-4,3,-21,-58,10
252,8,5,39,-61,-27
246,4,-1,9,-4,38
255,3,-0,35,68,-53
257,-1,1,11,40,-11
254,-4,-6,-32,-88,-20
256,-4,-3,16,-40,47
250,-2,6,-27,4,28
260,11,4,26,-49,-11
250,-1,-3,-22,19,-35
258,2,6,-11,-56,65
251,-2,1,7,56,-3
259,0,11,15,-26,-4
258,0,-4,77,-3,36
258,2,-3,-47,-37,-50
254,1,-3,28,-63,-52
261,4,8,-67,33,-26
255,4,-2,66,-119,119
256,2,6,-8,-35,-46
258,0,-1,-40,-59,96
252,-5,5,-1,33,35
257,-2,-7,-38,-3,25
261,2,-13,-37,-17,77
258,-0,2,-1,21,-30
265,-8,5,19,-55,42
258,-0,-1,63,18,-31
258,-5,8,-31,0,-24
262,-2,-0,9,-21,35
252,2,-9,-19,-9,-55
251,-3,1,-77,30,87
250,-2,-5,-26,18,-37
258,4,3,-22,-57,35
260,9,5,-116,-18,-8
242,-6,5,-70,-111,-58
256,7,9,-36,27,-29
262,-4,8,-53,13,43
262,-1,5,11,69,-68
257,-3,6,-65,-75,71
250,3,0,-93,-57,-0
246,-1,-1,40,22,64
253,-9,-5,-3,28,18
251,-4,4,71,-17,-60
256,4,4,23,-67,-74
258,-9,4,126,-27,-4
247,3,-3,-19,1,-48
262,0,4,68,-21,15
266,-5,11,3,11,16
257,-5,-8,2,46,-76
253,0,2,44,75,-75
261,-5,-9,-35,-39,-8
254,-0,-2,-14,72,4
260,2,-10,38,23,57
255,7,6,22,11,49
254,-5,2,8,-2,-9
252,3,-1,-49,59,57
251,1,-2,1,16,-8
258,-1,1,42,-64,44
261,-1,-0,24,3,17
259,0,-2,68,-78,-31
258,7,4,-45,-77,26
252,-0,8,-62,-54,82
258,0,-1,53,-96,-11
261,-7,-3,-16,33,8
253,-7,2,12,-10,134
250,0,-3,-38,-4,64
253,4,-5,-8,66,25
258,2,9,51,57,17
253,-5,3,-33,13,76
253,-5,1,19,25,9
260,-4,-6,-64,57,96
257,-1,-2,-68,37,-65
262,-5,-2,3,17,-43
255,-6,-8,41,-29,37
250,1,6,-44,-4,-73
256,8,8,36,13,-22
258,-3,-0,-10,84,-40
268,-0,-3,16,11,-28
257,3,-3,8,-3,-99
256,3,-10,2,12,138
257,-1,7,15,89,-17
252,1,-4,-6,86,-7
252,7,6,-24,-44,47
257,7,2,80,-30,14
256,5,0,-2,-36,18
259,3,5,-3,-14,-40
254,-1,5,44,68,-32
260,-6,1,45,9,-95
258,-3,0,-58,79,32
266,8,7,-20,-65,-109
256,3,-4,26,-74,-19
262,1,-0,26,-19,-21
253,1,3,-5,70,-90
255,3,3,-28,-100,-75
254,5,4,92,-9,-62
258,-3,4,-59,22,3
254,-5,3,35,-102,-4
258,-1,5,-25,45,-82
255,4,9,32,37,49
252,8,5,22,10,40
255,-3,-1,69,-14,-29
252,6,-5,3,26,25
257,1,-1,97,0,3
258,-1,-0,57,-54,16
250,3,2,14,-1,67
259,-8,5,2,37,47
259,8,-4,-3,64,14
247,-7,5,54,-56,-121
255,-4,-2,-21,-43,34
263,-4,0,57,-27,19
256,2,-3,15,91,-19
256,-6,-4,104,-69,-10
250,11,-5,4,-6,76
259,-3,1,-3,30,32
269,-5,7,-45,53,-69
250,2,2,35,9,16
264,-4,1,-79,-28,-36
252,-2,-2,24,33,33
254,-2,-5,52,36,-2
263,-10,2,49,-91,12
260,-1,-6,-63,-42,-50
248,2,-1,34,47,88
247,-6,13,26,-3,12
244,-5,4,36,-2,71
256,3,2,14,-20,46
249,-4,-6,-43,35,40
257,-5,-2,49,-84,11
258,-4,3,-28,39,-31
257,-6,-2,-37,33,-95
253,4,10,25,45,-55
253,6,-7,-42,-18,-66
259,12,7,17,-127,55
254,1,-4,-104,-77,11
255,9,8,-12,60,-53
255,1,-0,82,-61,-7
246,0,-9,51,39,-9
260,3,5,-14,-44,46
261,-5,4,3,2,-65
245,-1,-4,-116,-14,-27
253,5,9,84,-38,108
254,0,6,41,-13,68
248,-5,-9,-62,-2,47
242,3,-4,-72,-55,-23
256,6,5,3,93,10
255,0,7,-7,-71,-50
263,-3,0,-18,16,-12
258,7,-2,40,15,47
256,-6,6,-112,107,48
258,-5,9,-59,-14,51
258,-1,-7,13,16,-18
250,2,9,-64,-42,44
256,-2,-1,89,26,-21
267,4,-7,30,42,-28
258,-7,-9,-36,-52,-4
255,-2,-3,7,-15,-10
259,-7,1,29,-47,13
253,3,5,-25,10,7
251,1,-3,58,68,76
253,-4,-0,-41,8,-44
258,-3,-1,3,-9,-27
249,6,-0,16,89,-71
251,-9,1,65,-1,-64
252,12,-3,-44,74,-48
251,-1,4,-70,3,-7
262,5,1,40,-35,14
261,8,-5,-129,58,-38
247,-1,-8,-133,16,43
255,2,-4,8,-99,130
261,-4,1,-55,31,-11
253,3,1,110,28,5
259,10,-3,19,-27,9
256,-4,-5,54,-35,29
262,4,-2,-6,6,-25
256,4,-9,72,-9,5
248,6,8,-12,31,-9
252,-7,-10,-55,50,48
251,1,-2,37,30,-25
246,-3,5,19,-11,-34
249,-12,1,-24,48,66
255,5,-2,1,-83,-73
256,-2,2,1,-51,42
252,-3,2,19,41,-47
258,-5,-4,-19,-18,95
251,6,-6,-41,61,5
263,-4,-1,-80,71,11
255,1,2,1,32,53
254,10,-8,-49,-10,-70
255,-6,-9,-35,-46,18
254,-3,-4,-81,26,-8
254,-6,5,-48,-24,22
263,-3,2,-15,142,47
253,-3,-3,9,-25,-63
251,2,2,-36,-16,41
256,-2,6,-63,21,12
265,1,8,-20,-7,10
252,-1,-11,-12,-51,-70
252,-7,0,-23,-48,65
257,-6,1,-79,-18,36
248,-1,1,-113,-144,-6
257,2,4,-25,52,-19
257,4,7,-4,-45,-14
250,-3,-3,24,-66,70
259,4,-2,-53,-53,145
264,1,-6,-65,40,80
260,0,1,-0,3,-24
253,3,3,3,63,49
255,4,-7,-11,-6,-27
256,-8,3,-47,52,-14
257,2,-5,-63,-49,36
254,-4,-0,-11,8,-83
252,5,-4,37,32,50
258,1,-4,25,36,-8
255,4,-0,25,15,29
253,9,7,4,35,-23
250,7,-10,58,-9,-33
253,2,-3,-2,38,-56
254,-2,7,-51,-22,34
249,-3,0,33,56,82
251,3,1,-60,-22,-57
248,3,0,23,3,33
257,-5,-8,-21,-74,-2
261,-4,-2,-100,-48,46
260,5,-3,73,73,88
266,1,-6,-44,38,-31
253,-6,-5,-110,25,-41
266,0,-3,58,76,-37
263,2,3,20,-7,18
263,-3,3,-19,-32,-62
255,-6,-2,-24,-93,59
256,3,5,26,39,33
254,-1,-8,-26,4,75
255,-5,-3,39,23,-125
258,-0,-0,-82,61,-39
264,6,10,28,-17,-64
259,-9,-3,-1,-126,20
258,-1,-4,3,26,6
255,-1,0,56,5,10
269,-0,8,-23,-46,-82
260,-2,-0,-45,7,-31
257,-1,5,-60,18,4
258,-5,-3,83,-105,-4
255,4,-4,32,46,4
255,-1,4,25,13,-52
251,4,4,10,23,26
243,-6,0,-42,-120,-30
262,8,2,76,-15,17
259,-1,7,-53,-87,-25
253,-3,2,13,30,10
259,5,7,-45,-7,35
251,-1,-4,45,-39,49
251,-8,-2,-22,10,63
253,-5,-3,61,-25,-27
246,2,2,8,18,-59
258,3,-8,-67,26,45
246,-6,3,29,-7,-17
254,2,-0,35,-39,42
272,-0,-3,-31,-19,2
256,5,-4,-6,2,77
251,-3,-5,-21,84,-26
257,9,7,-12,9,-75
255,-9,-10,34,-38,44
250,-3,0,-58,-26,-11
257,-2,3,39,87,43
254,-4,1,9,60,-148
256,-5,-2,11,74,-15
249,4,3,-43,49,80
263,7,4,29,3,-118
260,0,0,64,53,34
253,-2,0,64,-3,24
254,8,0,49,-44,-16
254,-0,-1,-66,12,-54
265,-0,0,49,-21,-20
265,-7,-1,21,76,-40
256,-0,4,-57,-34,-59
250,2,0,32,-77,-19
256,4,11,-18,-49,6
246,2,9,-63,-53,-49
249,-0,3,-28,24,-5
258,3,1,-38,-13,-27
262,-8,6,-95,45,-37
256,1,-0,63,25,26
256,1,1,-13,86,14
249,4,5,36,-86,-38
258,-5,-0,-14,131,32
261,-1,-3,-55,-27,77
253,-4,-3,8,46,-80
252,7,5,-10,1,23
247,3,4,12,92,-48
250,-0,-7,6,-13,-15
259,-0,3,41,-4,-70
257,2,2,18,53,-56
258,3,5,-1,33,-40
250,0,-4,-7,81,63
251,-6,5,-124,-20,-22
259,7,3,123,-52,-81
253,1,-4,-79,30,-14
264,-7,-2,-3,-24,21
254,3,3,-26,-51,56
261,-2,-4,78,-37,-17
253,-0,6,5,-33,41
252,-10,5,97,-25,-81
254,1,-7,4,-72,101
248,-2,-10,-68,-77,84
260,-0,-2,-7,19,-15
250,-0,6,52,50,-25
257,-6,6,-57,14,-95
250,2,-1,-58,-35,-49
266,3,2,-13,76,76
235,1,-3,94,-12,20
255,-7,2,-83,-33,-64
263,-9,-6,-39,-41,-16
252,-3,3,56,-19,-17
256,3,1,-23,-32,-15
260,-0,9,-39,-54,4
251,-3,-3,-88,4,-12
252,9,1,54,-58,-15
252,0,1,-1,-66,-22
249,1,-1,88,46,16
257,5,-2,45,5,58
255,-3,-3,-22,63,125
252,-4,4,-9,28,-20
253,-4,1,45,-43,128
262,12,-10,99,-52,22
243,-6,1,-5,-49,-11
238,-4,6,-24,47,66
251,-5,3,37,27,68
258,-1,-5,-24,-10,-8
252,2,12,-7,17,-21
252,-10,2,17,-66,-25
263,9,-2,22,-22,57
254,-9,1,-6,-42,-16
235,-5,-7,11,-56,18
248,3,1,70,39,-8
259,-9,2,-54,-5,59
253,-2,-2,-62,-7,-99
251,-6,3,-15,5,-58
254,7,-4,7,-6,43
258,0,-0,-40,25,40
252,-2,3,52,13,-14
251,6,4,37,23,2
261,-7,-1,64,-19,34
256,5,-6,15,-27,-104
253,-1,4,-39,40,-26
265,1,3,-32,36,36
243,-2,-0,73,126,3
247,2,1,-78,-50,25
248,1,12,-20,-111,7
256,3,-11,-38,15,-10
256,0,5,-97,-25,22
252,-1,-9,16,-79,12
256,-9,2,-3,45,29
263,-6,6,105,23,-21
253,-6,3,8,-35,-0
253,-3,1,-94,-52,-55
256,-1,2,-85,1,62
257,4,-1,105,-19,-48
256,-4,-2,-89,-5,-63
247,6,-7,15,11,-20
258,-8,4,-81,9,15
256,6,-9,29,70,58
255,-2,-3,0,1,18
255,-0,0,-40,-15,5
248,-8,4,4,72,64
254,14,-1,-32,44,59
263,-8,1,-38,43,-1
255,1,8,-52,0,-47
256,1,3,31,-4,64
260,0,10,-10,-20,32
251,7,7,-25,-79,4
263,-1,2,35,-38,-74
261,2,7,-101,9,113
252,2,-5,-69,7,-17
264,1,3,-140,-114,54
255,8,-5,1,-21,5
252,-4,9,38,-48,74
258,-3,3,37,4,67
257,4,-6,18,7,-9
252,-5,-5,32,7,-1
262,-9,1,69,1,13
262,3,2,-28,-20,3
256,-4,-0,-106,27,10
263,6,7,43,-30,12
255,2,-2,-63,46,-52
252,2,6,-18,76,-18
257,4,3,-13,-8,-67
257,-4,-2,-11,66,-3
252,3,-1,-80,74,79
248,-1,-1,23,12,-28
259,3,-1,-45,-9,19
254,-1,2,36,77,37
260,-1,-0,12,5,67
255,-3,5,19,-10,-15
251,4,4,4,52,16
249,2,-5,-72,-68,9
262,-4,0,-34,-81,49
260,-5,-6,-19,-36,4
266,4,-3,95,24,-42
264,1,-1,-36,-9,65
258,1,-3,46,5,35
256,-5,2,-61,-16,-7
259,-3,2,68,-42,-0
255,-5,3,41,-14,21
252,-1,-11,77,-9,76
249,-5,-3,-18,-33,-24
261,7,4,-73,67,-30
255,-9,-3,18,19,94
261,4,6,-107,-57,-1
248,-5,3,35,21,-79
257,5,-1,-29,-56,24
253,3,2,-22,-9,-29
255,10,8,-23,-109,-22
263,-6,-4,17,-64,67
262,2,-3,-4,-32,-50
251,8,11,26,-35,16
262,-2,7,79,14,-92
256,2,-6,-15,-12,-15
253,-3,2,-27,-51,-29
255,2,-3,-46,-77,-29
265,1,1,41,1,12
247,-4,-9,-90,4,-12
252,-7,-5,51,-34,62
257,-5,-9,39,-15,-89
260,-4,-3,-60,-87,5
258,6,-6,18,17,-75
261,-0,5,-22,-3,12
255,-1,-6,-35,-13,-32
259,6,7,64,27,51
250,-7,-3,88,-16,33
254,-4,-2,-45,58,47
258,-3,-1,-31,88,-52
255,5,-11,-14,3,-33
257,-4,3,34,11,12
262,9,0,50,-15,-31
261,-4,2,-16,1,-8
254,4,1,-27,20,45
255,-7,2,40,-76,-10
256,11,3,88,54,-45
256,-4,10,28,-61,-54
266,2,-7,-11,94,3
257,9,-12,-88,27,33
251,8,0,46,4,10
257,0,-0,-67,-34,-50
252,10,-1,50,42,-39
254,2,-4,-93,-30,-68
252,-5,4,-75,37,-3
253,6,10,19,57,-44
264,5,3,39,15,10
259,-4,-8,24,76,-55
253,-0,-0,20,-19,-20
263,-2,10,-101,6,-10
262,4,-6,35,-67,27
248,-0,-1,-2,15,56
264,-13,-8,46,0,-7
257,3,5,8,43,9
258,-7,-8,67,99,78
254,-1,4,-14,44,-49
248,-9,0,15,-4,49
256,-3,-3,35,67,-67
257,2,-3,8,-39,-33
254,-0,-0,-2,-12,-114
262,0,-6,17,9,67
256,9,1,60,-15,-2
248,-3,-0,52,-20,-49
254,-6,-6,51,-1,2
249,3,-15,-34,47,2
258,5,7,45,-43,-38
262,-3,-5,-59,86,85
259,-1,-1,44,21,53
258,2,-2,-102,-33,-20
252,1,8,27,60,-50
259,-4,5,-43,17,20
256,5,4,24,133,-41
261,12,-2,-43,-31,31
257,-1,1,50,67,62
258,-5,8,-14,-61,-112
252,7,-5,-17,-17,-28
251,-4,5,66,-32,73
254,13,1,-63,35,-5
253,-10,6,-5,3,66
260,-6,-4,-8,4,34
263,8,6,3,58,-10
253,7,-9,-37,72,-7
261,-1,2,-57,-51,-17
259,-3,6,59,36,-33
257,3,-2,25,1,-4
264,5,10,-5,-6,53
267,-8,6,-73,20,16
256,10,3,-17,-27,28
259,-2,3,-45,36,-1
257,-0,9,-8,39,-20
247,-1,-9,-30,8,28
253,-1,1,-7,-32,-6
255,4,3,14,8,16
256,-8,3,57,-37,131
257,4,-7,31,18,-78
263,3,-2,-4,90,33
251,-5,5,5,-34,-31
255,4,5,64,13,37
260,8,-7,69,-73,-7
249,-5,1,35,-39,15
255,-7,0,-2,-64,-82
256,-3,0,75,11,29
267,-1,9,11,13,-25
252,-2,-2,54,-31,19
255,-1,-2,-40,-94,-73
259,-3,4,-30,65,-43
259,-8,3,-24,92,-59
263,-2,2,-86,-24,-8
259,-2,4,28,28,-41
256,6,-5,-8,46,-17
255,-9,4,-45,44,-18
257,-4,-1,-3,66,-20
257,-1,-1,21,-7,12
258,-1,-2,-49,-132,-101
245,4,6,50,-25,117
254,-8,-2,-12,28,-52
256,-4,11,86,20,151
255,-11,7,-13,-6,-13
264,5,-2,-109,-51,-9
253,6,1,-57,10,-57
255,-4,9,36,-6,-68
260,3,-8,27,-3,-28
259,-5,-8,108,-8,-54
257,3,1,-10,42,-6
253,-7,4,-15,-78,-44
254,7,-0,-95,71,67
261,2,-1,-9,-63,-27
258,-5,2,48,44,54
254,6,-5,19,-18,38
252,-3,9,-42,39,-40
247,4,5,93,15,21
254,3,-4,-10,48,101
248,3,-3,-127,25,84
260,13,4,-48,-51,17
259,3,-2,83,-21,41
257,6,3,39,-1,-69
241,2,-8,43,171,-32
262,6,2,32,-33,-7
263,-2,2,-2,-10,-50
262,-7,-4,-8,-10,-19
255,1,4,-10,-62,-84
260,7,1,-3,-23,-24
256,11,6,79,23,21
250,-4,-0,73,-34,-50
254,-2,13,-11,22,98
247,-4,7,-8,-4,52
252,-7,-4,-47,14,50
247,-3,-1,-21,2,91
264,8,-3,-28,26,66
256,-4,-12,30,-25,-12
253,-0,-7,84,-17,-15
262,4,6,-8,115,6
262,-4,-5,1,42,-12
259,8,-0,31,-10,-26
259,0,4,-30,51,-8
258,-5,0,-92,51,-58
256,1,6,-30,-96,28
261,-5,0,-36,-36,-111
258,-7,-2,11,0,-7
257,2,7,-98,-67,16
249,-2,0,-82,-57,-31
260,-1,5,-42,80,80
262,-5,2,-63,-50,-29
260,1,1,39,-2,57
263,-11,-6,39,-20,-1
253,-7,-0,20,-19,-102
256,-3,4,-10,5,33
256,-9,3,84,-3,44
259,1,-2,74,8,-34
258,1,-4,-113,-69,47
258,-1,-1,45,26,39
266,2,5,-53,-23,-96
259,-0,3,22,-44,1
250,4,-3,11,-27,-9
256,5,6,-11,-7,-3
255,0,2,68,-12,74
265,-7,4,60,81,-55
254,4,-4,-3,8,8
257,-5,-3,23,-59,29
257,1,7,-46,-2,25
260,-3,-3,54,-7,27
260,-4,-9,11,77,-43
258,-8,-7,7,-41,94
259,3,-3,-43,-47,3
259,0,-7,19,-35,-78
249,-3,4,-44,-23,-38
262,-3,6,24,-12,-81
257,8,2,8,26,-86
260,-3,1,-6,16,2
262,12,-4,-28,74,-69
258,5,3,-9,-53,-54
254,-2,2,-94,87,-32
256,2,0,-45,87,-3
256,4,-8,-34,10,83
255,1,8,-29,69,6
260,7,-6,10,35,32
254,-4,-3,34,32,-65
259,-0,-3,-41,20,-48
252,-0,-0,46,-32,-56
264,-3,2,33,-17,12
266,1,5,-42,-62,-32
247,4,10,-29,16,-70
267,-2,-1,-41,-100,19
264,-6,5,42,12,-11
249,1,-2,35,-4,31
250,-2,6,39,-3,-26
257,-1,-1,-25,33,-103
261,-0,4,-36,-64,13
254,3,2,-21,-17,40
257,2,-4,16,20,1
254,-1,-1,15,52,-40
255,-5,-6,37,38,34
262,1,-1,-10,-13,-63
255,-3,3,32,-4,21
259,-7,-4,-36,123,-28
254,2,6,77,8,43
257,3,2,30,-13,24
255,5,5,-69,-84,-38
254,-7,-6,-51,-23,22
257,-2,5,27,33,17
259,-2,5,-16,85,-0
266,-3,4,39,-34,-7
244,6,8,7,2,-19
256,-1,4,-42,44,-16
254,3,6,-6,76,10
257,1,-1,71,-8,-35
256,4,-6,111,38,-19
266,-2,1,-69,59,-15
252,4,10,-32,-15,60
255,4,-9,15,7,21
255,-4,4,-24,68,-49
258,-6,-7,-6,-23,2
260,1,-3,5,29,-4
253,-7,2,-19,46,-101
258,-0,4,60,21,-19
259,4,14,24,-4,-122
259,-5,-0,15,26,13
251,-2,-2,101,19,-65
258,-6,0,112,55,21
254,3,1,21,3,5
255,-3,-4,18,36,74
255,1,2,-70,-49,-11
253,1,-5,15,7,25
251,-2,1,-7,52,-55
248,3,1,33,67,56
251,8,-1,16,59,34
253,6,9,-13,44,13
254,-8,2,42,-69,-20
259,1,2,-33,-8,-38
262,7,-1,-31,44,33
258,-2,1,15,-123,-55
255,-5,3,22,54,40
252,1,-1,-4,74,-46
253,3,-4,79,-28,57
260,-0,0,-46,24,21
245,-2,-4,7,-68,141
255,5,-0,5,-41,0
263,-1,5,62,79,43
252,-6,4,-52,82,-28
259,1,-4,-99,24,-14
251,3,4,2,37,83
257,-1,-2,6,-33,93
260,5,-6,6,-114,5
255,-8,-2,49,-17,-43
259,-14,-1,25,20,20
258,-5,6,89,60,47
252,1,5,23,5,88
258,8,0,42,-12,-30
258,-0,3,-31,86,-44
251,-0,-3,-58,105,21
257,2,-3,-25,-10,-10
249,1,6,-37,25,54
259,1,8,93,-4,12
246,4,-10,53,37,-53
255,2,5,-32,16,19
249,1,3,-54,-64,-12
260,1,-3,10,-36,-10
261,1,-0,-15,-8,-20
265,4,-5,14,38,60
255,5,7,4,-51,-56
248,-9,1,-53,73,2
261,-12,4,-62,116,8
261,0,2,66,-61,-15
257,-7,3,-145,-23,57
257,-6,2,-27,60,69
253,3,-5,77,13,-8
262,4,-6,-20,-3,-27
256,3,-1,-4,11,11
260,6,3,43,41,66
248,-1,-1,66,42,27
260,2,2,30,35,88
254,-4,-2,-26,11,30
253,-0,-13,14,-4,28
259,8,-10,-9,110,-60
252,4,4,-57,-23,-30
260,2,-9,81,13,-5
261,2,-0,-41,-21,45
256,-9,6,-76,-69,63
256,-2,-6,77,46,-8
265,-7,-3,-42,11,92
259,-2,-1,42,-16,-45
251,-1,-1,22,87,18
261,1,-5,50,35,60
256,-3,3,60,-45,-67
245,-1,-4,-45,-69,-35
249,3,1,52,-96,49
258,1,1,43,-38,78
253,5,2,32,-42,-40
256,3,-2,-75,-65,62
251,-1,-0,3,117,-2
259,1,3,28,7,64
262,-1,2,34,-28,-5
266,5,-0,17,-34,-52
248,-2,-0,27,50,-10
256,-11,-6,-27,-101,154
261,-1,-1,23,8,-93
258,0,4,-1,49,-13
250,8,-0,34,-92,-92
257,7,-2,-94,-26,-21
256,-1,-6,18,-86,91
250,-3,1,-20,24,-9
261,-3,-0,78,0,-48
261,-2,-3,-2,-55,-100
260,1,2,124,-48,71
258,11,-2,-63,-96,38
256,1,-0,42,38,-47
259,-5,1,37,-72,49
259,4,3,14,57,-103
249,-1,-1,-48,84,12
255,-3,-1,24,-48,57
260,-7,-4,70,-37,-40
256,-4,-5,-101,-10,-19
260,2,2,31,84,-34
263,-3,-6,-58,-4,7
257,-7,6,51,7,48
260,-1,-7,-30,66,34
249,-2,-6,27,65,-18
260,1,7,57,-13,2
251,3,6,-40,46,-47
259,6,5,17,-19,-40
254,-8,-3,40,111,55
256,1,-2,-58,-115,-52
251,-1,5,79,-20,89
257,-0,-1,-72,-37,-34
244,4,1,-14,-63,0
254,2,3,-6,7,-60
265,7,-1,-59,-55,55
254,-4,3,30,-17,-59
254,-10,5,-34,3,56
261,-8,2,101,47,87
261,-4,7,7,8,-92
251,-3,-3,-128,-32,-93
254,4,3,12,-4,34
253,-1,-8,86,-33,-46
252,2,-0,9,12,87
261,-5,6,-13,50,-10
262,-3,0,42,27,23
255,1,-2,-69,9,59
254,1,7,20,-47,-23
253,-3,2,19,72,25
259,4,-8,10,29,-46
261,4,1,-66,-52,52
266,-4,3,-50,-19,-23
251,1,11,-15,-100,70
263,-8,-4,-59,1,-12
259,-5,6,90,-29,36
260,-1,-2,67,-21,-30
257,-3,3,2,79,-9
264,-5,-3,-38,4,-54
252,2,5,-15,-31,-54
259,-10,-0,7,37,3
253,-4,1,73,1,-7
254,-0,-3,7,-4,40
252,-6,13,21,-5,-47
253,3,-10,49,-49,22
259,1,-7,17,47,-108
250,-1,-2,-38,15,-39
260,1,3,-29,-4,6
255,-1,5,-22,-40,-77
256,3,1,-5,26,18
256,-3,-0,-20,-51,-62
250,1,-1,39,13,-56
258,-11,4,101,57,44
251,-3,10,-121,-14,37
256,3,-3,13,21,-24
262,4,3,-21,24,-19
254,-1,7,34,4,-42
256,-6,1,79,135,-29
262,3,2,-107,57,20
257,0,-3,23,-29,16
250,-6,-0,-35,12,-24
256,-2,-1,121,-89,25
258,6,-3,83,-10,94
267,1,3,-2,6,-19
253,4,5,11,80,38
254,-0,2,-45,-27,21
250,-1,1,-84,48,-2
261,6,11,-19,-21,5
250,0,-8,-69,4,-23
255,-6,6,30,36,50
250,8,-4,-16,52,-69
254,3,-4,66,-66,23
256,9,2,50,7,-64
258,-1,-1,8,-2,11
255,-9,2,15,-54,54
264,-2,2,10,-4,-28
257,1,-3,-52,-10,36
258,-5,-0,-31,3,1
258,0,4,-40,-21,41
256,-3,8,-70,-27,-12
262,-1,5,6,-33,-50
261,-2,4,58,-94,-16
253,-4,3,-12,24,-46
267,8,-6,-56,96,25
258,7,5,-76,-54,-67
254,2,-2,-25,3,32
248,-1,-7,-39,28,94
256,-5,5,-75,26,-79
253,-8,-2,-39,24,65
249,-2,5,24,53,9
246,3,-4,41,-18,18
257,7,4,76,11,-58
254,10,5,45,39,-20
253,-12,-2,-50,32,-105
260,10,2,85,27,-19
256,-8,1,-22,-4,-84
262,-1,-1,2,13,50
261,-6,3,33,-22,5
252,8,-4,-17,43,40
250,6,-11,99,-6,27
257,4,-2,34,65,-62
255,-4,4,41,-78,23
252,5,1,-31,22,-3
265,-0,-1,50,-17,54
253,3,1,-63,-36,-31
258,0,5,26,-65,36
250,5,-8,49,-33,-21
257,-6,-0,-14,-20,29
250,-8,4,71,13,-33
263,-13,4,47,18,7
253,-8,4,-11,62,-14
260,0,-2,25,-21,-39
261,3,-1,17,-58,-38
253,8,3,55,26,-10
258,-1,4,-28,12,57
259,2,3,5,-53,-99
247,4,-1,68,26,1
251,-4,3,10,-5,68
257,4,6,-52,49,41
251,-6,-2,7,-32,24
256,-7,-9,4,-110,-12
251,-5,3,20,78,52
251,5,-4,66,39,119
259,5,-3,51,-110,-66
253,-4,2,-1,-131,-59
256,1,-5,-21,-68,-22
249,11,9,-61,33,-11
258,-0,1,-16,12,-12
262,-9,5,65,-54,-75
256,-1,0,-3,9,81
249,6,-3,-52,-71,3
256,7,6,53,-4,79
248,-7,-9,-35,-10,-16
261,-6,-0,-50,25,-9
260,-1,-1,65,-41,-32
265,-2,1,-39,55,98
259,4,8,-4,9,28
260,4,-7,22,-65,-53
257,-2,-3,83,17,41
252,3,0,-80,245,-13
255,-4,0,-25,-18,-26
253,2,6,26,-34,14
247,3,1,46,-7,-2
252,-9,-1,53,-79,-60
252,4,-4,-7,-23,-52
262,-2,0,-19,-6,12
250,-5,11,-36,-4,-30
256,2,-3,65,-26,81
250,-5,3,-3,-50,1
245,3,4,-5,-3,-30
257,2,8,-6,96,18
250,-2,0,-33,-31,13
253,-7,-5,13,-95,36
262,0,-2,-19,-21,-12
259,-7,-5,-31,-60,-60
254,5,12,-37,-17,-33
257,-6,10,11,-39,34
258,2,-2,-45,-64,-16
251,1,3,-152,-75,18
263,-2,-3,56,-41,-14
260,0,6,-24,-83,-6
257,-3,-1,-14,-31,-12
260,-14,-14,-68,4,24
260,2,3,-99,50,-18
263,5,1,80,-10,-58
257,6,5,35,31,-42
245,6,2,46,48,-70
242,-6,2,-35,69,62
241,7,-11,10,-46,37
245,-2,-3,69,-13,-23
251,-6,-4,-39,16,50
255,-2,5,55,34,42
254,-9,2,-9,3,-18
250,-2,-2,41,7,-35
266,2,-3,-41,88,2
259,7,3,43,-14,35
267,2,-11,27,-70,34
248,-4,2,65,-38,30
252,-2,0,-8,-1,-35
262,7,-3,-70,-64,14
267,3,1,-79,18,-69
257,-4,-0,-11,-43,-40
258,8,-8,-40,1,62
260,-6,-11,-32,80,105
252,3,-0,51,-82,-41
254,7,-4,-40,-9,75
267,-2,-0,-9,24,-107
254,7,-3,20,-106,30
255,2,-7,36,126,73
260,-10,5,36,52,80
264,3,3,-18,29,35
249,10,6,72,-74,-77
263,-4,2,62,-41,1
255,2,-1,-45,-5,53
255,-1,-0,74,-46,-4
249,-2,-7,21,9,78
264,-1,12,-14,-17,51
249,-4,4,32,-67,-17
261,0,1,-28,-17,13
247,2,3,30,-16,-0
257,-2,-1,14,83,43
261,6,-5,-73,63,107
261,-2,9,-53,-26,38
257,5,7,-8,19,-10
253,-1,5,-98,-100,-41
259,2,5,41,17,-15
250,1,-8,60,-1,-50
262,-14,-5,37,4,25
255,-2,2,-5,30,41
259,-1,5,58,-117,-36
261,-2,0,52,-81,21
266,6,4,17,9,9
259,-11,8,41,-64,40
264,5,-2,37,73,68
251,-3,9,38,22,-2
255,-2,-2,-6,42,21
255,-6,-4,14,13,27
256,-3,2,-24,-92,-7
258,5,-5,-53,48,8
256,1,6,-35,-31,34
249,-1,1,-38,-110,109
250,-6,-5,-58,4,38
258,-12,-5,-36,-13,-62
262,-1,-0,39,15,-36
260,-0,2,33,30,69
260,-1,8,-14,17,11
264,9,6,59,79,-60
252,1,1,-40,12,27
251,5,-0,66,-40,20
264,-3,2,38,-21,84
253,-5,-7,4,-12,26
257,3,-5,4,-22,-77
253,0,2,-52,71,54
261,2,12,40,27,26
255,-4,1,-41,-19,-11
261,-2,4,-51,-47,13
256,1,-7,-39,-54,-63
254,-4,-3,55,-46,-119
260,4,4,-115,-20,36
256,-8,9,-56,21,-34
256,-1,-7,2,-63,-5
264,-2,7,7,43,10
253,-2,-3,59,50,-12
256,-2,2,39,26,18
259,3,-3,27,-23,-10
259,-6,-8,12,-5,-12
251,-3,2,11,37,-44
262,3,4,-55,26,-20
261,0,4,-15,-47,-18
255,3,-2,2,-4,43
260,-8,-6,39,25,93
258,2,0,-62,51,-39
259,6,-1,-53,133,-44
258,8,-4,78,-14,1
248,-2,5,11,-33,37
255,2,-4,-38,40,-16
253,3,3,-33,37,-8
266,-2,5,-57,37,-10
260,4,-2,13,-8,10
257,6,4,3,-65,54
258,7,-4,47,6,59
251,-3,4,17,-25,-18
256,1,-2,-74,-5,-115
253,-3,6,15,-136,88
252,-8,5,-6,-6,28
268,-5,-0,4,-107,71
257,-10,-1,-29,-55,30
259,5,-6,-4,-5,-1
257,-4,7,7,71,-20
261,-3,-3,-49,-57,1
259,8,1,37,-13,3
244,3,6,1,22,9
260,9,4,60,-70,-15
251,0,-2,30,83,38
257,6,-1,-127,-67,-22
255,-4,-6,28,43,126
259,1,1,31,66,4
245,-5,6,-4,6,-38
252,-4,-5,74,-10,-28
244,1,-5,-102,76,14
260,-9,-3,7,19,2
260,-9,-0,28,39,-2
256,-8,1,29,-71,67
252,3,4,-37,18,71
248,4,2,-17,65,5
262,-9,5,-33,42,-21
258,4,5,7,45,-0
259,4,-3,32,52,-18
259,10,-8,-72,-42,43
258,0,-5,41,-58,-45
259,-0,-0,-26,36,22
253,3,6,-31,24,-22
264,-8,5,-24,-19,81
252,-3,8,-27,36,-71
254,-1,-1,-48,31,24
253,-7,1,47,9,52
252,-5,-5,132,83,-12
261,-3,-6,70,-21,106
260,-2,-7,24,-117,51
252,-0,-2,24,28,22
259,-7,2,-58,-21,-121
255,4,-1,-17,-46,-16
255,2,-0,-1,10,-115
255,-6,-5,9,55,18
258,6,4,24,-115,-98
258,-8,-8,-8,70,62
257,-5,0,-6,17,-26
254,5,3,57,19,-93
267,1,-1,-7,66,-31
256,-4,-1,38,-31,-103
244,3,-1,55,-6,-2
259,1,6,34,-46,-14
256,-1,5,-26,74,-34
258,6,0,56,-28,10
268,-3,-0,-3,-102,-45
252,-3,-5,99,48,76
255,5,-1,-30,-70,8
259,0,-7,21,22,-22
262,5,1,19,98,-35
252,-6,-4,-63,25,-42
255,1,3,131,51,-40
261,2,-6,63,-30,-24
250,-3,6,-7,-5,-3
253,10,3,57,17,13
258,-4,5,-11,2,-4
256,6,-5,-24,-103,-34
258,2,-6,-30,73,11
258,-5,-13,80,-80,-10
256,-2,-4,-27,-23,-30
251,-2,0,-39,19,-57
260,-4,3,-99,-58,-48
252,-4,3,-93,34,-18
254,2,-2,-68,25,-72
258,-1,1,49,50,-59
254,-2,-4,50,-35,-28
254,3,0,71,78,22
262,-6,-1,-31,-24,-29
247,-8,-1,110,132,56
258,-1,7,18,-29,-23
256,3,-3,-12,-35,47
254,-17,-0,121,-16,4
249,-4,-1,-68,-128,43
258,1,7,87,-18,70
249,-1,7,57,54,-8
256,3,-3,33,-49,-41
251,1,1,22,-68,-27
256,6,-6,-20,45,19
251,3,-1,28,-23,1
260,-0,0,33,56,-14
253,-2,-9,-42,30,-50
252,4,-9,39,-21,-134
262,7,-8,2,-69,-16
255,-5,2,4,-12,4
254,-3,-4,85,34,-77
256,2,5,-52,9,4
259,6,1,-18,-14,-40
247,11,7,-91,47,3
250,-3,5,-67,8,60
263,-1,7,32,81,-42
254,-0,2,49,-13,10
258,6,-6,-45,-64,40
254,-8,5,-39,32,124
259,0,9,-89,8,-71
263,-6,-3,-80,36,-35
238,2,2,-8,34,23
258,4,3,11,-25,32
251,1,5,-10,-67,40
248,3,-1,-55,-39,-12
251,-7,-6,13,49,-1
254,8,-1,6,11,-21
260,-4,-2,24,-42,-18
249,0,-0,-73,22,33
250,-1,6,19,75,-110
261,7,4,42,13,0
249,-8,-6,-22,-11,-94
253,-12,7,100,49,-8
258,1,6,-73,33,-22
255,-3,-4,10,-48,-14
262,-0,6,-2,-80,104
252,-7,-1,-21,-44,-22
248,2,-5,28,-10,3
254,6,-6,31,6,70
254,1,-5,29,-21,18
254,0,-3,-53,-21,-38
259,1,-10,-65,11,-4
250,2,12,16,-7,52
252,-5,-2,45,-42,78
257,-6,1,14,20,44
257,2,-3,8,-76,-26
262,-7,13,-73,89,32
248,-3,-5,-38,-37,-1
251,-5,1,-3,-65,-65
250,3,-2,-63,-78,-35
257,6,-2,13,84,-54
255,-2,3,-24,24,34
253,-10,-6,-12,-16,23
251,7,4,10,-21,66
252,2,4,64,3,-82
265,-3,-4,-28,-0,105
258,-9,-1,-16,-103,-31
252,-6,3,-23,-21,-12
258,-0,4,-73,-14,-61
256,-5,-5,65,-65,74
250,5,4,15,45,-31
248,-16,1,42,49,-36
257,-4,-4,44,-3,57
249,-7,-0,-20,30,-69
258,-3,6,-132,11,-5
252,-3,7,-126,10,-46
255,1,0,-8,-2,51
265,-9,-8,74,-45,-14
261,3,-2,13,-28,22
254,3,-4,26,-65,-21
255,-8,-7,124,48,-29
260,4,11,-11,-9,22
261,5,-3,-18,-11,46
261,-6,8,-78,-19,-10
254,3,10,-14,-61,45
257,-1,-9,-11,69,17
257,-9,-8,-36,94,-28
264,-3,-10,-27,13,64
256,2,-2,12,48,-46
259,-11,4,8,45,-4
243,-6,1,61,43,16
253,-6,-1,77,47,-27
258,-0,-0,-18,-59,-5
249,-3,-6,34,32,-67
255,-1,1,-62,61,-21
263,-0,6,52,-23,36
261,5,8,41,24,-28
260,15,0,-14,-14,11
258,-7,-7,-63,-64,-76
255,-2,-1,15,-58,0
251,1,11,58,-43,122
255,8,2,-26,-44,33
251,-0,-4,131,63,-14
250,5,6,7,13,-22
254,-1,-4,43,9,-2
253,6,-8,16,-84,-22
259,-4,-2,-89,24,-9
254,4,8,26,56,-66
247,5,2,-8,5,7
250,-6,5,6,25,-12
262,0,4,-4,54,48
264,-5,-2,-149,40,-52
266,2,5,4,-10,39
266,-4,-5,-55,54,-60
256,8,4,46,3,13
258,2,-7,86,-59,-75
256,1,0,67,-88,-22
255,-6,-7,88,22,6
254,4,-2,48,-42,-13
251,4,0,4,-7,-11
246,-6,1,-68,9,-34
257,3,-1,-89,-21,-76
255,3,3,5,-85,-38
253,-5,-2,40,-119,23
260,-2,0,41,-37,7
247,-3,-0,1,4,-14
257,-3,5,-56,-16,-22
261,-1,8,-82,5,5
251,-1,2,49,-6,-50
250,1,9,33,-24,-78
260,-5,-6,-17,-176,5
252,9,-0,28,-37,23
258,3,-3,12,-86,-48
261,-4,-2,46,-75,-21
258,4,9,10,-36,81
257,1,6,-58,-14,23
265,-10,8,-28,27,-45
251,0,-4,103,-58,31
252,-4,-3,-59,-55,6
253,-5,-6,39,-34,30
252,-6,3,110,-22,37
255,9,8,4,98,27
255,5,0,21,-5,1
256,-1,13,28,13,-76
254,-1,7,34,30,-3
255,-0,0,131,-43,-13
265,1,-6,1,-24,-17
254,-2,-5,-56,-126,-39
256,-6,0,54,24,38
261,4,8,17,-95,-2
254,3,-3,-56,-3,-30
266,-6,-3,-16,-25,-30
263,11,10,-78,20,-4
253,-2,4,-1,92,49
250,-3,-2,145,-91,-23
254,7,1,24,10,-44
256,-1,-8,-69,49,17
243,-1,5,-40,-82,-9
255,-2,-7,34,35,24
264,3,-2,-24,41,2
256,5,7,-40,61,27
246,5,4,41,-8,26
261,1,-3,51,-11,24
252,6,-5,-33,-46,-0
246,-2,-0,-70,26,71
252,4,-2,63,-74,54
257,3,5,-0,28,-100
259,-0,-5,-2,-24,-32
255,-5,-6,-52,37,16
261,-0,5,10,1,21
257,-1,2,58,34,-52
257,4,0,5,15,97
258,6,-5,-87,-26,-2
252,-7,0,-101,-32,63
254,0,-8,17,7,-10
254,9,-0,8,27,-43
246,-1,3,-8,-1,-58
256,-3,6,17,16,-47
256,-6,-3,7,-22,-27
248,-4,-5,-3,-2,-21
251,-3,3,-71,6,-24
268,1,-4,7,80,28
254,-0,2,89,-8,-27
261,4,-6,-79,63,-20
251,4,-6,-14,40,-33
250,5,4,19,31,4
252,-6,5,-34,36,15
250,5,-6,-16,-7,17
268,-2,2,-35,-119,-7
249,4,-2,45,-49,1
253,2,5,87,104,113
253,5,-0,-8,15,1
248,4,0,6,-55,-51
244,-2,-3,-20,41,-74
263,3,-3,-11,5,8
248,0,10,4,45,63
258,1,-10,43,-31,-68
256,-10,-2,-18,-6,26
260,-3,-3,8,-96,79
258,-3,-3,-34,14,52
253,2,0,12,21,71
258,0,5,9,-17,94
262,6,4,-55,3,11
261,3,-11,74,32,50
260,7,-8,3,35,-13
257,-5,3,-88,49,14
261,-2,4,-55,-16,-29
257,-1,6,-5,-41,25
264,0,4,-50,24,2
253,-3,-3,84,-34,6
246,-0,0,-62,59,-31
254,-4,6,-48,29,-11
256,-9,-10,46,27,22
260,3,2,-63,-48,-66
252,-3,-7,-53,-32,-13
259,-4,-2,-32,1,-62
264,-5,5,-31,38,-76
256,-0,3,-32,-40,-28
250,-9,-5,-30,-59,70
260,-1,-1,1,-83,-29
251,5,-2,-18,-28,-44
246,3,7,28,-31,29
254,12,1,42,2,-24
257,3,-1,14,-52,-50
270,5,0,-65,-32,4
260,2,8,-21,-26,59
255,-9,-2,-3,47,-57
255,-5,-3,19,32,8
260,2,0,-10,-66,-73
264,6,-1,-76,-109,-40
259,-1,-4,-29,36,-40
258,-8,2,-26,31,53
257,-4,-2,65,-28,81
255,-4,3,-1,22,-54
263,-16,2,-15,22,34
264,-2,2,-2,-52,11
253,1,12,28,55,-44
254,2,3,-20,-1,1
258,0,2,-66,-5,21
266,-3,-1,-27,2,-49
250,4,9,6,-41,51
245,7,-2,-6,-32,-19
252,-6,-3,106,-19,-48
262,-5,-7,-52,-8,26
255,1,-6,-5,8,45
253,0,-5,-23,-27,58
258,-5,-8,-3,38,-44
252,-6,0,-59,-39,46
257,4,-1,-37,41,-4
259,2,-4,26,69,37
257,-3,5,109,36,16
247,4,-7,-23,-15,-59
253,2,2,0,-52,-35
253,8,1,-42,3,-11
250,0,-1,-75,44,35
259,9,-3,-26,14,-83
254,-1,-3,-24,-12,-11
250,7,-3,21,10,-44
248,1,3,-63,92,-21
262,-7,-2,-6,-3,14
267,-0,3,-23,-36,-80
256,-5,0,-123,24,-83
257,-2,-10,-7,38,-32
250,11,-8,71,-15,16
253,4,-0,-55,-5,-42
252,-0,1,-106,-58,-79
258,-3,-7,-3,-83,-55
255,5,-5,100,-9,-69
251,1,4,-26,-55,-30
253,-7,-7,-55,73,68
