4,-267,1,21,34,11
30,-269,-7,-34,51,8
13,-247,26,74,7,-18
-5,-222,-7,-55,-6,6
-17,-229,51,39,-109,8
-12,-211,35,-34,32,39
42,-205,24,8,-34,-12
25,-244,37,20,6,-20
13,-187,34,-18,-37,-13
29,-211,59,4,-33,5
35,-200,50,-26,28,-20
-10,-213,57,-1,2,-26
-43,-179,42,-44,83,-22
33,-233,-6,-18,10,35
-4,-174,21,-39,-6,-11
16,-160,59,24,29,32
-19,-180,25,-46,-31,28
31,-189,51,-52,-19,-91
-1,-163,47,-4,43,-36
-9,-164,21,-56,-22,-80
-3,-194,46,8,26,3
13,-168,45,-8,1,-41
-16,-160,12,44,64,52
1,-179,44,-9,20,-99
-12,-170,64,-50,-34,-33
48,-110,56,-10,149,69
40,-171,44,31,-24,45
6,-114,79,2,44,31
3,-132,68,-51,23,68
14,-140,26,-30,-4,4
-0,-117,63,13,73,-5
-4,-177,72,-20,17,91
-12,-110,66,72,-4,-17
-25,-140,79,58,-47,5
13,-153,84,39,-41,28
19,-115,71,2,6,58
-6,-134,82,-19,9,-5
42,-108,71,3,-19,66
2,-132,91,-16,9,13
31,-107,112,-15,39,20
-20,-61,53,26,-12,-5
-8,-124,71,46,-25,86
0,-115,66,7,2,-16
-17,-99,78,-44,51,29
18,-106,76,84,-16,-11
33,-143,90,7,36,9
6,-98,90,-55,-55,-3
26,-116,95,34,19,18
1,-78,103,104,72,37
-4,-103,83,-4,-43,27
-14,-104,30,-42,-7,-17
4,-97,74,-13,50,-4
4,-108,90,-68,-83,20
-6,-87,57,-41,56,38
-32,-99,61,27,-71,-21
29,-79,61,-9,-47,-11
6,-96,101,37,-9,43
-21,-158,87,17,-28,44
10,-146,60,-42,2,34
-29,-123,61,34,-39,84
-2,-148,81,15,-8,-18
15,-122,27,-28,-5,-100
-4,-118,50,26,-11,-5
-29,-119,24,5,36,12
-53,-113,65,8,-14,-14
-21,-151,36,-30,14,-7
9,-133,59,-0,-51,17
43,-117,81,2,-37,-16
-4,-129,65,-50,22,-11
11,-160,100,-14,-7,10
12,-125,66,6,17,-1
-5,-132,75,-47,-17,0
36,-123,17,-20,11,-38
13,-135,39,9,56,15
-33,-141,34,-62,-3,1
18,-153,35,-9,-47,19
1,-147,68,-23,25,24
-3,-149,66,16,86,26
-2,-169,24,-27,-52,16
-8,-196,54,-1,-17,-78
-35,-181,34,-6,28,-48
16,-166,3,0,-81,91
-21,-152,43,11,63,-25
29,-154,77,40,-38,-40
-10,-197,-1,-52,51,-49
11,-150,-21,-36,0,15
-16,-200,42,-10,48,-39
-17,-196,42,-3,28,21
11,-168,15,45,83,-0
2,-177,29,12,-12,78
5,-219,25,-44,33,50
48,-220,-20,-11,-37,-7
23,-239,-13,47,-14,19
8,-238,15,40,36,36
1,-220,-3,71,-23,14
-40,-243,15,13,-2,-49
-34,-254,14,-6,19,-22
45,-227,-3,67,7,45
-2,-237,9,-0,37,-7
2,-210,-5,39,42,-119
-14,-255,0,4,-8,-3
2,-237,10,8,8,9
17,-279,12,-2,35,-46
-4,-269,-21,-69,-15,13
11,-274,-25,-9,-2,13
1,-263,-30,-70,24,-54
1,-236,-41,13,-10,-53
-27,-284,-31,62,-39,-31
-17,-296,-57,54,-15,32
-12,-318,7,9,-34,78
-26,-291,-14,8,-3,-45
34,-319,-49,-33,-21,-49
31,-302,-12,-4,37,44
-12,-300,-24,3,-3,68
-12,-326,-13,5,56,12
-10,-338,-38,34,24,-10
-10,-324,-62,30,-11,3
-17,-321,-34,-66,-67,-27
-6,-315,-48,-3,-40,31
-14,-312,-75,53,-9,-21
-43,-337,-40,-6,38,-22
1,-334,-18,-16,-4,-26
-19,-344,-29,-15,29,8
-14,-367,-74,-16,-23,95
5,-358,-71,-59,-100,-16
31,-373,-71,121,10,14
-1,-350,-63,100,-73,6
49,-348,-45,74,-42,-38
-6,-347,-77,26,-65,35
14,-340,-76,-14,-41,18
-1,-363,-51,3,17,8
-4,-380,-32,52,0,-19
30,-389,-17,-52,-8,-19
-27,-430,-52,13,-92,55
-23,-383,-53,64,-23,-18
-12,-382,-64,-31,-61,40
33,-365,-38,17,-20,-50
-24,-359,-61,6,59,-73
37,-420,-58,33,-31,73
-2,-358,-49,6,-49,37
-14,-396,-93,-24,7,-10
-9,-402,-80,-9,6,-48
-23,-449,-51,-7,39,-50
7,-407,-90,-23,-47,-37
21,-415,-75,15,-36,38
-5,-373,-77,-32,42,-30
4,-406,-87,-7,-65,-28
-2,-385,-64,-39,-24,30
-27,-335,-110,-60,34,-9
10,-407,-70,-20,23,55
-21,-407,-47,41,-60,9
-9,-404,-56,-1,69,18
2,-382,-48,-20,-7,-27
28,-426,-80,-67,-7,-32
14,-397,-99,-18,-31,43
16,-389,-60,82,-5,-62
7,-404,-55,2,2,67
-6,-392,-100,-25,32,13
-22,-419,-96,38,-9,32
-3,-400,-64,55,18,45
-14,-399,-79,-65,6,74
-5,-389,-93,20,-17,16
3,-408,-59,51,41,42
-7,-400,-58,74,-49,7
-18,-349,-99,26,-0,-9
-19,-390,-74,63,20,10
2,-358,-58,4,-12,12
-10,-379,-25,16,21,36
-16,-390,-76,-48,-10,-46
6,-372,-57,-21,-14,10
22,-357,-50,12,67,-5
6,-406,-70,-3,34,-67
4,-360,-63,14,17,98
-27,-377,-46,85,-6,-1
-6,-398,-51,33,-15,40
6,-336,-58,52,-13,92
-10,-350,-48,59,2,38
-30,-356,-63,10,73,-49
-8,-331,-84,35,-11,26
-16,-317,-81,-7,-33,-43
16,-343,-22,-20,21,69
18,-345,-81,5,36,-17
31,-334,-4,36,-8,-1
7,-322,-13,63,14,-44
-18,-334,-15,8,-32,-23
-3,-347,-59,-13,-26,79
11,-336,-29,-13,-37,-77
-25,-313,1,42,66,15
-7,-295,-3,31,-21,51
-3,-311,-20,-66,55,1
6,-281,-40,-52,31,-14
16,-272,-55,48,-18,-42
3,-264,3,-15,7,10
28,-310,26,-15,16,12
9,-264,-24,-0,76,0
-52,-270,15,47,-91,15
18,-293,10,29,3,84
41,-288,-40,28,-17,-42
40,-271,-9,-9,59,37
-9,-278,-11,-20,-126,1
11,-267,-4,55,-10,-44
26,-255,-53,-35,2,10
-4,-261,18,-13,-34,34
-15,-243,16,17,-39,32
-20,-237,-4,-29,42,35
25,-223,33,58,-37,-15
-18,-231,5,71,-45,-65
8,-213,-1,15,16,53
34,-244,5,-22,-79,-43
33,-197,27,-35,-72,-21
-23,-196,14,0,-31,-23
14,-170,27,66,-58,14
-23,-209,34,3,-24,-39
-22,-195,49,-26,-27,-21
-48,-202,19,-32,-60,28
22,-191,34,-43,-4,-62
-21,-186,40,-39,15,1
1,-159,25,41,-2,17
-13,-143,30,20,-4,-30
5,-152,49,-12,81,-44
4,-155,62,86,21,80
-12,-168,49,-29,4,-12
53,-152,39,46,-9,20
9,-151,25,1,87,11
-5,-153,60,2,-12,-52
-6,-149,36,-46,-24,16
39,-154,75,-40,-3,-28
9,-104,72,31,6,-52
0,-156,82,-11,8,12
-10,-139,86,63,18,6
-27,-124,78,-10,-35,81
-5,-154,87,10,43,14
-20,-121,34,-15,13,6
-29,-91,79,22,-26,45
13,-140,69,8,-6,77
2,-133,43,-21,-46,-0
-29,-111,63,74,75,30
-6,-138,55,-49,-21,-59
-17,-132,105,7,-30,-40
8,-106,69,-25,50,-32
14,-83,60,-37,-101,6
-16,-87,80,-85,4,-45
-15,-116,75,-27,-53,5
48,-139,53,32,-8,7
-8,-134,16,34,1,-29
7,-99,73,35,52,-41
9,-119,76,12,-30,55
24,-77,60,48,6,45
36,-93,92,-18,22,-48
-5,-115,107,80,42,-16
-26,-88,84,-56,33,40
-24,-128,60,37,1,8
5,-109,99,32,-32,-32
-10,-101,62,-6,2,13
-27,-108,60,47,60,-18
10,-113,83,-56,18,-30
17,-129,56,35,-25,-24
34,-110,75,-2,-9,-48
2,-149,80,-54,-24,42
-9,-130,73,-36,36,40
-2,-128,83,-61,-53,3
-7,-140,49,12,35,51
7,-114,71,-39,103,-9
-41,-128,28,-15,40,-7
40,-128,68,-30,26,-8
17,-137,75,89,-70,-33
27,-127,90,29,-15,-39
-30,-157,53,10,-20,-70
14,-133,56,13,-30,-34
-15,-100,82,101,14,65
-4,-143,62,14,-70,-1
-12,-152,46,-13,-75,-15
28,-118,67,-29,-21,65
-15,-141,84,-13,23,33
18,-136,71,52,4,33
-11,-139,91,-41,25,47
15,-135,33,17,3,75
-28,-177,84,-56,23,2
-25,-168,43,10,-45,-47
18,-137,78,-15,22,38
-9,-174,65,44,-19,-32
-15,-172,26,4,-26,-39
11,-173,66,22,-10,-34
-51,-172,48,-25,-21,-19
-9,-184,45,-39,10,34
12,-220,58,-49,-9,-14
-9,-198,29,31,48,36
7,-215,21,81,-17,-55
3,-213,48,-23,-32,-29
-8,-229,26,-7,-14,2
10,-231,44,-70,-27,67
-40,-221,12,2,-11,-17
10,-214,13,-16,-43,-98
-49,-217,-12,-26,-13,-56
-36,-231,12,-34,34,-24
-31,-216,-4,47,42,10
8,-255,18,3,44,21
-4,-247,-0,-50,-53,53
5,-234,-14,-30,10,-32
-53,-256,-5,4,-24,5
-2,-248,9,-16,-12,9
17,-275,-0,-5,53,55
-34,-281,-27,-29,63,-61
13,-259,-1,-4,-14,66
-11,-281,6,74,13,-27
1,-278,16,-28,-25,38
-2,-286,-18,-24,22,44
-18,-254,29,-75,6,39
-5,-312,-22,6,35,-31
-18,-302,-26,-39,74,26
14,-319,8,6,18,4
-25,-316,-27,-73,32,6
6,-346,-26,60,48,15
15,-318,-11,-35,6,65
13,-305,-14,36,-41,-26
-2,-311,-20,-60,13,-33
-30,-353,-36,77,-46,-73
-25,-356,-57,10,39,-9
-5,-318,-0,-7,-9,-6
-4,-321,-54,6,-33,41
-18,-343,-74,-14,-34,62
15,-383,-10,-9,-3,17
-13,-364,-25,-8,4,-63
18,-375,-94,32,-18,-27
-2,-352,-64,4,63,12
-5,-375,-72,30,24,2
-14,-346,-42,30,5,21
3,-410,-63,43,1,-17
-43,-365,-87,-5,-14,17
10,-354,-57,-14,60,67
15,-414,-79,-35,-41,26
0,-401,-89,-15,35,-8
-37,-393,-74,-11,89,-6
-2,-380,-65,12,11,25
18,-375,-73,-15,-22,4
38,-385,-62,9,22,30
-5,-396,-80,27,1,-4
-11,-410,-86,-39,-38,-63
34,-380,-61,-6,9,26
-38,-386,-78,-43,-17,22
-6,-446,-54,-20,52,-34
-11,-425,-74,-57,74,-39
19,-382,-72,-69,-21,-74
-36,-394,-85,-6,-33,66
-24,-390,-85,-0,-6,-23
7,-410,-68,-53,-7,93
-3,-419,-45,13,35,6
14,-398,-87,20,-16,33
9,-390,-62,8,18,-60
23,-398,-105,-36,9,-43
40,-422,-53,-56,-15,-10
-26,-432,-70,15,-62,2
-6,-398,-79,-7,14,-69
-12,-420,-92,22,12,-17
-35,-388,-95,47,-29,13
7,-360,-66,-45,32,-65
-20,-413,-92,-58,12,13
20,-420,-65,8,15,-57
58,-373,-85,2,-18,13
-39,-369,-80,17,-48,-19
-14,-404,-71,-31,45,6
-5,-406,-103,17,47,29
-4,-390,-102,37,-2,13
64,-390,-78,-75,1,-15
33,-386,-40,-49,12,27
-32,-406,-64,7,10,-77
3,-396,-40,-29,-6,-11
-1,-404,-82,16,-16,-29
6,-401,-56,-27,-39,-1
-4,-381,-55,-24,87,-34
-27,-391,-68,-23,68,6
-9,-376,-76,43,-2,23
37,-370,-35,-2,-54,-30
-6,-378,-17,-15,-10,83
-28,-358,-77,-28,41,43
-11,-373,-13,-16,-30,18
9,-320,-72,20,-44,18
31,-370,-55,-6,10,22
5,-384,-40,-49,-22,3
5,-374,-79,9,-59,-53
17,-336,-35,10,-7,-31
18,-344,-42,-14,-31,-78
-8,-307,-33,-1,21,-10
-0,-386,-30,9,-49,57
-29,-313,-16,-29,8,-39
-8,-310,-38,17,89,35
19,-302,-23,-9,8,80
-17,-279,6,-50,16,-34
-10,-323,-70,-30,-2,49
-30,-284,-13,-7,23,-15
-26,-310,-21,51,-40,30
-4,-307,-25,-47,-3,-30
-10,-317,-34,-16,69,11
7,-276,4,29,-45,-42
-16,-307,26,-32,-43,33
-4,-277,-9,79,13,57
31,-259,-19,-3,23,-1
-25,-281,-39,37,-57,16
7,-274,-30,-19,-6,55
-12,-262,30,-65,23,6
-41,-235,3,38,6,4
8,-245,33,27,-79,23
-15,-257,-16,51,-37,82
-9,-211,15,36,-40,46
-13,-258,7,-18,38,12
-21,-242,15,-9,10,22
33,-260,-23,-41,-46,18
2,-253,-34,-25,-5,-17
3,-246,-5,63,-76,-34
-7,-219,57,-87,6,34
-4,-250,27,67,-57,-6
-3,-191,-1,17,25,-77
-18,-202,33,-14,-45,-24
-4,-196,18,-22,-19,-28
17,-185,70,28,26,-17
13,-209,23,86,72,-38
-5,-161,28,50,-68,-59
11,-196,20,23,-6,33
1,-174,37,65,-32,-28
-21,-181,56,-33,-9,-48
-5,-171,38,24,-81,-48
-23,-165,25,11,4,52
17,-156,68,25,-23,-48
0,-162,67,-29,-12,7
3,-101,44,2,47,53
-19,-134,39,-15,-1,-7
6,-169,71,45,1,17
9,-163,34,28,3,-50
12,-96,21,4,32,13
9,-121,53,40,-16,45
6,-96,52,1,74,-10
26,-131,67,-11,-39,64
21,-116,59,-7,-59,-28
1,-107,48,-9,57,25
5,-90,66,-39,37,-56
8,-117,90,-20,-14,62
-40,-133,91,14,1,35
-10,-155,60,-44,-10,38
10,-118,43,-16,32,-36
-4,-120,58,34,-48,-34
8,-120,67,16,-43,53
-15,-125,106,-53,26,-40
33,-107,82,11,-68,-0
-2,-85,95,32,30,0
4,-85,80,-27,-66,30
-19,-122,32,-32,-7,-34
-22,-97,66,49,66,60
-0,-98,67,82,-8,-1
-8,-109,70,-4,-110,2
-8,-126,58,-20,-5,10
2,-58,96,51,35,-67
20,-99,111,-38,25,-67
23,-79,108,-19,35,-5
-4,-95,51,-64,-39,-63
-1,-95,97,17,-1,10
-24,-118,75,52,-43,80
-3,-87,79,-3,84,89
-0,-139,69,15,-16,26
-19,-95,78,46,28,-8
-5,-100,94,-16,-29,62
-21,-65,99,-19,-26,-21
1,-132,70,-80,-2,-63
13,-134,77,-75,-23,-35
19,-122,55,-16,-68,13
16,-124,83,-50,-1,10
-11,-116,40,1,-20,-45
13,-147,97,-74,112,2
-11,-123,30,-26,-64,2
-34,-133,45,-1,11,-11
-41,-135,73,5,-23,-14
-8,-130,33,-41,-73,29
24,-155,39,6,-67,-45
-8,-142,54,-17,6,39
9,-121,53,7,-19,-42
5,-153,70,-51,20,-12
-6,-159,83,-13,-1,-16
-2,-133,22,84,16,-5
11,-159,24,82,36,-5
-22,-174,39,4,46,12
42,-164,67,-9,-25,-24
-15,-179,55,39,-17,37
-29,-153,49,51,7,-15
17,-172,54,-52,-6,-19
-8,-197,22,-0,-9,-17
7,-187,43,-19,-1,-51
-16,-155,16,-18,71,-37
13,-158,9,-21,-46,-15
-12,-184,61,-52,-43,-34
8,-174,23,34,12,10
-0,-206,-6,-49,-80,59
11,-207,21,35,2,-2
20,-234,8,-7,-43,6
-1,-205,18,-28,-64,-30
-29,-272,45,-89,17,-20
28,-234,13,1,-50,21
20,-226,19,-5,68,42
-10,-212,-4,29,-23,-31
-1,-269,14,-55,-13,-15
-4,-277,17,14,4,44
2,-268,-26,39,2,17
-27,-251,3,39,27,-6
-72,-278,0,20,-47,29
-4,-257,4,7,38,42
12,-281,20,26,-57,7
-2,-292,-44,1,-32,12
-8,-302,-18,4,-50,14
14,-276,-19,-53,-77,-74
7,-274,-24,-28,41,-50
33,-316,-31,-76,37,51
10,-306,-44,30,50,24
16,-334,-17,-1,-17,46
13,-337,6,-22,-27,-112
-9,-305,-78,-85,-52,73
-23,-294,-11,-4,-5,-97
-21,-301,-32,22,-12,-62
-30,-306,-5,51,13,7
6,-317,-53,57,-25,-2
1,-336,-29,-76,28,67
-50,-313,-22,18,15,-13
0,-340,-39,-43,19,-33
6,-349,-21,-27,62,15
-27,-348,-44,29,40,71
-10,-303,-90,-19,-67,-76
6,-368,-43,69,1,-35
7,-365,-54,20,21,-58
2,-366,-79,-28,33,-30
-1,-363,-29,34,2,-72
22,-352,-74,9,-87,74
28,-414,-41,21,56,21
15,-378,-57,-41,-19,-60
-17,-355,-48,12,-72,-25
23,-383,-73,3,-1,-17
-63,-403,-66,-91,11,-14
-11,-394,-63,-0,-54,56
-22,-355,-41,2,5,-32
-47,-341,-64,-12,4,-14
17,-375,-32,9,-8,-55
2,-384,-90,28,-53,32
17,-374,-62,-18,-15,-50
16,-398,-57,-28,26,37
27,-427,-80,-13,-51,-34
-24,-393,-75,2,-2,77
8,-412,-97,-61,10,67
16,-407,-50,43,-23,2
-13,-373,-68,40,-7,-3
-4,-380,-65,14,-9,-9
17,-397,-68,34,-10,-42
-20,-371,-82,3,105,15
-16,-420,-92,-39,-48,49
-41,-404,-80,-6,36,-27
27,-440,-85,5,62,-31
20,-421,-83,-20,60,2
-28,-403,-76,-37,-5,20
23,-433,-88,-8,31,8
-39,-396,-52,113,-27,-9
42,-428,-73,-3,-93,28
-21,-427,-50,6,92,-42
-9,-415,-28,45,41,-31
-11,-391,-50,-12,-21,-1
-3,-414,-75,-102,7,2
-23,-394,-60,-43,-33,44
6,-368,-82,-48,-50,37
9,-421,-86,-56,10,-41
27,-412,-86,15,-23,-24
-1,-400,-59,30,-10,-44
1,-370,-78,-33,10,-11
-6,-359,-77,-12,-19,29
32,-331,-48,80,39,-2
16,-389,-61,-59,47,18
6,-396,-91,6,-14,34
-17,-421,-30,-5,-21,60
41,-372,-57,57,49,17
14,-382,-49,42,28,2
11,-350,-80,5,-35,36
8,-345,-64,-32,12,-62
15,-384,-80,22,-50,42
-3,-355,-5,-68,-51,-16
-7,-355,-69,-43,34,52
-7,-350,-40,-27,-26,27
-18,-364,-25,57,26,38
27,-329,-40,-63,-27,4
-42,-349,-69,41,53,16
-15,-338,-52,-14,-8,-2
17,-323,2,7,-9,43
27,-329,-26,-43,45,32
-1,-317,-52,-86,-5,43
2,-299,-11,-9,43,-32
-17,-289,-21,69,34,12
-33,-286,5,63,-9,23
7,-304,-50,37,7,-12
-5,-305,-43,14,-26,84
3,-296,-6,-30,-51,27
12,-325,-57,73,-56,61
-1,-304,-10,0,45,6
13,-275,-1,48,38,-83
18,-262,-33,-7,-52,3
9,-267,-21,-4,-39,27
4,-262,20,8,54,30
9,-244,-6,-2,53,-30
-23,-245,13,-5,-34,10
-7,-225,6,-2,14,-20
5,-274,29,-8,33,-34
-12,-262,16,-39,-2,-0
-20,-224,20,14,74,47
-1,-243,-15,18,-44,18
-2,-225,-17,20,-41,-48
-17,-236,37,3,87,-35
15,-226,23,-33,38,38
24,-222,24,-32,30,35
-7,-210,-21,32,104,22
-50,-243,49,-29,-41,16
13,-236,73,-33,-87,-27
-26,-195,-7,50,-15,38
14,-183,43,23,23,-22
-21,-232,7,29,1,-5
25,-197,44,-25,39,44
-1,-181,83,55,8,21
-15,-164,50,-22,-87,-0
-6,-165,42,44,-16,-47
17,-211,52,41,29,70
-17,-142,31,-33,-38,88
-32,-127,40,60,-20,-35
-13,-133,16,42,3,12
2,-151,33,-35,21,-33
-25,-188,23,14,-75,-33
23,-172,82,-2,-34,47
-18,-147,52,22,8,9
-41,-165,57,-10,62,43
-43,-91,63,53,-10,49
-29,-120,65,-19,43,-5
-34,-139,56,-8,30,11
10,-132,98,-36,-40,23
17,-148,35,-44,10,-6
25,-112,84,-37,105,23
41,-130,36,-46,26,12
39,-165,71,36,-6,-10
2,-119,65,-61,29,-13
-26,-113,50,-23,97,25
-48,-136,80,-23,36,39
-3,-106,65,-29,-32,-33
0,-99,76,-60,39,-0
9,-109,86,14,-7,59
-29,-100,95,9,20,-6
14,-110,25,-23,-24,-37
18,-95,84,-39,32,-45
26,-105,99,1,16,75
6,-125,70,35,49,-13
-32,-91,41,-50,-26,-16
-5,-116,39,-29,-30,45
25,-72,83,66,48,40
10,-106,56,-59,-21,59
2,-123,67,20,-22,95
-8,-111,46,-33,-8,9
14,-143,68,35,3,38
-0,-100,94,-30,-71,-80
13,-105,48,-25,19,-39
9,-118,82,24,-51,-36
-17,-126,95,-54,-13,-32
5,-114,92,4,33,-101
20,-105,87,16,21,38
10,-135,87,12,-42,61
18,-76,36,8,-31,3
14,-112,123,9,42,-42
32,-96,85,28,-10,-17
-32,-146,69,-58,-17,28
8,-132,60,-3,-0,42
8,-105,42,-17,-4,19
17,-141,75,38,-13,-3
-19,-125,41,1,127,-33
31,-126,103,35,8,40
10,-159,69,54,-51,-6
8,-129,18,13,63,25
-1,-150,39,26,41,0
3,-112,46,48,-27,-15
3,-158,70,2,-0,57
-23,-169,52,-24,-33,15
-6,-130,30,27,43,57
6,-106,50,18,-13,-17
4,-141,71,1,81,-14
2,-154,66,-79,-18,41
17,-175,61,-14,-40,-27
-37,-181,33,101,-19,29
-15,-206,35,47,40,21
48,-154,54,52,-47,34
-11,-142,32,-6,89,16
15,-172,3,-12,77,-26
-15,-183,14,-67,24,26
5,-182,42,-19,26,11
-9,-161,-7,-42,27,10
18,-200,21,46,4,101
-20,-237,29,-39,118,-30
23,-235,23,18,26,78
-29,-234,49,-118,10,23
12,-261,-8,-20,-10,-14
30,-224,43,-19,-57,-39
-28,-218,21,26,-10,-2
3,-213,10,-28,-38,16
12,-213,-25,-3,41,-1
0,-252,17,-8,-20,-26
-16,-250,29,121,48,30
23,-274,-36,-24,18,4
11,-268,-7,21,30,9
39,-274,6,-58,12,-34
-32,-257,-10,78,1,39
-5,-275,-5,-5,-11,-14
24,-284,-5,-5,-19,-87
-9,-292,-8,21,-20,2
1,-294,-18,-20,-12,114
-3,-284,-12,-74,33,-31
-37,-299,-30,-16,-23,-43
10,-274,-26,70,-32,-11
46,-298,-3,-37,56,6
-4,-319,-33,-61,16,30
-1,-307,-10,12,-11,-2
5,-318,-18,16,26,-74
-54,-331,-27,16,21,-9
-13,-341,-39,72,-35,-38
10,-357,-50,25,-3,-80
11,-336,-55,-9,30,33
-2,-329,-65,36,-14,55
-25,-350,-32,-25,41,43
18,-311,-50,-36,6,50
2,-346,-32,12,-32,34
15,-326,-83,-46,-61,33
-15,-379,-84,5,13,4
4,-361,-34,-20,79,-20
31,-363,-73,48,43,-16
2,-388,-69,-12,36,-58
-14,-371,-50,-30,-45,10
-15,-410,-101,58,-4,-15
-24,-384,-76,19,50,57
3,-354,-43,36,22,2
-11,-366,-41,24,11,-39
10,-416,-28,-4,54,-26
-2,-378,-58,-5,98,35
4,-387,-96,24,16,-17
-16,-370,-77,-29,-35,39
-1,-412,-73,22,4,-62
9,-404,-76,-23,7,-35
-5,-409,-72,31,-36,23
-14,-398,-82,18,18,5
-25,-433,-81,52,-12,2
-4,-398,-61,66,1,19
2,-404,-46,0,27,-77
-37,-395,-80,-75,-17,-36
-7,-405,-64,-64,-38,-5
29,-416,-91,-0,2,48
15,-404,-76,-0,52,-27
47,-410,-2,-53,-20,-29
11,-428,-89,-59,11,-2
-14,-389,-65,-8,13,-75
-27,-371,-70,-18,-30,-12
11,-405,-50,49,6,-22
-23,-389,-75,-54,-107,29
5,-402,-62,-24,12,58
14,-405,-41,-73,-61,41
16,-398,-51,-43,19,3
-24,-416,-67,-43,65,-77
3,-389,-56,-11,2,29
-36,-393,-125,48,-13,-43
-39,-391,-64,-47,-27,-37
-2,-432,-85,-24,21,-18
-18,-429,-63,8,-74,-21
-11,-378,-23,-20,-5,1
-13,-400,-89,12,29,42
-4,-390,-15,1,26,-41
-2,-387,-61,-13,-3,-6
-4,-389,-85,-39,-48,-28
3,-407,-85,26,3,-2
-3,-356,-87,-17,-22,-42
30,-403,-61,-13,-4,10
14,-382,-78,-8,47,-5
-17,-348,-37,72,-21,54
2,-394,-66,-44,-22,-24
-19,-352,-94,4,-19,76
-4,-357,-41,22,26,-55
30,-323,-39,44,-27,-33
-3,-368,-37,9,43,75
0,-345,-43,11,37,-22
-23,-335,-60,39,-35,30
44,-335,-22,-23,-37,-23
-5,-329,-1,-2,8,-2
-46,-384,-41,-1,30,25
-9,-348,-26,24,-49,-68
27,-325,-49,49,-42,41
-7,-353,-16,-20,58,-0
-22,-323,-62,24,-52,-18
8,-308,-18,-36,55,16
-21,-326,-16,29,-43,45
-37,-309,-22,17,-18,71
11,-336,12,-20,6,-15
21,-275,-22,43,-7,-42
-18,-281,19,3,10,17
13,-314,-13,11,60,-21
-11,-277,-5,-22,12,5
6,-271,-23,-6,-18,-57
-2,-307,-31,-27,-25,-2
5,-266,-3,79,-58,56
21,-275,-16,-22,67,54
-11,-269,-34,-25,2,26
18,-217,-26,-15,88,-15
0,-231,37,-9,10,14
-10,-239,14,40,20,2
6,-236,14,39,62,-6
-28,-235,-8,-21,11,4
-4,-212,-20,-4,17,-105
16,-199,11,38,-3,32
3,-225,-13,27,-14,-32
-10,-220,26,-35,31,7
9,-206,38,40,-49,-17
10,-248,52,9,-8,9
14,-235,20,-18,47,9
-31,-207,49,-44,7,-80
11,-183,11,77,-41,-30
30,-178,51,60,44,15
20,-165,18,-61,1,-1
-25,-183,59,-101,-14,15
-28,-183,60,-30,-9,-56
-10,-152,49,36,29,8
-3,-140,20,-13,93,21
1,-178,62,17,18,19
-28,-166,64,-28,-7,-18
-12,-194,45,5,62,-67
5,-176,65,13,-22,44
-22,-138,44,56,-38,104
46,-171,75,-48,60,24
23,-148,33,6,-60,-4
18,-125,89,-48,-19,43
9,-138,48,-59,-90,-69
36,-116,96,23,75,-46
-28,-146,73,20,66,-14
19,-127,80,-33,23,-35
-19,-102,32,-32,9,-29
-36,-96,47,-58,42,70
1,-115,69,12,-0,42
-25,-102,76,36,-43,-83
12,-129,76,32,-40,-3
26,-111,76,1,-52,49
13,-106,91,-16,32,4
-4,-123,82,-25,8,-6
-26,-126,64,30,-18,-75
19,-112,98,-40,1,-13
-56,-113,73,-8,-12,29
-7,-155,65,-54,1,-23
22,-123,65,-26,-12,30
14,-117,90,-25,-29,-46
-32,-83,66,-88,-84,-4
31,-118,65,-53,-3,-19
26,-128,86,4,15,55
41,-117,56,29,7,-6
40,-93,90,-73,-55,45
10,-106,87,29,34,-32
28,-104,66,-43,-32,44
-14,-120,69,15,64,3
-18,-140,80,-1,19,26
26,-128,98,17,1,3
-11,-87,78,6,12,0
19,-115,77,0,73,96
-31,-145,103,37,-78,9
5,-110,69,78,-6,45
0,-106,69,-45,-6,-6
7,-104,87,2,5,83
-6,-131,73,31,16,19
-6,-100,44,-58,-12,13
6,-113,78,15,-47,11
17,-114,63,-89,-4,39
-1,-132,46,24,-12,54
-33,-129,63,37,14,32
14,-136,34,32,32,33
36,-141,50,51,19,-14
22,-108,76,25,-13,34
-24,-141,76,5,27,-38
18,-105,63,10,1,1
2,-164,60,-42,-67,15
-27,-132,77,28,-63,-41
-21,-127,29,-13,34,16
-3,-137,44,-5,-10,-94
18,-162,39,-35,22,8
-17,-163,54,43,21,2
-18,-184,41,27,9,10
-8,-164,40,-76,12,-25
-15,-157,48,-31,-32,30
6,-161,31,-59,32,27
21,-173,12,-46,-15,-11
-41,-214,15,66,10,-21
-23,-193,35,40,6,-29
-15,-209,50,-8,17,61
28,-213,58,52,-35,11
-37,-208,18,-2,26,-11
-0,-174,38,27,17,-47
-49,-206,45,22,-8,-40
13,-199,31,17,-1,29
6,-189,16,30,1,37
20,-241,13,-32,-24,18
4,-203,17,10,59,-49
2,-214,25,52,2,20
-5,-231,6,-26,-43,31
-16,-244,20,53,-32,51
-3,-250,-7,9,29,90
-3,-270,10,3,25,20
-27,-229,23,-50,17,-38
8,-266,1,15,-36,-5
5,-250,-11,19,-78,-16
11,-249,-3,-43,34,-26
-9,-263,-17,2,-34,-25
-10,-263,-13,-61,-41,-42
-26,-309,-3,28,-29,5
3,-282,-0,53,34,1
-6,-314,-29,-13,-52,-3
-18,-288,-8,-1,24,21
15,-295,-38,-14,-35,-29
-10,-335,-4,84,26,6
7,-304,-25,-33,9,-16
-16,-271,-1,-16,-3,53
-7,-343,-17,30,118,-8
-23,-312,-41,-47,9,55
-35,-312,-37,87,22,-48
-8,-344,-55,-48,-132,3
-6,-321,-37,-30,-41,29
-17,-354,-38,-31,-10,4
26,-349,-35,101,-16,32
-15,-328,-50,17,-39,60
41,-353,-60,-17,24,3
47,-336,-61,-38,19,17
-10,-354,-67,-31,-8,-18
-21,-362,-64,-42,33,17
-0,-334,-67,-7,-6,26
15,-416,-54,-13,48,-15
15,-363,-50,-3,-23,-6
10,-354,-57,-33,-44,7
4,-404,-42,15,48,-19
0,-342,-65,-2,-6,-60
5,-400,-69,7,35,4
3,-395,-72,6,-6,-98
-30,-365,-80,64,-20,55
2,-375,-64,-114,-21,-44
15,-363,-73,-33,15,-102
50,-413,-69,-16,85,-33
12,-379,-96,-11,-15,36
-2,-417,-71,22,-44,64
-2,-385,-70,50,-9,-48
-4,-378,-53,36,3,-50
15,-407,-83,66,-10,-1
28,-396,-91,28,-62,21
-25,-417,-52,-16,-49,32
-7,-424,-77,22,47,89
12,-380,-80,45,15,6
-2,-415,-81,17,-93,3
41,-408,-70,51,-67,26
-31,-413,-60,-1,-41,32
-19,-387,-43,50,-10,-16
-14,-440,-58,85,-16,-66
32,-442,-80,-36,61,-63
-26,-414,-127,-16,-22,2
11,-419,-53,-12,-10,20
-34,-425,-71,99,37,26
-18,-396,-54,-58,44,-2
-26,-419,-63,-16,32,-3
12,-399,-90,44,68,-7
-14,-362,-94,13,-29,-38
24,-391,-75,-17,25,-7
-23,-384,-100,-74,-73,-52
-11,-381,-71,12,-17,-17
-17,-400,-90,-34,-41,7
14,-402,-82,18,6,-55
-3,-382,-54,-45,13,37
9,-401,-70,7,31,48
-11,-394,-23,13,20,27
7,-371,-88,36,-34,-43
11,-355,-60,-46,-30,80
7,-372,-64,-67,15,-26
-12,-375,-78,6,-13,54
-38,-388,-36,17,29,22
-14,-320,-73,28,-35,-46
-14,-378,-62,29,27,42
14,-346,-48,-27,-41,-24
7,-362,-63,-48,-18,25
-15,-351,-48,-22,-73,43
17,-357,-32,-63,22,67
5,-307,7,72,-14,55
-5,-332,-26,21,-54,-12
8,-361,-31,-50,-60,42
-2,-318,-65,8,55,19
17,-308,-53,17,-32,-13
12,-334,-50,37,-0,-39
-9,-323,-16,-18,40,-7
40,-314,-16,30,-20,-24
13,-344,-35,-6,-17,-65
-30,-293,-44,-54,-26,-20
31,-334,-57,-82,3,81
10,-300,-17,-40,36,14
26,-282,-38,-14,-56,18
25,-264,-15,25,-38,-62
-7,-273,-30,23,-32,-16
1,-285,-17,32,-61,16
11,-295,-11,25,-51,53
-2,-276,35,-35,-1,20
32,-278,11,-43,0,-63
22,-247,16,-2,-27,30
2,-235,-20,47,-24,-36
19,-202,15,18,-2,-39
-29,-264,19,16,57,-18
-31,-226,-36,-13,-39,40
-22,-222,12,-5,14,-24
-0,-203,-20,-45,34,2
11,-207,7,-23,87,-41
-8,-250,-31,3,22,3
-9,-227,6,37,25,-15
-20,-201,8,-16,-78,73
-13,-214,33,-75,6,-38
4,-196,17,81,-73,-42
-11,-226,39,5,14,-14
-5,-213,52,-31,-26,40
-5,-216,73,39,-25,13
-28,-232,31,31,1,-57
9,-189,28,14,-48,16
4,-202,48,-14,50,46
-43,-182,51,-12,-54,2
4,-180,49,74,28,-64
-15,-141,23,-23,-2,58
-1,-170,36,32,-53,-53
-10,-188,39,-41,47,-62
1,-133,50,0,-89,-41
5,-177,67,3,1,5
-16,-184,66,9,53,-33
-14,-131,39,29,-43,24
21,-155,68,46,45,15
-38,-142,95,-8,25,9
21,-136,61,-21,-19,-21
37,-120,46,-10,33,-15
24,-144,23,61,51,-12
15,-140,51,21,-40,21
43,-147,94,65,-43,-25
-15,-143,75,-18,23,-85
-1,-132,73,7,43,65
5,-92,76,-0,-26,30
-15,-97,98,4,-23,-6
8,-114,79,-63,-54,-68
9,-144,83,-40,-18,-14
0,-97,94,-38,14,100
-2,-108,41,95,18,103
-5,-87,62,22,-11,23
-15,-64,80,-73,3,28
-36,-152,69,37,-1,52
6,-102,94,26,80,-56
19,-111,60,6,38,-56
30,-70,91,-57,45,-42
12,-107,123,-46,-18,-24
1,-95,54,-51,-36,-3
19,-86,66,-13,-42,-14
13,-124,73,5,-46,54
8,-118,40,-5,7,61
-22,-86,49,-45,27,27
22,-159,60,16,-7,-37
6,-135,101,2,50,18
11,-83,51,6,61,-48
-24,-103,115,100,-52,5
-11,-111,47,-7,26,22
2,-123,51,-72,19,-27
17,-128,62,-100,2,-66
-12,-76,65,-26,-19,23
-20,-110,111,-30,-8,-35
-17,-91,11,-4,17,7
6,-85,77,-32,25,2
-2,-141,51,-11,52,24
-18,-127,66,-8,-25,-11
-17,-141,35,-48,25,-27
-16,-132,87,8,23,84
19,-124,59,41,-92,-6
5,-139,116,-16,-69,33
-23,-172,64,103,36,34
-8,-135,69,-42,99,23
20,-148,81,17,-102,-100
28,-102,63,82,55,20
-12,-106,76,26,-19,29
-54,-126,78,-30,14,8
-13,-161,41,-26,14,-44
0,-136,15,47,-7,5
22,-119,45,52,-10,-82
15,-175,82,49,-28,59
-19,-181,39,47,6,-1
33,-157,54,-7,38,-17
-11,-197,44,4,-51,-57
12,-188,64,13,60,-5
-22,-230,30,69,-14,-49
-6,-152,44,2,-42,7
-8,-196,5,43,30,12
2,-240,9,-48,-15,7
-8,-200,41,-22,-25,-4
-18,-245,8,41,-2,-67
-10,-219,28,5,136,40
-5,-212,-12,3,-68,19
-36,-187,3,15,-17,-60
-0,-233,52,-64,-35,-17
4,-180,-2,-21,-29,10
22,-218,-2,46,-37,56
2,-214,9,32,-48,34
21,-248,-7,47,-16,-42
-5,-248,-3,38,-30,20
-28,-265,-13,17,15,15
-31,-233,-13,18,-62,-34
8,-284,18,-34,-8,-41
15,-261,11,59,39,-31
8,-298,-14,-6,-18,90
25,-254,38,6,-2,95
16,-280,-45,30,-45,37
14,-275,-9,71,-0,-30
37,-318,-5,-15,-24,9
1,-295,-25,-24,-82,-31
-6,-326,-58,-9,-38,-1
23,-332,-68,0,-28,38
21,-286,-41,-11,-38,-24
36,-310,-49,-47,25,-48
22,-342,15,-19,-15,-45
-20,-310,-15,1,-67,-26
25,-356,-31,-2,43,18
4,-329,-35,35,4,38
11,-335,-19,47,-73,-35
2,-348,-67,-40,26,39
-3,-322,-28,26,61,19
-9,-330,-32,-23,25,-45
2,-356,-55,-6,-5,10
-11,-343,-57,17,11,58
-5,-363,-53,37,-70,22
18,-346,-72,-11,74,-29
24,-406,-64,14,1,-41
18,-379,-75,-36,29,-25
3,-341,-43,-3,34,-45
-36,-367,-65,-12,46,45
-16,-375,-58,-16,10,-38
7,-407,-71,44,-26,-15
41,-389,-40,25,-9,-11
11,-362,-54,14,4,12
34,-402,-88,-17,48,23
-24,-430,-56,12,-53,-26
-7,-358,-78,-12,-44,-78
-2,-397,-38,-56,-13,16
-24,-401,-50,-83,-88,-5
17,-386,-83,-28,17,27
6,-379,-53,-16,62,-23
52,-373,-69,-38,-2,25
-9,-391,-70,-62,-42,-94
-3,-387,-92,15,-7,28
-22,-425,-97,-53,-20,0
-14,-407,-89,27,-13,-15
-0,-411,-75,73,8,-39
-1,-403,-104,6,10,6
1,-387,-88,-7,-7,-84
-31,-422,-79,18,-9,22
-1,-427,-85,40,-16,11
-6,-410,-63,66,46,-25
47,-434,-73,-28,-37,8
-2,-371,-77,-14,-34,-28
25,-433,-62,11,50,-21
-13,-423,-107,21,24,-8
15,-399,-68,18,64,-4
-13,-370,-69,39,-22,35
-28,-396,-117,90,-27,4
2,-413,-84,52,20,47
-1,-398,-70,33,-73,-24
-5,-382,-93,33,35,2
-15,-363,-47,1,19,-83
-15,-378,-86,-27,36,-14
-11,-441,-75,-49,47,-64
9,-390,-68,-6,-9,2
42,-394,-60,6,24,60
-18,-395,-49,-99,-66,-36
9,-388,-81,49,-7,0
5,-387,-61,28,-33,17
13,-378,-59,38,-13,42
1,-401,-63,-3,-20,-4
16,-361,-5,-45,71,-20
-6,-365,-56,48,50,10
1,-390,-66,-0,-12,-20
18,-340,-62,4,-40,39
2,-364,-84,12,-49,-19
-6,-367,-30,-22,-34,-49
-1,-317,-38,-56,-66,-71
25,-366,-37,79,27,91
-35,-339,-55,63,-40,4
21,-333,-7,12,-23,52
-16,-326,-38,13,31,-85
-18,-322,-45,-16,-26,-32
-49,-332,-43,77,58,3
14,-327,-66,4,-15,46
-5,-321,-10,15,1,32
30,-345,-19,44,8,-7
-17,-314,-13,-8,-4,-14
-11,-309,-28,-17,64,8
4,-316,-32,-13,-23,16
5,-288,-12,48,-23,-9
13,-301,-6,10,26,48
33,-288,-20,-19,-53,-75
23,-285,-13,-27,18,21
-16,-267,-37,-24,-30,-48
-2,-291,-20,45,15,18
20,-262,26,-53,69,1
33,-287,-7,31,-18,-12
54,-284,32,37,75,15
66,-259,2,3,-18,3
15,-290,-1,-25,14,-3
-6,-253,16,-52,-4,19
31,-226,23,-4,22,39
19,-224,11,-71,-60,-51
-19,-226,-14,64,11,-24
-21,-217,-18,-89,38,6
7,-227,15,-34,1,-38
23,-199,-1,-33,-72,-23
5,-211,21,82,-117,35
5,-167,50,69,-71,34
14,-219,26,17,-53,-53
-11,-193,-10,-29,35,-18
23,-212,32,-12,-54,30
19,-197,31,-76,-23,-60
11,-201,30,-57,55,29
25,-213,79,-12,48,71
37,-187,80,-56,44,21
16,-193,23,10,-9,-10
-19,-224,26,75,-108,-2
6,-180,54,-21,23,-66
33,-168,34,33,-71,44
10,-152,12,-23,51,-43
-19,-154,39,40,-73,-38
10,-120,37,33,5,56
2,-117,36,24,68,-75
-27,-147,70,-7,40,-6
41,-153,89,-42,8,-24
21,-121,49,-78,-74,-19
7,-126,74,28,11,23
-4,-147,38,14,-69,-47
-14,-95,70,14,-42,-12
33,-127,58,-23,-27,3
54,-145,62,41,13,41
7,-126,73,11,-71,58
5,-128,66,-37,36,-73
5,-86,69,-5,-60,-77
-23,-123,76,3,86,-48
24,-104,79,-23,-42,-46
4,-141,28,15,43,-26
26,-120,87,21,39,-62
-7,-139,62,58,11,-23
-5,-144,94,-30,18,-43
-16,-106,63,-40,68,-3
-18,-83,61,-11,35,9
-3,-95,89,22,-26,10
-17,-125,98,20,7,-46
18,-143,96,-9,-23,32
15,-92,78,20,-16,-29
-2,-87,49,-0,47,-22
-15,-126,66,-74,26,47
22,-86,38,-15,-40,-43
-37,-111,65,24,-17,-30
-8,-104,42,2,6,43
19,-101,84,-24,42,-20
9,-98,79,-48,-37,22
-20,-119,73,50,24,10
-4,-100,85,-15,-8,24
23,-142,72,-29,12,23
22,-130,25,-18,-51,-37
-22,-110,103,40,50,19
-23,-114,78,-25,-16,-41
-27,-89,64,15,12,35
-12,-106,83,-16,-2,2
1,-116,107,80,-30,-45
-23,-129,71,16,-32,-14
-17,-138,56,-44,13,-73
3,-126,55,33,-39,-34
2,-137,69,-50,8,21
20,-117,76,-80,-3,-46
1,-117,88,23,61,-15
22,-145,62,-55,49,-0
-14,-129,29,-51,-34,4
-20,-152,58,10,54,39
35,-140,53,73,18,63
-23,-135,45,24,11,9
-8,-190,34,-7,26,-16
-16,-132,37,94,12,53
6,-146,42,-43,21,20
-10,-190,48,43,74,-14
15,-147,50,-56,19,-14
0,-172,24,24,-42,19
20,-176,30,-27,-44,-37
-36,-188,37,-45,-71,23
16,-223,39,27,-16,3
8,-176,32,40,38,41
5,-207,7,39,69,-7
-35,-191,20,15,-7,-45
15,-211,3,-67,55,52
22,-184,49,-103,-32,47
-29,-205,40,24,34,-27
-17,-211,8,101,-17,-26
5,-185,14,-22,-14,94
-25,-223,25,-19,-17,42
60,-239,19,-59,75,15
-20,-221,2,-3,2,70
-1,-218,2,-23,-1,-33
-41,-258,-19,-35,54,-15
13,-265,-29,37,-57,-6
-2,-283,10,15,-102,-24
-31,-253,9,-17,-21,15
-1,-251,22,12,14,27
17,-246,-5,-57,-9,-31
21,-222,-10,5,17,52
-21,-274,-1,-34,-58,-88
25,-248,-0,-34,13,11
-3,-278,-9,16,53,-0
10,-258,-7,-45,-40,54
17,-275,-28,-2,48,73
12,-306,-23,-70,-33,-34
25,-341,-47,-5,-113,12
-4,-322,-12,16,-15,23
38,-336,-55,-54,53,10
-23,-300,-19,3,-19,62
15,-298,-71,27,7,38
-25,-294,-51,65,-28,-9
4,-322,-19,-12,61,-6
-14,-308,-35,-93,-31,53
-2,-300,-32,-49,54,-44
4,-315,-50,-25,107,-75
20,-335,-32,-24,-39,-26
-23,-311,-54,60,24,17
-13,-332,-68,67,50,0
-10,-344,-24,33,42,-58
-8,-359,-63,44,-46,52
3,-312,-49,22,-22,44
-14,-363,-46,-55,6,47
11,-367,-56,23,-107,21
-3,-364,-60,-1,37,-75
-10,-403,-95,58,58,-38
19,-369,-61,-6,-75,-38
27,-355,-85,-55,15,-56
-18,-377,-66,10,67,-65
-39,-394,-63,-3,-51,-6
17,-433,-44,-2,55,13
-21,-391,-34,19,23,44
-0,-387,-106,23,-2,30
24,-400,-35,-16,96,20
3,-404,-50,13,59,5
14,-389,-17,3,-40,39
14,-406,-64,-33,-34,17
12,-391,-56,-21,14,47
-14,-408,-77,13,-12,19
-39,-417,-82,5,59,9
-22,-447,-37,69,-5,63
1,-452,-128,-67,55,77
24,-391,-30,-48,-6,1
-31,-400,-90,19,-1,-63
10,-386,-63,-23,-7,-29
-2,-416,-79,-30,9,-25
12,-414,-56,113,71,18
-18,-365,-75,8,-39,2
-19,-440,-46,-35,45,-74
-13,-439,-87,-7,-45,37
-24,-392,-61,6,5,-18
20,-380,-59,20,106,-2
-11,-398,-69,-88,-71,-24
18,-396,-71,-18,8,25
16,-404,-96,-36,-25,6
2,-427,-66,-10,-37,-50
19,-429,-116,2,-15,80
-23,-384,-82,46,-11,28
-2,-436,-88,2,-11,-32
19,-401,-85,7,-11,-37
16,-384,-100,2,-60,-27
-2,-351,-69,-35,24,-56
-31,-369,-78,18,-24,18
-18,-402,-69,45,-17,66
-25,-369,-56,33,-24,1
4,-372,-87,62,15,-15
50,-360,-67,-19,23,0
30,-374,-30,-21,-19,53
-9,-375,-95,-49,-58,-23
16,-385,-70,30,11,-49
17,-357,-69,65,-30,4
-41,-379,-29,-31,56,23
-19,-374,-41,21,22,62
20,-344,-38,30,33,-22
5,-328,-63,-21,-16,-4
-38,-341,-49,7,39,29
28,-343,-68,74,-15,13
21,-361,-28,-19,55,58
-19,-331,-56,40,-7,-12
-15,-327,-51,5,-11,30
-20,-331,-34,-28,-48,3
41,-335,-37,-17,66,-49
-58,-313,-0,-60,12,-46
13,-343,-14,77,-38,-8
-21,-314,-23,-67,-51,-14
-26,-312,-51,30,24,61
-3,-279,-24,101,-5,30
-5,-284,0,-35,-27,-52
-5,-287,-6,-7,6,2
-0,-292,1,-74,78,-20
10,-313,-49,-19,-10,-25
8,-271,-24,-68,-14,-8
2,-269,-33,-7,40,2
-8,-313,-58,22,113,-38
9,-289,-16,-4,75,12
-14,-276,-31,-43,14,-56
-13,-252,-8,-1,73,-6
-4,-222,-32,32,29,17
44,-270,-13,-16,-92,19
-13,-205,-1,-2,16,-45
-13,-234,15,-5,-29,-47
71,-211,0,51,55,9
32,-221,-4,15,96,49
9,-224,-14,-61,40,41
6,-218,-7,45,-13,-25
-7,-202,19,12,16,-2
-7,-205,-1,-21,0,5
10,-216,29,-50,-56,73
8,-203,76,19,32,-80
-8,-187,19,-38,45,32
-4,-216,51,-46,-47,-19
-23,-209,67,-1,-72,22
9,-213,46,27,-8,-13
-6,-206,25,-46,-33,-6
14,-194,44,-14,35,2
1,-193,59,-35,85,40
-24,-164,51,27,-51,-14
18,-167,69,19,-29,7
-15,-140,77,-12,-8,36
-34,-156,47,-19,-69,10
-26,-160,66,-35,-12,-66
23,-162,49,17,2,35
-22,-171,73,32,1,-39
-4,-132,37,-34,26,37
7,-171,48,-18,21,-26
7,-106,42,-25,-18,3
28,-96,78,-76,5,-68
14,-147,51,-16,22,-62
-3,-137,46,-41,-58,52
14,-145,8,-22,6,53
5,-119,49,-33,2,36
-17,-147,64,-41,20,9
8,-110,56,21,-18,16
-29,-138,78,-35,-83,39
11,-134,71,-0,39,-48
-79,-100,85,-15,-7,-28
8,-92,73,-35,15,-57
-19,-127,90,26,-83,-64
-19,-63,64,-72,-86,-24
22,-124,47,35,26,70
18,-120,59,-41,-60,33
-35,-107,69,63,-12,26
-8,-104,103,43,42,-48
27,-122,88,-3,19,-1
-2,-72,82,13,23,-11
-6,-99,76,-6,-52,-8
-3,-98,41,-0,-25,-16
-21,-122,78,15,1,63
8,-85,74,-2,42,-25
-50,-117,56,14,41,-8
39,-90,88,-3,28,83
-13,-98,100,-1,5,11
-14,-95,90,-41,43,-29
5,-84,100,3,-60,-68
17,-104,61,-1,-30,-24
10,-110,85,2,-11,-26
32,-124,61,7,-57,50
-11,-92,57,8,24,-1
35,-128,78,-50,-37,26
17,-118,48,-3,18,-34
7,-109,88,37,-10,69
-33,-110,83,5,16,-8
-6,-110,72,-9,-51,35
17,-146,59,68,47,55
8,-157,80,-16,-83,-4
-12,-141,73,22,-2,-30
-40,-110,76,-39,-85,42
17,-133,40,55,-13,-19
3,-116,77,14,15,12
-3,-156,49,5,-42,55
-23,-145,70,-6,25,-58
-9,-157,57,-28,-24,-34
12,-181,27,21,-25,-67
-12,-165,43,-55,11,-12
-23,-202,33,-6,-85,-39
-7,-150,31,6,-42,-33
-20,-178,66,33,18,53
-9,-150,24,50,-46,-23
22,-179,48,102,-11,2
-5,-191,17,14,-41,-2
3,-202,32,15,-14,19
26,-185,40,-32,34,10
24,-173,55,11,-50,25
10,-171,63,3,21,18
-20,-158,27,51,36,-77
30,-217,-27,-51,92,33
13,-164,33,-51,23,82
27,-205,26,-41,-20,7
-8,-185,24,-17,121,-36
-11,-229,14,-15,46,5
-40,-241,32,37,17,-3
-14,-236,22,-42,29,-33
1,-232,-34,16,-16,-54
-22,-246,43,-75,65,-25
1,-245,-7,30,58,16
-14,-250,16,-23,13,-28
-4,-249,25,-44,-14,30
-13,-271,7,7,23,35
5,-284,-19,-14,13,-12
27,-268,8,-16,71,-11
10,-278,10,-9,67,-47
-48,-274,8,55,-49,-70
-41,-251,-26,-19,41,-63
20,-248,-0,-26,-8,-79
-12,-285,-20,8,22,-11
-14,-281,-27,68,-54,-94
14,-287,-77,36,19,-24
-6,-287,-54,33,96,-59
21,-339,-18,44,-22,-14
-25,-299,-22,3,-48,0
2,-303,-38,38,8,22
28,-328,-43,13,1,21
10,-336,-42,10,55,-33
1,-333,-66,-30,100,11
-8,-378,-27,31,51,21
23,-315,-13,24,-31,36
-12,-366,-68,109,-48,-35
-6,-333,-67,-2,47,-8
-21,-316,-14,-28,-2,4
-11,-334,-21,-19,16,-51
20,-374,-41,-50,-66,-0
16,-363,-38,-22,19,-27
9,-342,-69,-26,11,65
-40,-330,-84,-100,-39,-16
1,-375,-53,-22,12,4
-29,-420,-39,-70,10,-45
18,-387,-74,-28,-1,56
-17,-394,-83,79,0,-11
12,-361,-66,29,53,19
-25,-378,-51,-52,-34,-3
-2,-372,-50,-43,14,19
17,-383,-48,-11,48,26
19,-380,-82,16,-6,-27
30,-388,-93,4,-12,60
-5,-415,-62,-2,-75,-10
20,-421,-89,-2,82,18
-0,-423,-79,-36,-23,-42
-15,-366,-80,56,-7,-8
-3,-391,-83,-36,16,-31
-11,-402,-67,18,56,-9
28,-414,-62,56,-13,54
13,-371,-36,14,0,28
-2,-421,-86,13,-32,-2
-23,-409,-54,-33,-26,41
-27,-421,-95,17,-8,5
40,-410,-91,-0,-37,-27
17,-410,-59,-44,48,29
23,-389,-77,2,-43,54
17,-385,-71,-31,-96,19
0,-406,-56,-21,-43,-47
-17,-411,-54,-54,26,56
5,-421,-67,6,-101,-6
22,-405,-89,79,74,51
-2,-389,-90,-47,68,-50
-15,-387,-79,-7,-23,43
32,-411,-66,-12,-49,12
14,-401,-102,-38,47,10
-32,-381,-40,-4,-32,43
11,-432,-67,4,-30,80
13,-416,-61,-53,44,25
17,-428,-57,-30,-10,-3
6,-382,-67,15,22,-12
-12,-383,-49,-4,-59,-2
-48,-381,-83,-7,16,-47
7,-398,-61,24,50,-32
-18,-381,-97,92,-4,-23
19,-396,-70,51,-17,38
-21,-382,-59,-44,-31,52
-24,-370,-54,35,26,22
-9,-375,-55,-24,-33,41
23,-350,-79,2,-2,-87
-11,-370,-47,-6,57,-27
-22,-307,-41,11,-4,-11
-8,-360,-8,18,18,-31
-30,-346,-23,26,10,-34
-2,-349,-7,36,29,49
23,-328,-27,48,-16,58
-33,-352,-65,-1,16,-2
-8,-324,-54,-59,11,-29
-32,-340,-14,-47,-6,9
-20,-338,-59,31,-34,-31
-1,-355,-5,-24,25,-4
-9,-327,-30,-2,11,-97
4,-315,-2,49,15,14
-22,-315,-26,-80,12,-3
9,-319,-15,25,6,66
-16,-300,-19,-6,-26,44
-0,-315,-66,-33,34,12
-2,-324,-31,5,11,34
3,-307,21,-42,33,3
11,-284,-2,-59,-3,26
-20,-236,2,50,-19,-8
3,-253,-25,-10,-8,-8
-0,-268,-7,-18,17,-43
-19,-266,31,-13,28,-29
-24,-271,-16,-27,32,-7
33,-293,-16,-58,39,3
-7,-250,-35,-55,25,-26
-7,-251,-12,-11,34,-48
-2,-261,-2,-40,54,42
-5,-222,32,-19,8,-39
1,-208,49,6,-23,-7
21,-265,38,-39,10,19
20,-265,19,19,-41,51
-16,-228,1,55,-7,30
7,-213,-4,-28,-14,-19
11,-208,23,-22,-26,-61
-15,-209,1,-11,-21,-101
54,-175,48,8,59,-23
20,-192,34,-21,32,-2
-52,-155,25,26,-77,-7
-10,-195,44,-6,-34,-9
8,-144,53,-12,13,-7
-2,-218,16,-7,11,43
6,-157,17,1,-14,-9
28,-183,60,52,-39,1
-8,-183,61,30,-15,-19
22,-147,55,-55,-31,-28
-33,-131,55,28,-13,-28
-16,-135,73,-22,37,-16
-7,-184,27,40,19,-26
18,-140,39,-42,-46,17
-27,-150,39,96,72,-16
-11,-137,25,-1,-18,-4
17,-155,80,-19,-10,13
22,-145,54,-1,13,44
-3,-128,39,-22,18,55
22,-136,69,9,-36,-15
-4,-138,46,-13,37,-32
-6,-105,110,45,-75,28
-1,-158,56,-53,-14,-3
-4,-99,79,84,-20,13
-37,-125,57,-18,29,-71
-17,-125,49,-12,-29,-31
45,-138,55,-1,-3,-26
38,-124,80,-29,-12,-16
-15,-94,64,-6,-60,-39
-25,-129,89,13,29,-55
1,-126,63,-23,43,-6
1,-120,84,-1,-91,-24
4,-87,118,-4,-4,-26
27,-112,71,40,39,24
7,-114,104,1,6,-25
7,-75,48,-1,19,48
-8,-107,121,32,14,-62
-17,-87,76,16,-28,-20
22,-66,66,21,23,-16
2,-90,75,14,-49,70
8,-86,106,17,-18,12
-9,-109,37,-56,62,43
-10,-133,47,-15,-17,16
-1,-77,35,-44,23,-15
6,-96,71,-4,-30,46
21,-125,91,51,-114,-39
-10,-101,58,-34,33,-2
14,-113,107,-15,-8,40
-6,-109,63,-76,-27,29
43,-112,97,46,-19,5
34,-118,61,53,41,57
-11,-110,28,-34,-110,26
-10,-147,59,35,29,-39
-13,-149,43,54,24,12
-12,-138,70,70,-48,-36
20,-109,73,-13,50,-42
15,-157,75,-37,2,-45
1,-146,50,-35,-7,-1
10,-147,76,-9,12,89
-5,-139,55,22,63,-78
3,-140,83,-4,-59,-2
10,-167,71,40,5,8
-14,-131,70,-22,-11,-61
-6,-152,68,-25,-42,56
31,-193,66,39,12,41
-18,-177,57,-6,-6,7
27,-160,20,-57,-49,-22
-18,-205,53,55,16,-115
-4,-146,58,39,-40,-37
-46,-159,30,-26,35,76
23,-184,84,-16,-70,-32
-6,-149,58,12,22,2
30,-179,38,-50,0,-13
-4,-171,70,-55,-20,15
2,-233,57,-72,63,8
10,-169,55,-61,-38,-10
-15,-200,-1,-74,-35,4
16,-222,58,-65,4,37
15,-217,51,-38,21,-46
21,-216,23,-24,-49,-4
-15,-216,28,75,-11,115
6,-234,17,-33,52,8
-26,-220,10,50,53,39
-7,-267,-16,-29,6,3
11,-247,28,-46,8,-6
-18,-260,-2,-17,-14,2
9,-267,49,14,3,-47
-20,-241,24,36,-63,-53
17,-270,5,24,75,-58
13,-259,-26,19,26,50
-12,-241,-5,19,-28,43
7,-251,16,-15,-45,5
15,-301,9,-30,-1,35
-22,-295,20,53,-7,69
-9,-328,-51,-41,82,34
10,-313,-4,30,83,18
-18,-304,-18,-99,-13,-13
-9,-285,-44,10,6,16
24,-315,-2,-3,3,16
29,-299,-37,-33,-22,-47
10,-304,-66,-13,-0,49
-16,-309,-21,25,61,59
-35,-319,8,27,-30,-10
1,-373,-28,-35,-86,-26
11,-307,-47,18,-2,21
8,-339,-38,-42,-96,-26
-15,-321,-41,46,5,-15
-22,-373,-44,11,-35,2
-23,-301,-8,34,-32,-50
-11,-351,-41,2,73,9
-8,-348,-26,43,-5,28
-12,-317,-46,2,-13,1
16,-341,-55,26,-5,9
3,-422,-38,53,54,34
-8,-380,-72,12,-62,-83
18,-377,-37,47,38,-27
9,-316,-27,42,16,-5
-4,-402,-21,-34,33,48
24,-401,-43,81,14,35
-58,-366,-30,-11,10,-89
4,-349,-72,-6,-32,-42
-14,-418,-49,-22,25,-33
15,-378,-72,-31,9,-15
14,-411,-59,-43,0,34
5,-411,-58,23,-22,55
-4,-392,-81,24,10,58
-26,-364,-60,63,43,-19
29,-429,-86,-6,2,39
-3,-409,-73,15,-9,14
-59,-413,-69,-30,35,38
13,-413,-54,73,25,24
-19,-400,-87,31,29,41
-21,-436,-84,-2,-1,13
3,-410,-77,-15,-27,3
-21,-391,-102,59,-37,-19
-14,-432,-117,3,-26,32
20,-371,-85,34,-54,-49
-5,-400,-62,-51,-7,111
53,-409,-86,-5,-11,78
-4,-423,-52,-5,76,-37
16,-398,-85,7,97,28
-32,-389,-44,-31,-6,-32
43,-392,-84,-9,43,47
17,-388,-63,-48,-9,-1
0,-404,-45,48,-94,-27
-5,-389,-61,21,-15,-48
-19,-386,-95,-9,-20,50
14,-395,-92,7,-32,41
14,-414,-76,-39,-42,-43
7,-418,-92,47,-12,-52
6,-385,-104,30,7,-5
23,-416,-65,-73,-46,28
34,-390,-63,-28,36,41
-9,-419,-74,22,-4,37
-22,-422,-41,7,-14,-61
12,-363,-92,-116,-22,37
-30,-399,-93,55,52,2
9,-372,-54,30,61,46
-0,-334,-98,19,53,-92
2,-369,-62,14,10,18
-30,-386,-59,49,-6,71
32,-384,-93,36,16,2
-6,-378,-71,-17,18,20
-6,-390,-11,46,47,-66
-10,-371,-65,30,-31,2
22,-372,-18,-49,2,16
-28,-354,-54,-15,-69,-21
-22,-372,-36,52,27,-3
-0,-311,-47,-3,59,-71
-22,-335,-72,-55,-29,-25
-26,-353,-8,32,18,-66
10,-361,-52,53,-90,22
5,-298,-10,-5,11,-49
12,-338,1,3,-37,23
25,-325,7,-37,-9,5
2,-258,-53,3,78,7
-22,-322,3,-64,-1,-64
8,-302,23,-42,-17,14
1,-333,-0,33,-93,76
-1,-343,-12,68,-9,-19
27,-326,-26,52,72,-24
-18,-247,-43,38,-9,-10
-15,-278,-22,-22,-47,-23
13,-298,7,47,-14,9
-33,-276,-27,12,-32,7
-14,-306,-21,21,33,-57
-17,-214,6,-5,-80,26
-8,-273,-1,77,-18,-66
27,-287,15,-23,44,98
-46,-242,-7,-4,11,12
-2,-243,30,4,1,14
13,-280,4,-1,-41,58
-15,-248,11,2,-18,37
-16,-234,21,16,-60,-50
16,-218,18,-5,13,-28
-29,-248,2,-41,-47,90
-8,-245,66,48,36,6
-28,-202,17,82,-13,17
6,-192,27,-31,22,25
-4,-199,6,44,17,2
20,-209,39,14,56,-15
10,-198,36,-91,-3,14
-4,-190,29,58,-14,57
16,-199,57,72,-33,26
32,-200,66,28,-79,-15
-4,-203,83,-39,-17,61
-21,-163,29,-27,-24,72
21,-201,45,-5,-9,-13
-28,-159,33,-32,-11,-70
38,-151,34,37,-26,-19
30,-153,40,21,104,-37
9,-128,24,-27,-34,28
-12,-141,84,-47,53,14
27,-136,56,30,69,31
-1,-169,54,6,24,65
-3,-169,69,79,-20,-42
-34,-137,49,45,-54,8
7,-131,72,10,10,44
-24,-122,43,-6,1,28
25,-109,27,49,31,-52
-34,-122,25,-18,62,5
14,-149,55,27,-5,-11
20,-86,100,35,-2,-52
-37,-150,76,77,37,9
26,-117,91,97,-75,-32
-11,-138,76,-21,-41,-18
11,-117,118,-50,68,-10
24,-130,78,15,6,-24
20,-108,78,15,14,-45
7,-90,93,-27,29,33
7,-114,61,22,-6,-32
3,-126,28,-24,24,-52
-6,-118,80,22,75,-44
4,-133,71,-65,-80,38
-1,-117,45,-27,-43,-60
-13,-108,106,-57,0,17
14,-119,67,-51,40,18
-31,-61,105,25,-16,9
-22,-118,82,-0,-23,77
1,-89,35,-30,-2,66
11,-97,79,2,-39,-34
-5,-98,93,0,-0,13
-10,-104,78,-34,-48,45
4,-125,78,3,-15,-114
3,-129,98,-56,-33,48
-8,-110,58,-38,-12,7
12,-118,84,-56,6,-34
2,-116,87,66,-43,-74
-7,-90,56,32,49,-38
2,-132,53,-55,36,-27
15,-135,90,39,-8,22
0,-102,38,-41,34,4
21,-123,58,32,-1,-9
-16,-90,75,-33,-83,17
27,-116,49,49,45,49
-1,-141,55,-53,43,13
22,-120,25,23,-74,72
25,-150,49,57,-40,12
1,-136,48,-34,-14,16
20,-136,23,-38,12,-43
28,-145,49,46,-48,19
-18,-104,44,-1,48,-57
4,-168,85,79,87,-35
1,-142,22,4,-5,-37
-20,-122,58,21,-48,80
-1,-151,36,-22,96,-21
-0,-157,38,-23,-61,-13
-18,-176,51,-32,-7,16
42,-196,8,-27,32,55
13,-175,-20,15,30,50
5,-141,15,-7,52,37
3,-183,44,8,-14,-19
-1,-140,40,97,-28,-16
5,-211,51,-43,-88,39
23,-191,57,5,3,16
-23,-159,45,-60,35,-50
1,-206,-3,18,40,8
41,-188,26,5,-26,16
-11,-243,24,-34,-26,-6
22,-203,4,46,-33,-23
-8,-225,-16,52,33,-24
26,-225,40,6,-14,19
33,-211,33,58,0,-14
22,-222,2,-58,-29,-21
-21,-261,12,-19,-3,41
10,-226,-3,11,-17,-57
24,-286,-5,36,-63,19
-2,-242,44,38,-56,-88
-11,-252,-14,-61,-12,-56
13,-283,13,8,-19,-8
19,-244,11,11,-26,-52
19,-263,5,-2,67,-50
34,-266,-2,-107,29,-20
1,-259,-6,-50,78,23
12,-256,-28,-37,-29,14
-12,-278,-27,-4,34,-92
12,-314,-24,-10,24,-14
1,-313,8,68,-6,16
-10,-264,-41,-1,12,-11
-11,-321,17,55,-2,-31
-14,-302,-45,-20,28,-15
-17,-296,-19,-64,25,18
-28,-323,-45,-13,-54,88
-3,-311,-31,-28,-9,-40
-1,-310,-55,18,-67,-72
-21,-303,-28,-53,-16,22
-3,-351,-57,50,21,34
9,-327,-21,-45,-6,5
-42,-322,-40,-6,25,27
3,-356,-47,35,-41,59
19,-375,-65,79,2,-32
-7,-355,-23,-16,64,-18
18,-346,-45,7,12,-8
-9,-347,-55,18,-11,52
-33,-381,-31,48,-5,18
-7,-388,-89,-15,-91,-40
9,-332,-69,-69,24,-10
-3,-410,-68,42,-27,60
-12,-377,-75,51,10,8
-9,-368,-67,-2,22,62
-33,-380,-43,16,60,41
-0,-379,-65,14,7,10
-32,-379,-68,-55,19,-81
-7,-383,-63,-46,38,24
-18,-395,-79,-49,49,-29
-12,-370,-90,45,22,-63
8,-364,-90,16,-108,-41
4,-405,-60,31,-15,-25
18,-424,-55,44,80,-29
26,-402,-73,41,-3,-59
17,-411,-62,-47,-44,4
25,-393,-45,-33,1,-34
2,-382,-68,-66,14,39
-8,-414,-68,12,-33,6
20,-401,-69,-11,39,77
22,-444,-90,-19,15,-30
-15,-396,-77,24,-36,41
7,-420,-71,-37,-75,11
-7,-409,-50,-79,76,12
16,-395,-64,-25,80,-40
-15,-424,-98,-8,17,38
15,-401,-90,42,-34,-3
21,-417,-57,-8,31,4
-24,-387,-61,-5,59,-28
15,-414,-78,21,-10,-79
-6,-414,-104,49,-28,-7
-24,-401,-83,7,7,-21
8,-396,-50,3,9,77
2,-424,-42,-10,34,-7
-13,-427,-46,7,91,-46
-19,-386,-96,19,-86,17
10,-403,-45,10,-43,-87
23,-425,-65,102,1,-34
-23,-405,-41,10,-18,-96
43,-371,-56,-2,-29,12
-1,-380,-93,-7,18,-26
-24,-390,-65,-49,42,-18
-34,-378,-61,43,-6,-82
12,-390,-33,-5,59,22
-3,-358,-71,56,66,40
14,-360,-30,13,19,-7
-7,-358,-43,-41,55,1
11,-363,-72,-34,-41,-1
-0,-364,-60,32,27,14
26,-377,-37,4,40,-65
6,-372,-96,-12,-8,-6
13,-351,-61,23,-18,-53
-8,-344,-57,35,12,-30
-57,-318,-57,-16,-53,65
10,-341,-42,3,56,-10
-6,-364,-18,-24,-4,-13
28,-326,-42,-55,40,-122
-4,-318,-21,59,-1,-57
-23,-321,-41,-47,38,-96
42,-339,-71,-4,-49,21
-11,-330,-54,-28,2,-37
-33,-313,-31,-56,-3,20
-11,-308,2,-67,56,-30
32,-320,-20,-6,-7,-8
-26,-326,-27,-55,-29,43
-12,-268,-76,66,73,1
-26,-252,-43,-49,41,60
11,-268,-46,42,37,-47
-10,-276,-26,13,-14,-55
4,-273,-23,-36,30,-65
25,-263,0,-47,-16,27
2,-248,-25,-25,-1,-29
-8,-254,-21,-48,-52,-49
-3,-253,39,40,-60,-40
25,-274,17,-26,25,8
14,-238,27,57,-26,-23
-6,-233,47,-18,22,30
7,-219,-6,-30,1,-1
21,-208,9,79,45,33
-4,-212,-18,-37,55,10
-3,-225,25,54,-1,-37
-22,-248,-6,-47,-1,11
1,-218,42,22,7,20
11,-216,59,12,14,-14
-18,-199,16,-84,39,47
14,-217,36,-10,-11,3
-41,-195,52,25,-39,20
-7,-183,23,-68,-29,20
-8,-202,35,-16,3,-24
11,-167,37,-21,20,38
20,-143,54,53,-37,-28
6,-198,15,19,-59,30
9,-157,36,-54,-1,7
-0,-167,24,-5,21,-15
18,-171,21,14,89,10
-19,-155,59,-76,-66,-51
-24,-161,45,20,7,81
9,-149,74,-44,-44,42
-10,-126,70,39,57,58
18,-141,70,15,29,-44
34,-217,51,77,45,0
0,-170,98,65,27,-22
-15,-124,57,24,-81,-8
-4,-128,63,0,-125,-15
64,-143,37,-13,-26,42
-9,-141,59,8,10,19
3,-115,79,66,26,-72
11,-140,72,49,6,62
12,-124,72,89,41,60
12,-125,92,33,22,48
-9,-97,45,0,-12,-19
1,-122,95,-32,87,43
18,-113,54,-10,-21,-6
-20,-103,38,92,66,-41
-14,-114,62,-59,-18,20
20,-121,54,25,5,-84
23,-132,64,1,-27,-42
-31,-109,58,39,1,1
8,-115,92,27,39,5
19,-125,77,41,20,36
13,-93,104,76,28,-36
-17,-101,73,51,-2,63
15,-114,46,7,-26,8
9,-119,96,12,6,-5
24,-116,70,-3,25,1
-18,-61,97,57,13,10
21,-80,71,7,-7,-10
25,-92,98,22,-21,-16
1,-117,50,-33,51,65
33,-132,84,22,55,56
-14,-120,72,-5,71,-29
27,-167,62,6,-47,16
7,-125,90,52,34,4
-9,-152,55,-12,5,-0
-31,-120,105,46,42,48
-20,-100,68,25,1,-65
12,-138,76,53,-32,28
-32,-79,18,44,-18,-14
-15,-133,58,-75,22,-0
17,-117,79,-13,-9,-8
-29,-110,77,36,35,10
20,-135,70,-69,65,2
10,-141,71,65,51,-75
29,-142,76,9,-7,62
12,-101,55,38,-7,42
-31,-128,52,92,-68,-24
-60,-152,65,-17,-37,4
12,-151,59,-53,26,5
23,-103,67,-51,-14,58
21,-160,44,15,-56,-56
-18,-188,25,25,18,29
11,-174,81,71,59,38
16,-179,-8,38,-72,-8
34,-170,60,-22,47,-74
4,-192,36,4,-4,-46
12,-156,33,102,23,-28
49,-165,42,-109,-21,-42
0,-196,37,119,8,47
-5,-176,21,-5,30,-60
-13,-177,28,79,-20,-36
37,-176,36,-41,19,23
10,-221,75,-48,-14,-21
-4,-215,3,-2,-21,41
-19,-217,3,-14,45,-25
-3,-205,4,-4,-60,38
9,-212,18,-25,30,-25
32,-185,-1,-67,22,19
21,-178,23,54,34,-39
19,-248,-10,42,21,1
15,-254,26,-43,-13,-35
-34,-256,28,-0,48,15
-6,-240,18,66,19,-32
-9,-237,-19,14,1,-51
-19,-261,7,4,-18,110
-6,-297,10,29,38,-18
-10,-261,-33,-113,-22,52
-2,-246,-45,3,20,24
14,-248,-9,-56,-25,-29
2,-301,16,-29,-23,48
21,-304,-14,-1,-24,0
-19,-249,-23,17,86,-93
9,-330,-23,-30,-79,4
2,-343,4,-36,-63,12
5,-308,-15,30,13,-58
0,-290,-40,-25,-64,-9
-12,-293,-25,17,-55,-3
6,-347,-17,-53,36,-6
6,-302,-27,-13,46,-9
-16,-301,-3,-19,41,-67
0,-339,-65,28,-31,-4
1,-323,-54,17,25,-47
8,-324,-15,6,-12,0
-15,-334,-70,8,70,36
-23,-324,-34,-44,-15,2
-12,-368,-59,-32,-38,62
-11,-328,-49,-0,22,-51
22,-325,-28,42,39,-6
-6,-362,-32,11,-38,48
-6,-353,-47,-58,-71,36
2,-371,-81,-7,2,-8
16,-395,-38,-13,-22,34
-22,-401,-88,-54,-36,9
6,-373,-82,12,-27,-25
-19,-381,-67,23,36,-36
-39,-364,-36,26,-66,26
24,-379,-54,-19,26,6
8,-364,-88,-60,-13,-6
16,-374,-75,34,10,-52
18,-411,-98,9,-4,10
12,-353,-88,-27,76,83
25,-410,-79,-4,-38,-17
-10,-391,-114,-20,-29,19
13,-400,-103,-9,-75,35
8,-422,-41,16,14,-14
7,-377,-58,86,53,-72
13,-432,-62,16,7,89
-32,-376,-92,-30,120,24
3,-411,-100,13,74,-22
3,-403,-91,46,6,-29
-19,-432,-100,90,59,28
-62,-407,-73,12,33,-41
50,-380,-68,65,18,-35
17,-394,-85,38,40,8
-11,-398,-103,2,7,2
24,-370,-104,-7,-43,-47
5,-399,-77,-55,-27,-9
-7,-406,-70,-17,-16,-36
25,-413,-79,1,-64,-39
11,-403,-68,49,-23,43
7,-425,-85,17,66,30
1,-383,-32,8,47,-28
18,-384,-67,2,14,-24
-36,-421,-88,-19,17,-16
-9,-415,-52,-13,26,-4
-11,-415,-104,33,26,-17
-16,-392,-99,-19,-3,14
14,-409,-76,38,51,-58
-27,-407,-71,112,-3,30
21,-398,-78,-34,-42,-40
6,-398,-67,4,83,8
-6,-377,-26,1,-51,3
-10,-377,-33,-44,13,-6
-29,-434,-92,20,25,42
3,-334,-71,-49,1,-11
8,-380,-59,102,93,-41
-37,-351,-58,-81,17,-25
-15,-337,-56,33,-23,-34
24,-346,-53,17,-86,-54
-45,-346,-41,-24,34,-19
20,-382,-79,-32,5,47
35,-368,-36,-48,7,45
-31,-342,-12,-9,54,-10
14,-322,-40,-5,-2,-33
-27,-342,-38,-5,14,-38
-14,-355,-29,-83,-12,12
48,-362,-40,74,90,-12
25,-313,-29,17,13,17
35,-314,-35,10,-72,-42
-4,-322,-70,37,35,-47
17,-306,-21,43,48,15
15,-283,-24,-12,62,4
25,-327,-52,-35,-43,-11
11,-334,-60,9,-73,-52
-16,-297,-57,-4,-51,1
-30,-253,1,14,66,-59
41,-347,-19,80,-24,-42
13,-329,-9,17,57,11
1,-307,-30,-16,-23,-60
-15,-314,8,-2,-20,35
7,-316,-6,-64,23,-43
31,-273,-7,16,5,-138
-4,-231,12,-31,-16,-2
-13,-293,3,-34,8,105
21,-235,-30,7,85,-59
-10,-265,-9,52,22,9
3,-253,13,15,-40,-20
-11,-259,27,29,-5,15
18,-268,4,2,-12,-23
16,-251,-22,5,-92,3
-8,-211,28,24,-5,-54
6,-213,40,35,41,37
4,-232,28,20,-38,-53
-1,-189,39,23,52,50
-4,-199,-10,-11,-15,41
12,-205,15,-47,19,-6
7,-228,2,-6,28,-81
24,-226,21,-17,12,-10
14,-218,15,-24,-1,84
13,-191,63,7,3,26
22,-189,48,14,6,9
-21,-124,72,-28,-49,-10
1,-220,53,-16,49,-14
-2,-161,24,-34,-2,-5
9,-162,87,23,-42,-57
-32,-174,70,36,19,-13
28,-149,63,64,18,-32
16,-150,38,-24,-22,53
7,-186,72,39,-23,31
-15,-153,65,9,15,-17
12,-130,23,12,-24,-1
28,-160,30,-17,-44,45
68,-162,67,-2,23,-22
-10,-174,77,-25,27,-80
6,-141,48,18,-9,-33
4,-165,86,58,3,9
2,-87,40,-36,7,6
20,-133,18,7,13,-36
-44,-107,64,-51,-16,-35
-6,-145,56,26,19,11
-22,-94,87,25,-63,12
20,-84,51,-2,-43,83
3,-122,101,-6,23,20
-11,-142,76,-19,13,0
-11,-100,77,90,7,-15
-58,-136,52,16,21,17
11,-135,83,-41,-38,98
-20,-116,89,17,57,15
-2,-150,106,-6,-82,22
28,-139,27,63,-42,34
-16,-109,60,-27,-29,0
11,-128,58,-3,9,54
17,-109,101,52,8,-48
-9,-116,62,31,-11,86
-15,-87,67,-38,-5,92
22,-104,69,-66,17,-36
-35,-87,52,-117,-45,98
-6,-86,116,-16,-20,-22
-50,-72,74,-28,-57,28
10,-96,58,-71,-61,79
11,-101,42,43,4,-7
-20,-92,67,2,-30,-35
-46,-124,59,1,-38,-85
-17,-112,117,-22,17,95
-40,-127,50,-19,21,1
3,-126,42,-16,11,-24
-6,-135,70,24,-18,10
10,-85,101,44,22,-67
19,-91,43,-13,25,-25
-3,-103,80,-16,2,-28
-23,-135,51,22,49,14
-3,-103,69,-2,-67,3
5,-113,94,-50,23,24
-5,-146,45,-11,-45,67
-3,-112,43,28,41,-29
33,-153,80,26,-90,-20
33,-145,100,-68,9,30
-24,-118,48,11,-19,-67
37,-147,20,-21,16,-39
9,-188,28,20,-68,-12
-5,-131,69,22,71,-32
6,-151,39,-58,19,-11
-9,-142,53,-60,-54,-82
27,-127,33,-42,-19,58
-4,-130,33,-32,-48,26
3,-162,63,-23,-3,-3
-1,-181,46,-28,40,-7
17,-168,14,77,5,58
1,-177,35,-34,-26,37
-24,-196,29,20,-27,-11
23,-195,53,13,-6,-15
-12,-221,14,34,-78,14
-20,-179,73,7,35,-10
11,-197,31,-52,-3,-85
11,-235,14,77,-19,-24
-1,-213,9,32,37,-24
-19,-224,16,-44,-33,47
28,-245,30,-21,6,34
-19,-164,11,59,19,43
-12,-256,-16,-34,-50,-3
3,-220,11,24,-3,-6
-31,-275,32,9,14,-28
-6,-253,40,4,21,-99
12,-271,32,3,-22,-48
6,-251,-27,10,34,-38
13,-287,-4,-10,-79,-85
13,-261,-11,-1,-10,-5
14,-262,8,-99,-1,35
-7,-269,-36,-12,-3,-22
16,-262,4,47,2,47
-13,-236,-40,53,18,30
5,-271,-32,32,-27,-10
20,-311,-17,-14,17,58
19,-340,-10,23,46,9
20,-313,20,22,-13,-5
11,-330,-39,-33,36,44
-19,-299,9,59,-23,-15
2,-310,3,-56,-10,-53
-21,-319,-34,-1,4,25
-21,-325,-51,46,-20,-39
-11,-341,-44,-56,10,9
-10,-344,-49,-9,-41,44
26,-325,-12,23,70,-13
-65,-343,-32,-35,-44,55
-48,-371,-35,7,-75,-29
8,-355,-14,-2,21,-10
-3,-322,-33,-49,-38,-20
12,-360,-70,-20,-75,46
2,-342,-47,16,1,-66
-22,-340,-54,15,-9,-8
15,-371,-59,16,-32,18
2,-374,-28,-22,-15,-41
-31,-359,-43,42,-27,0
16,-392,-36,-16,17,60
-8,-370,-77,-132,31,14
-1,-359,-72,40,76,66
-11,-417,-53,1,-20,4
-5,-389,-36,16,-9,-34
-13,-390,-77,-86,63,-50
1,-395,-72,-80,-30,-1
-9,-418,-71,-2,-59,-64
-24,-411,-88,-2,-39,-16
34,-382,-44,-31,-44,-27
0,-396,-79,-21,-27,-16
-4,-403,-32,-34,-23,-75
11,-384,-66,-63,17,5
13,-446,-56,-0,-13,0
1,-423,-77,-80,-0,15
5,-404,-97,-47,-18,-54
-17,-440,-78,-22,-48,49
17,-428,-85,-17,4,-30
10,-413,-45,-54,-15,-23
11,-398,-68,-91,-76,48
48,-389,-60,10,-7,-35
-5,-404,-108,-20,-14,-28
9,-374,-104,1,-18,16
7,-410,-76,4,28,15
-23,-409,-112,-23,-24,-25
39,-412,-60,7,39,-64
-15,-391,-84,48,-61,21
19,-397,-43,19,66,37
-24,-421,-73,43,-38,21
-11,-398,-78,-28,40,-13
1,-397,-51,12,39,-14
52,-394,-68,-13,27,-6
-7,-399,-32,-40,1,2
-5,-408,-68,-13,-37,-50
-24,-420,-56,-33,26,-7
0,-417,-74,-4,18,68
-14,-379,-100,-90,2,9
-26,-388,-76,5,-25,0
-21,-407,-71,-23,26,1
-11,-357,-73,45,66,-54
21,-370,-85,19,-13,-12
14,-394,-64,47,-85,-38
3,-386,-23,-31,-5,54
-20,-413,-47,-8,3,92
51,-358,-36,44,45,88
-27,-350,-40,126,-30,60
-1,-335,-61,27,8,-36
-25,-331,-60,-79,-1,-21
6,-380,-24,10,-96,52
-1,-365,-57,-12,19,6
-7,-319,-39,-49,-7,1
-8,-345,-54,31,13,-7
-22,-372,-56,51,44,-19
16,-350,-77,23,-46,-7
-3,-315,-48,-10,-16,40
-1,-338,-27,35,-90,11
-7,-338,-45,-65,-2,5
21,-316,-54,30,7,-28
44,-348,-18,72,41,-21
36,-304,-45,-11,83,25
-1,-295,-12,65,13,43
-16,-302,-20,-14,-78,27
2,-332,2,15,-67,-20
17,-303,-35,-31,-77,13
-4,-309,-23,10,30,81
14,-268,5,-37,19,40
8,-262,-40,15,52,-40
-15,-271,8,26,30,-17
-26,-279,-42,-2,22,8
50,-278,-34,-84,-24,-1
10,-289,-24,-21,2,-50
-0,-235,19,35,-66,-22
3,-257,39,-89,-56,64
-0,-228,22,-85,-21,-57
17,-246,20,50,16,5
56,-238,16,7,-31,-18
3,-235,22,-20,-41,-3
15,-214,-8,-33,30,79
-5,-218,9,9,-21,51
-4,-244,14,-78,-5,-21
23,-264,-4,-9,28,51
54,-193,22,-56,54,-64
34,-196,28,9,12,19
30,-189,10,-59,19,-23
31,-223,39,-58,7,3
-22,-197,19,12,32,27
28,-195,45,1,12,21
30,-192,-16,26,-21,-74
-22,-232,53,31,-60,-44
-1,-198,53,2,27,19
13,-173,27,27,-13,-78
14,-168,23,63,-5,69
3,-151,46,-79,18,20
-4,-166,49,-5,4,43
-9,-155,57,40,12,57
-4,-139,49,1,4,-43
-3,-146,55,-96,16,-12
14,-140,65,-41,5,4
-13,-156,48,-4,-11,86
-44,-138,48,-10,-4,14
26,-143,45,-37,-21,-54
-33,-136,86,-40,7,-14
-22,-154,57,-16,-81,-38
-24,-142,72,-90,-22,-24
14,-128,79,-42,-6,2
-35,-135,63,-63,70,-46
-28,-127,52,-30,30,7
3,-104,68,39,37,-6
-10,-96,82,58,-17,-12
-19,-125,71,3,16,-20
-3,-114,74,-58,9,59
-2,-130,70,14,53,26
-13,-139,72,-61,-5,-36
-26,-138,43,50,-47,14
19,-104,82,-11,11,53
20,-93,57,19,-41,40
3,-53,57,26,-45,28
5,-117,50,22,29,68
14,-84,96,-4,-57,22
-45,-111,71,41,-31,-6
35,-109,58,18,21,40
23,-124,83,25,53,-57
18,-98,109,-18,-23,8
24,-126,97,75,107,-23
26,-129,67,23,-18,-41
32,-124,42,-31,5,27
-1,-110,72,15,-5,-39
-30,-109,53,70,-80,-62
-2,-133,88,35,-6,76
-49,-107,82,58,-14,-20
3,-92,109,37,3,85
-11,-91,61,-9,-20,23
11,-122,78,68,-42,13
-8,-125,90,-43,-61,84
-17,-154,41,-40,-12,-17
-1,-113,38,-34,11,1
-4,-121,95,46,-124,-20
-14,-127,82,9,36,-24
-17,-145,57,8,74,20
-32,-112,49,77,13,34
-14,-144,74,-38,-43,35
10,-144,77,6,-54,16
-33,-144,9,33,-48,12
10,-153,58,-30,50,-76
18,-154,72,64,63,-40
-1,-158,57,-11,-20,-21
-11,-140,34,23,-48,22
-8,-165,57,94,61,-89
-10,-152,70,-28,-40,-16
7,-136,42,-8,0,8
34,-154,45,29,18,14
6,-189,43,-5,9,-17
25,-171,20,8,28,-54
17,-186,66,-57,-22,-8
-5,-154,44,-5,1,-27
1,-189,46,-66,36,9
8,-180,10,-49,13,-4
-20,-176,41,11,-48,-61
-10,-209,4,-19,55,8
6,-206,42,-16,-16,63
-11,-237,12,0,30,-21
-2,-176,11,25,-65,7
-11,-214,22,15,11,-6
9,-206,29,20,-50,-36
-26,-214,35,-55,0,37
-44,-206,17,-77,55,-28
15,-227,13,-51,-17,-46
-20,-265,-7,-19,9,-62
-27,-234,-0,-12,10,-17
-12,-238,3,25,-57,-18
-20,-258,15,-0,32,-18
4,-247,14,-30,-45,-74
-9,-219,-10,-9,6,-45
-2,-258,3,-17,24,23
-18,-231,-2,-17,25,37
-18,-292,2,4,7,-4
3,-270,8,0,62,-22
28,-328,-74,-13,47,-14
30,-295,-5,76,40,10
-10,-285,-14,70,19,-19
-34,-307,-10,64,28,-31
9,-308,-26,65,-26,-39
17,-278,-70,-6,-32,65
15,-315,-45,6,75,-69
-33,-291,-25,87,-41,-7
-27,-330,-27,5,-23,91
-1,-327,-31,29,28,6
-19,-304,-31,44,-56,44
45,-363,-7,-23,8,83
-8,-363,-26,15,46,6
-16,-348,-27,-10,93,22
14,-328,-56,2,21,89
28,-356,-81,-25,-5,37
-2,-343,-110,15,-15,-9
28,-364,-25,-91,19,-29
-23,-304,-66,1,-20,-2
10,-374,-28,18,-51,96
10,-383,-34,-20,-7,-3
4,-373,-27,1,-48,11
-20,-387,-29,36,92,-51
29,-372,-67,11,-39,-18
-7,-361,-77,22,-6,66
-2,-401,-79,31,-116,5
27,-396,-63,-15,-24,7
10,-394,-25,39,19,0
-12,-392,-32,74,-90,-59
-1,-399,-72,64,47,32
15,-372,-45,-103,-29,-29
-19,-403,-42,3,-81,51
13,-402,-65,-21,-55,-36
7,-368,-55,28,-17,45
18,-434,-94,44,-1,-26
21,-402,-72,25,-17,-16
28,-397,-47,39,80,27
1,-399,-63,-6,-22,-92
-10,-408,-69,-29,9,-40
13,-386,-56,19,-35,-18
1,-410,-32,-76,72,31
-8,-389,-106,-44,-60,2
-9,-395,-79,29,-44,-48
-35,-440,-62,-68,8,-74
-33,-383,-82,21,-47,57
-26,-402,-20,-30,24,41
-29,-395,-89,-0,4,16
-7,-411,-91,15,43,-40
22,-437,-41,-28,-31,-44
43,-387,-77,-50,-11,32
13,-375,-56,-11,-57,29
6,-388,-107,-11,24,-65
-21,-396,-73,-7,-28,-1
3,-417,-54,-42,-90,38
7,-399,-93,64,-11,-1
-42,-411,-52,-13,6,56
-14,-392,-78,53,67,47
10,-385,-97,-59,78,-30
23,-396,-45,37,84,-14
5,-414,-74,7,-9,59
22,-365,-87,59,-12,1
14,-368,-64,-2,-42,-50
-18,-384,-70,-12,-9,29
-1,-372,-72,1,-89,-38
14,-376,-56,57,-20,-27
15,-403,-61,6,25,-47
11,-377,-50,-63,-2,21
7,-347,-42,65,15,-23
-17,-360,-75,27,12,-6
25,-382,-72,-22,-28,18
-13,-359,-51,-15,50,5
23,-383,-63,49,-2,75
29,-382,-54,48,-17,-58
-18,-352,-60,-21,7,-13
34,-353,-45,-8,-90,-8
15,-334,-67,-73,19,-7
-23,-341,-48,-22,67,-18
7,-327,-80,-21,45,0
13,-333,-46,62,1,63
-8,-340,-60,-42,-15,30
-15,-297,-50,-11,15,83
17,-308,-54,-68,-1,-9
-10,-351,-35,-23,37,8
-17,-305,-42,-7,1,8
-16,-327,-51,29,-97,-70
1,-270,-51,-9,-45,49
16,-292,-43,62,15,24
-9,-271,-66,2,45,7
21,-293,-4,-41,-29,-68
4,-238,-13,-6,25,-54
-1,-290,-15,-89,-96,-16
-12,-300,-5,6,-37,20
7,-246,-22,120,62,-48
-29,-239,-7,-18,50,-7
3,-275,15,33,43,10
10,-299,16,65,55,-59
5,-246,11,-25,-51,41
21,-258,8,24,19,-57
-25,-271,-23,12,36,-60
4,-234,-16,0,10,-12
14,-247,9,12,-28,16
11,-207,32,-49,-51,-54
-24,-213,-15,18,14,10
-17,-241,23,41,-16,33
-11,-210,6,-20,-6,-5
25,-177,4,28,-25,69
19,-202,47,-14,-3,-23
-27,-201,40,-9,63,46
21,-219,34,-6,73,87
29,-183,33,-18,4,-53
-42,-199,20,-50,-50,82
-18,-196,52,-39,-13,45
1,-165,23,20,0,-8
41,-145,31,-37,-75,-5
51,-170,48,-49,-39,-12
-16,-149,42,-27,-2,5
2,-155,32,68,-13,28
29,-144,48,45,36,-86
-39,-150,56,54,6,-14
-25,-157,39,33,34,-53
-23,-193,62,14,0,35
-16,-173,44,8,-73,31
-6,-140,86,-10,-1,57
36,-141,46,24,42,16
33,-126,77,16,-6,30
27,-145,73,-71,32,-0
-3,-133,65,-3,1,65
-16,-145,59,2,32,44
-6,-140,81,27,6,14
37,-115,47,-6,-42,25
-7,-134,53,33,-81,-12
15,-78,90,17,-65,-45
-25,-121,67,70,2,89
4,-103,84,29,33,-26
-29,-128,36,27,12,-33
12,-106,67,-63,-11,-35
14,-123,78,-13,-49,7
-12,-69,49,87,-82,19
-6,-136,54,-47,-41,-1
-2,-105,47,32,-12,56
3,-122,87,16,-2,-17
-22,-124,80,35,37,29
10,-84,57,62,-71,-5
6,-126,114,-10,20,26
3,-111,73,-4,16,-10
4,-81,96,-2,41,-36
-3,-93,79,68,34,-47
-4,-89,71,66,22,-78
-3,-86,78,29,6,6
-20,-108,75,44,-30,27
-15,-149,79,-41,45,-28
0,-109,91,-29,22,8
4,-131,73,25,55,-1
9,-123,74,63,-17,39
13,-102,110,40,28,28
4,-101,99,3,33,-2
0,-121,40,-47,-57,-20
9,-99,73,-27,-29,41
-40,-173,46,32,1,41
10,-109,87,64,-17,-18
-35,-133,60,-8,3,1
13,-118,43,10,43,-20
28,-116,68,1,29,-68
-12,-120,66,-9,-20,0
2,-109,53,-6,35,-16
10,-167,81,-56,31,-68
-11,-128,81,30,-8,-64
-19,-123,50,48,22,47
4,-153,53,13,-10,22
15,-141,52,94,40,-19
33,-120,66,-33,121,36
4,-152,44,14,29,32
-3,-149,63,-48,74,-10
-31,-162,103,-23,7,21
11,-202,46,-1,35,-10
5,-224,14,-42,-59,18
-14,-193,26,-10,-26,-65
24,-178,54,-54,-30,17
31,-158,79,-50,1,33
19,-198,0,-34,12,-6
-12,-218,37,-14,-46,-13
-2,-175,20,-10,63,-42
-6,-189,37,15,64,27
-3,-197,20,18,-26,-61
-2,-203,28,-39,47,6
24,-234,-1,-14,20,36
-17,-196,49,8,15,72
-30,-201,17,9,40,-19
-31,-221,28,33,3,-40
5,-226,-14,63,-41,-8
8,-239,18,-20,-12,70
8,-245,1,11,-49,-52
1,-243,51,42,26,45
24,-262,-15,41,46,70
19,-239,-2,-1,58,2
-21,-274,1,-12,3,-22
12,-269,-20,22,39,24
-6,-300,-11,44,12,27
-15,-268,-37,11,-35,32
15,-272,-38,-23,37,-21
16,-289,13,-31,19,80
23,-286,-11,-37,-30,-40
5,-289,-3,-12,49,-13
-19,-325,-2,61,49,-30
11,-310,-32,-29,2,4
-5,-304,-36,95,-49,-17
-20,-310,-38,11,26,-35
-7,-284,-75,-104,-18,-53
1,-296,-9,-35,34,-6
8,-355,-26,-39,53,64
-21,-331,-21,47,9,80
-21,-328,-44,-98,-31,-21
-0,-391,-14,45,-14,-53
-39,-324,-15,-6,-45,-43
12,-333,-41,2,34,45
33,-362,-69,58,-22,-54
-47,-362,-65,-55,-25,5
-3,-356,-69,-50,81,48
-27,-366,-50,-71,6,58
23,-388,-51,39,-1,24
37,-316,-60,-51,-22,-35
-33,-353,-60,-66,-3,-63
-26,-343,-63,-45,-20,9
-21,-374,-42,-3,-19,-59
32,-388,-62,-12,-23,36
21,-351,-37,32,-37,9
17,-389,-74,65,-28,-48
-19,-369,-56,-35,22,-10
2,-438,-85,75,119,-65
4,-346,-82,-32,1,34
14,-363,-49,-19,6,24
35,-420,-52,16,2,20
21,-384,-78,8,-19,-32
-2,-395,-106,-21,5,-38
2,-383,-88,-97,14,-41
1,-409,-36,57,81,-3
6,-412,-71,73,57,-26
9,-365,-95,-8,-40,-0
48,-385,-65,27,-52,-35
12,-441,-55,65,33,10
23,-428,-22,-20,-3,11
-23,-409,-41,-36,10,20
5,-445,-46,-9,-12,2
10,-421,-42,-14,-33,-47
18,-418,-80,-61,4,-40
-15,-450,-46,39,35,-12
-5,-431,-68,-66,29,-41
-40,-431,-74,10,-27,91
12,-415,-64,-44,46,-52
3,-404,-110,50,8,-8
-5,-422,-72,-62,25,6
-7,-392,-46,-4,38,38
15,-362,-99,45,-55,-17
-10,-396,-41,21,-96,-19
34,-410,-57,10,17,37
-8,-385,-57,63,-44,-5
13,-395,-58,-51,-10,-9
5,-417,-65,-17,-42,21
-8,-380,-51,25,18,-5
4,-412,-45,-19,-16,-76
8,-356,-72,56,-10,40
27,-375,-68,-30,43,-39
-24,-433,-76,52,101,-44
0,-362,-82,7,-56,-90
-9,-383,-44,-3,8,11
1,-406,-61,-44,3,-38
-24,-385,-67,34,-75,13
1,-390,-23,-94,-16,36
33,-378,-56,76,-17,-25
-3,-362,-38,-26,-24,11
9,-360,-61,-27,19,-27
2,-361,-74,-88,-54,-70
-13,-353,-57,-18,29,21
10,-366,-49,-23,57,2
-3,-342,-41,-51,21,56
0,-362,-17,-59,-49,-22
-2,-330,-32,-0,-39,28
5,-315,-72,-13,15,81
-4,-330,-17,42,27,-1
44,-345,-42,95,14,3
24,-325,-43,-45,-29,-35
28,-301,-40,-4,-21,22
-8,-292,-52,-21,-35,8
21,-299,-23,-84,26,53
19,-340,9,13,-19,53
8,-301,4,-76,-18,11
25,-341,-40,34,47,9
10,-292,-38,-58,43,37
8,-307,-8,-31,-41,-57
18,-277,-41,0,71,35
-3,-282,-44,-33,-9,-39
-17,-268,-18,45,19,-18
7,-286,-2,-13,34,6
-20,-249,-0,-9,-58,25
16,-253,-12,-23,-31,-32
-5,-247,-13,-10,35,13
-16,-285,29,23,-10,-14
-5,-209,35,41,4,-23
-24,-227,15,33,-19,-12
41,-223,-32,-2,33,-8
2,-218,-3,8,9,-44
6,-202,5,-30,4,24
-37,-204,22,14,51,85
0,-219,4,9,13,29
1,-203,31,-51,-15,-7
19,-178,47,6,-19,-35
-50,-169,30,-37,-78,17
5,-170,38,-55,-41,-20
-21,-200,45,-43,47,17
-7,-185,21,-44,-1,8
8,-196,56,7,2,-22
8,-179,35,-20,-30,26
21,-196,60,-17,7,-2
-5,-154,22,-30,-5,-5
-4,-163,45,26,8,36
4,-156,72,-9,-8,-7
3,-166,22,21,79,8
11,-166,20,22,53,56
31,-157,71,-14,-46,-20
28,-152,39,7,7,-60
-18,-173,47,56,-11,39
-3,-152,73,36,-9,-23
21,-123,27,16,-1,-24
21,-98,82,20,56,-29
-1,-148,36,6,50,-47
-35,-132,84,-63,-18,9
-12,-169,63,-32,23,-73
16,-124,54,-11,34,-1
-1,-156,53,-21,66,21
19,-129,77,-13,74,-22
0,-127,94,-38,36,-34
-22,-114,59,32,-25,6
-22,-112,94,3,14,-43
10,-99,83,6,21,-0
6,-130,73,11,-40,-12
-23,-161,19,44,20,39
16,-94,64,20,76,-13
33,-100,78,18,54,39
-35,-81,64,-43,-62,42
17,-112,88,4,40,-8
-27,-103,69,-43,-78,-38
-11,-139,85,8,-49,66
19,-57,79,18,-40,24
13,-126,98,-3,20,-17
-1,-110,35,-17,51,-5
15,-121,95,16,53,-68
-24,-101,76,-4,9,-22
19,-108,94,22,-12,-18
-9,-107,85,-44,-39,-31
-19,-124,48,28,10,28
-14,-135,85,20,-21,11
3,-116,27,2,-4,-42
10,-131,42,9,22,-39
-13,-105,84,-101,-61,81
-28,-58,56,17,14,-13
-2,-98,73,-47,-17,-41
17,-95,65,82,79,16
-12,-110,97,21,52,-46
-29,-139,98,-43,-20,26
1,-127,79,-29,5,-3
-36,-158,94,80,-28,17
-25,-118,46,-33,4,35
-38,-132,39,-53,21,-8
-16,-116,63,7,33,-27
3,-137,66,50,-38,-49
17,-175,54,21,37,66
2,-128,68,63,8,2
-7,-152,24,25,29,16
-29,-146,79,9,-67,-38
-8,-137,72,-4,-40,-4
-2,-131,43,58,-25,26
-12,-147,39,6,15,7
-4,-178,37,17,17,24
-17,-156,33,21,6,-30
-52,-194,37,-22,-10,-3
4,-164,24,-34,5,14
2,-173,25,27,19,44
-35,-163,38,-49,-23,-17
21,-162,70,-3,-63,-43
7,-207,51,-26,-43,-16
-7,-158,19,-19,-12,13
22,-228,15,-18,-34,52
4,-217,24,-7,52,10
-17,-176,33,-4,-2,-37
18,-206,5,-24,-21,-41
24,-194,17,-45,-10,90
-8,-200,22,28,20,-15
-43,-234,6,-73,41,28
33,-237,-24,22,13,-4
-0,-230,39,-36,27,8
-11,-248,-34,-47,-36,54
7,-248,26,3,95,-96
2,-220,18,24,-7,-20
-2,-241,-11,53,53,-77
12,-288,7,-31,1,65
-19,-285,8,32,-6,-3
-18,-266,-15,45,-19,-30
28,-245,-17,63,15,31
1,-240,-25,25,-15,5
-8,-278,-9,-23,-31,-40
16,-266,-41,-14,-36,15
0,-297,-33,-56,47,-86
-19,-291,-27,-8,-74,7
1,-320,-37,-21,84,41
-25,-295,-4,23,-17,50
-15,-266,-28,-71,34,-51
-19,-344,-57,-15,-66,66
-5,-322,6,10,-33,27
-9,-325,-15,76,-28,6
21,-317,-36,17,-6,-32
8,-375,-46,12,-17,-16
8,-337,-20,33,14,-4
15,-330,-51,9,28,28
10,-336,-58,-8,-30,-28
-4,-335,-68,-70,-47,51
-25,-352,-31,54,24,-71
-5,-323,-62,-44,-20,51
2,-366,-65,-71,59,18
-23,-385,-19,-1,-2,1
25,-314,-15,14,26,-46
5,-346,-44,-11,34,-64
3,-372,-49,-7,25,-18
14,-360,-57,6,-64,4
-18,-383,-72,-20,-79,-32
-4,-396,-59,-15,-38,-19
8,-417,-34,16,-48,32
2,-358,-61,55,-86,-30
-15,-377,-52,-7,-12,23
22,-386,-67,41,19,-23
-1,-379,-41,-9,67,-13
4,-393,-88,-5,16,55
21,-437,-60,68,-36,-42
15,-435,-53,18,48,-66
-6,-430,-74,13,-81,14
-22,-382,-86,-50,74,18
25,-429,-49,57,-37,-34
31,-372,-95,29,-56,51
3,-411,-71,4,46,-20
17,-416,-87,-27,21,52
11,-377,-97,26,-25,-14
-20,-448,-75,-9,6,-21
-5,-422,-78,-34,20,-40
6,-402,-83,17,-74,-13
11,-413,-91,19,-55,8
27,-412,-80,2,8,-70
-15,-424,-60,-46,-15,-56
11,-402,-73,11,-31,23
25,-413,-119,9,15,23
-1,-394,-68,-66,20,-66
17,-367,-89,-19,-60,62
-12,-411,-78,36,35,-63
2,-423,-72,60,8,42
22,-364,-69,-19,-1,46
11,-425,-80,70,-3,-5
23,-436,-83,-20,-83,15
-33,-414,-82,-78,6,78
-5,-428,-66,35,-32,-40
-23,-413,-43,17,4,-18
36,-356,-69,78,-15,-4
-0,-377,-61,5,-49,1
6,-400,-81,0,56,62
-17,-413,-92,9,-25,-4
-14,-346,-64,-40,-37,20
-24,-384,-24,48,-39,38
27,-362,-69,63,18,-7
7,-385,-85,-21,-7,19
5,-355,-38,-62,-23,42
30,-369,-20,85,-24,75
15,-378,-55,13,30,-53
-1,-360,-12,-70,-2,6
4,-363,-31,-63,24,-4
22,-344,-25,4,19,71
-5,-345,-43,-47,-29,-15
-40,-350,-15,-48,-71,40
-4,-362,-43,33,-45,45
-15,-369,-32,34,-14,33
19,-336,-45,-24,-8,-49
26,-337,-17,17,0,-56
4,-323,-21,98,-21,-8
22,-335,-15,-3,-2,2
41,-316,-45,68,-23,-31
-5,-313,13,-16,21,55
2,-311,-61,-26,3,-10
-4,-293,-8,38,31,-22
-17,-296,-46,14,-44,-19
2,-310,0,-37,34,1
4,-296,-36,-12,30,-90
-4,-313,-8,-48,1,-17
-7,-291,-18,18,-7,-13
8,-280,-33,41,-23,59
17,-291,-12,-11,14,-34
-8,-241,-3,-86,-60,-11
1,-283,-3,-41,17,8
-10,-292,-5,-31,-27,-42
3,-282,-9,21,-4,41
12,-240,-8,-1,41,-47
0,-257,15,56,33,-24
-20,-228,14,-50,55,-71
-6,-244,17,33,27,-67
-21,-299,33,-5,-49,-69
-15,-193,27,-27,-6,17
22,-220,2,-78,-3,20
23,-196,-5,17,-38,39
0,-215,-8,-26,-32,50
18,-206,53,-21,-40,-10
32,-228,40,-18,-19,-24
-9,-204,62,-14,50,-11
9,-181,21,-6,32,13
38,-201,28,63,19,-21
26,-162,46,-31,27,-12
6,-224,36,-15,6,-67
-9,-192,64,-23,-97,8
5,-189,39,12,5,-19
45,-181,31,109,-15,-53
-14,-164,68,-8,-2,-15
1,-172,42,4,23,-10
45,-135,72,8,-95,-1
-5,-146,46,-53,-114,3
-0,-158,36,-7,12,33
15,-150,57,-37,-41,9
0,-153,62,6,67,35
4,-145,54,17,40,69
14,-182,76,-1,21,7
13,-107,74,-17,3,-13
7,-141,58,-35,-39,56
-15,-125,68,99,-33,-49
2,-139,86,-11,29,11
21,-116,40,-36,52,3
-11,-144,92,45,78,53
22,-89,70,69,29,-53
33,-99,58,-62,49,-56
-7,-84,68,76,38,-133
4,-93,75,38,-59,57
-13,-128,85,47,-19,83
11,-101,46,-5,-27,20
27,-118,32,4,-19,-47
9,-123,57,-3,-26,5
-14,-99,57,-17,35,2
3,-146,68,-22,-25,22
-13,-115,55,21,28,-63
13,-99,70,80,31,4
-7,-110,111,23,8,-44
-10,-123,66,-35,-46,15
-8,-137,57,-34,37,-83
26,-120,77,-6,9,-9
-21,-103,25,-1,-15,-37
24,-152,37,-37,-62,23
-19,-115,81,-16,46,-11
-13,-104,48,-14,67,20
-14,-110,84,-28,-36,21
11,-98,93,-8,-2,-31
-21,-93,100,-9,-17,-2
13,-86,84,-32,9,-41
27,-102,78,-49,53,-21
5,-135,60,22,11,17
-2,-123,96,-1,96,15
-22,-134,96,7,32,11
-16,-80,48,62,-2,-40
23,-139,56,-3,-9,16
-25,-115,78,-40,-48,-14
44,-132,80,-68,1,49
-9,-132,61,-12,-13,-50
41,-120,28,42,-22,-27
-3,-154,48,-22,-96,-20
-27,-154,31,-1,-23,3
-23,-104,74,-11,10,23
22,-118,27,33,-9,-60
8,-129,41,83,4,-28
1,-171,58,-49,-14,-60
23,-142,50,-12,5,113
1,-166,71,4,-77,41
43,-162,63,34,0,-53
-9,-117,98,12,9,6
16,-157,62,-31,13,48
-39,-149,49,52,28,12
-21,-179,36,-37,-30,-51
-11,-160,39,41,34,-46
-16,-187,54,-64,5,-52
-12,-202,7,40,-34,-78
-26,-206,57,1,67,-13
11,-161,41,23,4,49
-1,-183,22,13,42,-8
-20,-230,55,-73,-18,-7
4,-193,64,-15,-1,34
-14,-201,-4,36,40,-58
-1,-205,18,37,127,11
-13,-255,9,-66,22,-56
42,-174,-7,-16,-41,60
-36,-195,4,25,-57,-6
-3,5,3,11,-6,-3
1,-1,-1,-9,-2,-7
-1,-3,-0,7,-5,2
-1,-0,-1,-0,0,5
1,-1,2,14,-2,8
-1,-3,-0,1,6,6
-4,-1,2,8,5,-0
-0,-3,-1,-1,0,-1
-0,2,-0,10,3,-1
0,0,-3,-1,8,-2
-2,1,0,6,-3,0
1,-0,1,1,-4,2
0,0,-0,1,0,-3
-0,1,-2,-8,6,-3
2,1,0,-2,7,1
-1,0,-1,-8,0,0
1,-5,-1,-2,3,1
3,-1,3,-3,-3,9
-6,0,-0,2,-11,-2
-1,-2,-3,-5,0,2
146,280,786,3047,-1757,1254
-377,-517,279,3457,-1109,4342
-311,190,-1231,4667,-1672,-2057
615,620,-502,6620,1670,-1135
1197,1124,536,9226,185,405
529,1289,148,12362,3650,-432
443,2213,1139,15882,1390,690
434,1986,723,19621,55,-4790
533,1920,815,23405,343,35
1035,2929,2225,27056,-1988,1680
1799,3600,1862,30404,1569,2049
1674,3509,1055,33291,-35,-35
1887,4337,1862,35584,-2493,147
2351,4263,1513,37175,1706,467
1972,3916,911,37990,848,2717
1034,3978,1006,37990,-894,3419
1584,4055,1885,37175,4216,2559
819,3257,2128,35584,-2643,559
2079,4031,1902,33291,-82,-2266
1549,3208,649,30404,1376,-759
633,3091,669,27056,-1154,261
1440,1828,1287,23405,-66,1209
1455,1969,1325,19621,1852,-492
1434,1838,832,15882,941,3993
-232,1058,647,12362,1713,-2601
507,107,685,9226,-4895,330
-213,-255,-544,6620,114,-530
-745,627,-10,4667,1906,677
183,42,432,3457,-1353,-19
-83,-483,141,3047,-970,949
1,5,257,0,-1,1
4,8,259,-1,-1,3
9,-3,260,-0,-4,-2
4,3,251,-3,3,4
-3,0,256,2,1,4
-9,12,252,-2,-1,-1
3,-9,252,-3,2,-1
4,1,263,1,-0,-0
-7,-5,260,1,-1,-1
4,-0,264,-1,1,-0
2,-1,255,2,1,-1
-4,-1,262,-1,1,3
6,-7,251,-4,-1,-4
-4,-3,253,2,-2,-2
-1,2,253,0,0,-2
-5,0,261,-1,-0,0
-9,5,257,-2,-2,-1
4,2,254,-0,0,0
0,-1,255,-3,-1,-1
-2,-0,258,2,-1,0
1,3,254,0,-3,2
1,7,263,-3,0,1
2,-1,256,-4,-0,-1
-2,-2,251,2,-1,5
-1,7,260,-3,-1,-1
0,6,245,2,-2,2
4,2,257,-1,-1,1
-0,-1,255,-3,3,4
-3,-7,254,2,4,-1
5,4,260,-3,0,1
2,5,259,0,0,-2
-9,4,249,-2,-2,2
-4,5,254,-3,-2,-1
5,-1,247,-1,-2,-0
4,-6,263,0,-1,3
-3,-14,248,-1,-2,0
-2,9,257,1,-3,-2
-10,-3,260,-3,1,-2
2,-2,248,3,0,1
-5,-3,258,0,2,-3
5,-11,254,3,-2,-1
4,-4,258,0,-2,1
3,2,253,-0,2,0
1,-1,258,-0,0,-0
-3,7,262,1,-1,-0
1,-10,260,-1,0,-1
-2,8,257,-1,-0,-3
-4,-1,250,-3,-0,-2
-1,2,262,1,-4,-3
3,-1,260,0,-0,-0
7,2,253,-1,-1,1
10,5,252,-1,-3,2
-6,1,257,0,2,2
3,-6,257,0,2,-0
-6,0,264,-3,2,-0
-4,-4,252,-1,1,-0
-11,-9,252,2,-5,1
-9,-3,249,2,1,-1
2,6,249,-0,-2,1
1,2,256,-2,-1,-1
1,-0,247,-1,-2,-2
-2,-13,254,1,0,1
-0,0,257,-0,-0,-1
5,-8,261,3,3,2
7,-0,260,2,0,4
-3,-4,252,-3,2,-0
-8,5,250,-1,0,1
5,-11,256,-1,1,1
-1,-1,258,2,-2,2
-4,-1,257,-2,-1,-5
2,-3,254,-0,-1,3
-6,-6,252,-0,-1,-0
-1,1,255,-5,1,-1
-3,0,257,1,0,0
15,-2,252,-3,1,1
7,-1,249,1,-1,1
-1,3,255,2,1,4
-1,-8,254,1,-2,-2
4,-7,254,-0,1,-0
-2,3,263,1,-4,4
9,1,251,-1,0,3
1,2,263,3,0,-1
2,11,260,0,-2,3
3,1,250,0,3,-4
9,-4,263,3,-2,-1
-3,1,257,2,2,-0
4,6,265,-2,-0,-1
-11,8,257,-1,4,1
4,3,256,-3,-3,1
-6,-10,255,1,3,-2
-3,3,262,-2,-0,3
0,-0,259,3,2,-0
2,-1,260,-0,3,1
-3,4,250,-2,-5,1
3,-0,259,1,-1,-0
-0,8,254,1,-2,1
5,-6,262,-1,1,-0
1,4,258,0,1,-1
7,-2,260,0,1,3
0,3,249,1,1,0
4,-4,250,-4,-0,3
5,1,254,-0,-1,-2
4,4,266,-0,2,1
-3,4,257,-3,-0,0
4,5,259,-3,2,-0
-3,2,251,3,1,-2
-3,2,254,-1,2,-1
-1,-3,249,-1,-0,1
-5,-8,253,-2,-1,1
4,-6,247,-2,1,1
3,-4,263,1,-1,-2
-2,-2,266,4,-1,-2
-2,3,261,-0,1,-0
-2,-6,259,-1,-1,-0
-2,-3,255,1,-2,3
1,-3,255,-1,-4,-2
18,7,251,-0,3,-1
-5,-3,256,2,-3,-0
0,-1,254,-2,-2,-0
6,6,259,-0,0,3
3,2,248,2,-2,4
-2,-1,254,2,0,-1
2,-4,254,-1,-4,3
5,-2,257,-1,4,3
2,-9,253,-0,2,0
2,3,261,0,-0,-2
3,1,256,-1,-1,3
2,4,267,-2,-0,-0
4,-5,257,0,-1,1
7,-2,252,3,1,1
-2,5,256,2,-0,0
4,8,260,1,3,-2
-3,3,255,4,1,-3
-9,3,259,2,1,1
-6,1,263,-1,4,1
1,-4,256,-3,-3,2
-5,6,258,-2,4,-2
-2,3,257,-0,-2,-1
-6,-1,246,-2,1,-1
-6,-5,252,-2,0,1
6,2,252,0,2,0
3,2,246,1,0,-1
-1,6,258,-1,-1,-2
-9,-2,251,-2,-2,2
2,-8,259,-1,0,1
1,-3,260,-2,-4,3
-4,6,257,3,-2,2
-0,-7,265,2,-1,-1
2,9,256,-4,1,1
8,-4,258,0,1,-1
-3,-4,258,-4,-1,-2
-2,1,257,3,-4,-1
10,2,254,-2,-2,-2
6,-2,258,-1,1,-1
7,-0,260,-2,-0,-0
4,-13,258,-0,-2,1
-0,5,250,-0,-1,-4
-6,-5,260,-1,-2,-1
2,-6,266,2,4,3
-2,-2,250,0,-0,3
-4,-0,253,-2,0,3
11,9,260,-1,-2,-2
0,6,253,-1,-2,-0
-4,3,252,-1,3,1
1,-7,262,-2,4,-1
5,1,264,3,3,-0
1,-5,262,2,-2,0
5,-11,249,2,-1,-1
1,-0,264,-2,0,2
-3,-3,260,3,3,-1
-6,-5,260,-3,2,2
-2,1,256,3,-2,-2
-2,5,256,0,1,1
-3,2,256,-0,1,-3
-5,1,249,2,-1,4
4,-5,258,2,-4,-1
3,-2,259,1,1,-0
1,-4,256,-3,-1,1
-4,7,257,1,-1,-1
0,-1,264,-0,4,0
6,2,261,2,0,1
-1,-1,252,2,-2,1
5,-1,255,-0,-0,-3
-1,5,261,-3,4,-2
7,11,253,-0,-0,2
-2,-2,248,0,-3,1
3,10,252,2,1,1
-1,2,252,0,1,2
4,1,254,-2,2,2
11,2,262,-2,2,-1
3,-2,254,-0,2,-0
-1,-7,259,-2,-0,1
-6,7,259,-3,-0,-1
-0,-2,258,3,-1,1
9,3,260,0,-1,-1
3,11,261,-1,1,2
-3,5,252,2,0,1
-2,8,264,-1,1,-1
-6,4,255,-2,-1,0
9,7,256,2,-0,-1
0,0,256,-1,-0,2
-9,-1,251,1,-4,-1
-2,-2,257,-0,4,-1
-0,-8,263,6,0,3
-0,-1,251,0,5,-0
-1,-2,247,-0,-0,1
-2,5,258,-0,-5,0
4,7,259,-0,1,-3
-6,-1,249,2,3,-2
3,5,258,-2,-1,1
-6,-1,256,3,-0,1
4,2,253,4,3,3
4,1,252,-0,7,2
-1,-1,262,-4,2,-1
-4,1,262,-3,1,1
-1,-2,257,-0,-1,-1
-5,8,265,1,-1,3
-5,1,257,-2,-3,1
9,-5,260,-3,-1,2
-1,-0,258,1,2,1
-2,1,253,1,3,-2
-2,-0,253,0,-1,-1
-1,-4,257,1,-3,1
-6,-2,250,1,2,-3
-6,7,260,0,-0,-1
-5,1,256,0,-1,1
2,0,256,-2,-2,4
12,5,252,-3,2,-3
10,0,258,0,-3,2
-4,3,259,0,1,-2
-4,-4,247,-1,-1,1
-3,-0,256,1,-3,-1
4,2,251,1,-1,1
-7,12,257,1,2,-0
9,0,256,-3,-2,1
2,-6,256,-1,-4,-1
7,-1,256,0,-2,-2
6,2,260,-0,-1,1
3,4,253,0,0,0
-3,-8,255,-1,2,-0
1,-2,267,-3,3,1
-4,9,259,1,-5,0
-2,5,260,-3,-1,-2
6,-8,256,2,-1,1
-1,-3,257,1,1,-1
-3,6,255,-2,0,-1
-12,-12,257,4,-0,0
6,3,260,5,-2,-1
2,-5,257,2,-2,1
6,-3,248,1,-4,5
-1,-12,251,-1,-2,3
1,-3,264,1,-3,1
-1,-13,249,0,1,-1
-2,-4,253,2,-3,0
-0,3,256,1,-0,1
-0,2,253,2,-5,5
-5,-3,258,3,-1,-3
-4,-0,264,1,-0,-0
5,4,241,2,1,-1
-3,3,247,3,0,-1
6,6,246,-1,-2,-2
-4,-7,263,-2,-3,-5
1,-8,256,-3,-2,-2
3,4,266,0,-1,-4
4,-6,258,-1,-0,1
1,-6,251,1,1,1
-1,-3,251,-2,0,5
8,-9,248,3,1,2
6,6,256,-3,3,-0
6,-1,259,2,-1,1
8,-1,260,-1,-1,-1
-8,-3,261,-0,4,1
-1,4,252,-1,-1,-4
7,2,264,1,1,3
-2,0,265,5,1,-1
-3,-3,258,1,-4,1
5,-3,254,-3,-2,-2
-1,-1,250,3,0,1
-5,3,256,-1,-1,1
9,0,253,0,1,0
-3,-1,245,2,-1,-1
-2,3,261,1,2,-1
-5,10,250,0,1,-1
-3,2,259,-5,-2,0
3,-4,257,3,1,0
-3,-6,266,-2,-2,5
-7,-7,255,1,-1,-1
1,-3,263,-3,3,-1
6,-4,242,2,1,3
3,10,263,-2,-6,-2
-0,3,268,-1,1,0
6,-7,257,-1,-1,-0
-2,-3,255,3,-1,-2
-4,-7,265,3,-3,-2
-6,1,257,-3,-2,-2
10,6,259,2,0,-0
-1,4,254,5,3,-1
10,3,255,-1,-2,0
3,-2,264,1,2,2
-10,3,257,3,-1,3
1,-1,262,1,3,2
5,-1,255,0,-4,2
-4,3,258,2,-0,-2
-2,0,258,1,1,-5
3,1,259,-3,0,-5
-4,-4,260,2,-2,0
-3,-5,262,1,-1,1
12,-3,253,-4,1,-0
0,-12,258,-1,-1,-1
1,-2,256,5,-5,0
-3,5,259,2,0,-0
3,-7,253,-3,-1,1
-17,9,251,2,-4,3
-4,-4,261,1,2,-1
0,1,260,-1,-0,0
-0,10,251,1,3,3
2,-4,255,4,2,-0
2,4,260,0,2,2
0,-8,257,-1,0,-1
1,2,258,-2,-2,4
-4,4,255,-1,-3,-3
2,-10,251,-1,3,-0
3,-1,255,3,-0,-0
0,-4,267,2,-1,-2
6,0,258,-1,-5,1
-3,-0,252,-4,-1,1
2,-2,258,-2,-4,1
-1,6,253,-1,-4,4
4,-4,250,2,-1,-3
-10,-2,258,1,1,0
-1,1,259,-2,-0,1
7,-7,250,-0,-2,5
3,0,262,-1,1,-0
3,9,255,2,1,-2
3,-1,254,-0,-2,3
-0,0,260,-1,1,-1
1,3,252,5,-1,-1
6,4,256,-0,0,-2
-8,-7,257,1,1,-1
-2,-13,255,-1,-1,-1
3,0,263,1,-4,-0
-1,2,256,1,1,-2
4,-4,254,-4,3,0
-0,-4,262,-1,1,-0
-7,0,261,2,1,3
-2,-5,259,-1,-2,1
-3,1,250,-1,-0,0
4,1,256,-0,1,3
-10,2,262,-2,0,-4
0,-2,244,-2,-1,-0
7,-8,256,3,-3,-2
4,2,261,-2,5,-1
3,-6,264,-0,1,-1
3,2,249,-2,-1,1
-1,-10,262,-0,-0,-2
2,4,259,0,-1,-0
-4,2,264,-1,1,-2
5,2,249,-4,2,6
0,-5,252,1,-1,-2
2,2,268,-2,-2,1
-5,-3,245,1,4,2
-4,3,256,0,0,0
-3,4,256,2,2,1
-3,-1,253,2,1,1
0,4,262,1,-2,3
-5,6,253,-3,4,-0
2,-1,250,0,-0,0
-6,-0,261,3,1,1
1,1,252,1,1,-1
2,7,253,-0,-2,0
-0,-10,243,-0,-2,3
6,-2,257,-1,-4,-2
-3,1,252,1,2,-0
4,9,261,-0,0,1
-3,-5,257,1,-0,-0
8,9,247,-0,-3,-2
-4,3,260,0,1,6
-0,11,255,-0,2,-4
-1,-4,258,1,0,1
5,-5,262,-1,-6,0
1,-2,256,-1,0,2
-6,-1,260,1,-0,1
-1,2,262,-1,-2,5
-11,1,261,-2,-0,2
-1,-4,250,-0,1,-3
0,3,257,-1,1,-3
1,3,257,4,-2,-1
1,1,261,-0,2,-3
5,-3,254,3,-1,3
0,-1,254,-1,2,0
2,-2,251,2,-0,2
-4,2,256,-2,1,2
-3,-1,262,-3,-1,-3
3,-4,256,0,1,-1
2,4,253,-0,5,-2
-4,6,256,-1,-2,-4
5,11,256,-2,2,0
2,-4,258,1,1,-3
1,1,261,-0,1,-2
-12,-2,267,-1,4,-1
4,9,261,-0,1,-1
-5,-8,263,-2,2,-0
17,3,265,-4,-4,5
5,-7,248,-3,-1,2
-3,5,254,4,2,-1
-4,10,251,3,-4,-0
-2,-1,243,-1,4,0
5,2,249,2,-1,-2
-4,4,264,4,1,-5
-6,-1,255,-3,1,1
4,-7,261,2,-3,-0
-4,-4,258,2,0,-1
-9,7,263,2,0,-1
-1,-4,265,-0,1,1
-1,7,255,-3,0,3
-4,-2,260,-1,1,2
-6,17,255,-5,-1,2
4,1,250,-2,1,1
3,-1,254,-1,-1,-6
-9,-12,256,3,-1,-2
1,-1,257,2,2,-1
-1,-2,251,2,-2,2
-0,2,246,5,1,-4
-0,-7,267,1,-1,2
3,-3,260,2,-1,-2
-3,9,256,0,-1,-1
-1,3,255,-1,2,-0
-2,1,261,-4,-1,1
9,-8,258,-0,-0,0
0,-7,251,1,0,-1
2,-6,255,-2,-2,-1
4,7,256,-1,0,1
-2,-3,255,-0,2,-2
-7,0,256,-0,0,-2
2,2,250,3,-0,-1
-3,3,252,-2,-2,0
5,7,259,-2,2,1
6,6,253,-3,1,-2
1,2,254,1,2,-2
-8,5,259,-0,-5,-1
-12,-0,258,0,-1,-2
-4,-1,243,2,-3,-4
-3,-2,260,1,-3,-2
1,-0,260,0,-1,2
7,13,254,-1,2,1
-11,8,260,-0,2,-1
1,-4,261,-4,4,-1
3,-1,254,2,4,1
-4,1,254,-1,0,-3
-5,4,251,3,-0,-0
-1,-3,252,2,-3,-1
9,3,261,1,3,0
-12,4,256,2,2,-0
-2,4,254,-0,-0,1
-7,-3,253,-1,1,2
1,4,256,1,0,3
7,-0,257,-1,0,0
2,7,247,1,-1,-1
-0,-2,259,-1,-1,2
-2,1,267,-3,-2,-2
-0,1,260,-2,-3,1
1,8,253,3,2,-3
1,0,258,-1,1,2
-3,0,254,1,3,1
0,5,247,-2,-0,2
1,-2,259,-0,2,-1
-1,0,256,-1,2,3
-1,-5,264,1,1,-1
-0,0,246,0,-1,1
6,-3,266,-2,4,-2
3,1,251,3,-0,0
-1,-3,259,1,-0,0
2,-4,254,-2,-1,-1
-1,9,260,-4,-1,0
0,-1,255,0,3,4
-2,3,259,1,2,2
5,-2,259,0,-2,2
0,-7,256,1,2,0
6,5,261,-2,1,5
9,-2,249,-2,-3,-2
-3,-4,249,-0,2,2
-2,-2,258,2,-0,1
7,-2,262,-1,-1,1
2,-2,261,1,-1,-2
-0,-5,262,0,-0,-0
3,-1,264,3,1,0
-5,7,256,-1,-1,4
-3,14,258,-1,-1,1
4,7,257,1,2,-1
-2,-6,256,-2,-2,-4
2,4,261,2,-1,-0
-4,4,257,-1,-3,-0
-4,-1,248,1,1,0
5,-1,263,-2,0,0
9,-5,251,-2,3,1
3,0,254,-0,1,1
13,1,257,-5,2,-0
6,4,262,-2,2,-1
-9,-1,267,0,-2,0
0,-0,262,2,-3,1
3,-1,251,-2,6,-1
-3,7,260,-1,3,1
3,-5,246,1,1,1
-2,-6,246,2,-2,1
-4,3,261,0,-3,2
-6,9,248,2,3,-3
-3,0,262,2,1,-0
-5,2,262,2,-0,-0
1,-1,261,1,4,-0
-5,-8,258,-0,0,1
8,10,258,3,-2,-1
7,4,256,0,2,-2
-2,-7,256,-4,-0,-0
9,9,263,-2,5,-1
-0,8,256,-2,3,-2
-2,4,261,-2,1,-1
1,-5,260,-0,1,1
-4,-7,264,2,2,3
-6,-2,271,-2,1,0
2,-3,262,-4,3,-3
1,3,254,1,1,6
-1,3,254,-1,-2,2
-6,5,260,2,2,3
4,-5,256,1,2,0
3,-5,266,-1,3,1
-3,10,251,3,3,3
-7,-4,260,-1,-0,-1
5,2,248,0,1,2
2,-2,247,2,-1,-4
-4,-0,255,4,3,-0
2,3,255,-4,-1,3
2,-1,259,-1,1,1
-1,4,264,1,2,0
-17,-1,255,1,-2,0
-6,4,260,3,-0,-2
0,-2,252,1,-2,-1
-0,1,266,-5,1,1
0,1,254,-0,-1,0
-3,1,255,-2,-0,2
2,6,259,3,0,-1
-7,-8,261,-0,2,4
6,-2,262,-1,1,-2
3,1,257,0,1,2
2,5,248,1,1,3
-7,-1,255,1,-3,-1
3,-4,261,-3,1,-0
-2,-3,254,-2,1,0
-5,0,259,-3,-0,-1
-4,1,257,1,-2,-3
2,-0,256,-1,2,-1
-5,-1,258,1,0,-4
1,-3,252,-1,-1,4
-0,1,264,3,0,-0
-1,12,262,-5,-1,-0
5,2,260,-1,1,-1
-7,-4,257,0,3,1
1,1,254,1,-1,-1
6,-1,258,1,-2,0
3,-7,257,2,2,-1
1,2,263,-5,-2,-3
-5,4,254,0,-1,2
-0,1,264,2,-3,-4
7,0,259,2,-1,2
8,-3,255,-1,2,-0
3,-15,256,-3,0,-1
2,-2,251,3,-1,0
-2,-7,254,2,-2,2
0,-8,251,2,0,-0
1,-10,253,0,-2,-3
-6,-1,250,2,-0,0
0,5,253,1,3,-2
0,-5,258,-2,0,-2
-1,-6,252,-4,1,-0
10,1,265,3,0,-1
-4,3,255,2,1,-1
6,-3,259,2,-4,-1
9,7,262,-1,1,-0
1,2,257,-1,2,-1
-0,-6,260,-4,3,-1
-2,-6,251,-2,1,2
5,3,253,1,-2,1
4,-0,258,-2,-3,-1
-1,-3,255,1,0,2
-2,1,255,4,-1,-3
-8,1,254,3,1,-4
-3,4,260,4,1,2
-13,2,255,-1,-2,-3
-0,4,258,-2,2,1
-1,6,260,-1,3,2
-5,1,264,-0,2,1
-2,9,262,0,3,0
-2,-8,261,-3,3,2
4,5,257,1,-5,-2
4,-9,258,-1,2,4
-1,-6,267,3,-1,-1
-4,11,267,1,0,0
1,0,253,-3,4,-2
0,-9,260,-1,3,1
7,-0,259,-2,1,-1
7,-8,259,-0,0,-3
-3,2,255,-3,1,-3
-3,-4,258,-2,-2,-1
-4,5,247,3,-4,1
-5,1,257,1,4,5
5,2,258,-2,-2,2
-4,3,258,-2,-2,3
5,12,259,-0,0,1
-2,-4,256,-1,1,3
-5,-4,259,-1,-0,1
-6,0,255,-0,0,1
-3,-4,261,-2,1,-0
1,1,250,-6,-3,0
-5,-5,250,3,-1,0
-1,1,257,2,-1,2
8,2,255,-2,-1,4
-0,5,262,1,5,-3
-3,-3,258,2,0,2
1,0,255,2,-2,1
1,4,261,1,0,1
-6,12,255,1,2,-0
1,3,253,-0,0,-1
-3,-6,258,0,6,1
0,1,262,1,2,-0
7,-5,254,-1,-2,-0
-1,-4,256,1,2,-4
5,-0,261,-1,3,1
1,1,260,-3,-0,-4
5,8,256,1,-4,-0
2,-6,255,2,3,-3
3,-0,250,0,3,-1
2,3,254,2,2,-3
-2,7,255,-0,-3,-1
3,5,246,3,-2,-2
-1,-5,249,-1,-2,4
2,2,259,1,1,-1
10,-10,256,-0,-0,-2
-3,3,255,-3,3,1
-7,4,266,3,-1,-0
-1,1,256,3,1,-1
5,3,257,-1,0,-2
8,2,252,-2,-2,-1
8,-0,251,-1,-0,-0
-8,-3,261,2,2,-2
-2,4,255,0,-2,3
1,-0,253,0,-1,1
3,2,252,-1,-2,4
-8,1,253,-1,-3,2
-2,4,258,0,2,-0
-6,-3,260,-0,-0,-2
-4,6,259,1,-0,-1
-7,-4,256,2,1,-0
-12,7,258,1,-3,1
6,0,256,-2,-6,1
1,-7,262,2,3,-1
1,-7,259,1,-2,3
-2,7,251,-4,-1,-1
-10,-10,258,0,3,1
-2,-0,259,-2,-2,-0
-4,-0,252,3,-5,-0
-6,-1,262,4,-2,-4
-2,2,254,-0,1,-1
-7,-6,258,-2,-0,-2
0,3,255,-1,0,-1
-4,-0,255,-0,-1,3
3,11,261,-1,-2,1
-13,4,250,3,-0,-0
-11,10,264,1,-1,-2
6,2,261,1,0,2
12,1,253,2,3,1
-6,1,258,1,0,-4
-7,1,261,1,-2,0
4,0,254,-3,-1,2
6,4,248,-1,-2,-1
-1,-1,258,-0,1,-0
-1,5,251,-3,5,1
4,3,262,2,3,-2
5,-1,256,2,0,-4
6,4,251,3,-0,-2
2,-4,267,2,1,1
-9,-1,255,0,4,-3
-3,-1,265,-2,-2,1
1,1,260,-1,4,5
2,10,254,1,0,0
-2,4,261,-4,-2,2
-5,-5,258,-2,-4,-3
6,-3,251,1,1,-0
-7,2,254,-0,3,-1
9,7,257,3,0,-4
1,6,253,0,-0,1
-2,-3,264,-2,-3,-1
-3,2,252,-0,3,-1
1,-0,257,-2,1,1
-5,4,261,-0,-1,-6
4,-4,260,1,2,3
8,-3,257,0,-0,-4
2,3,253,1,-1,1
5,1,252,-1,1,-2
-3,-0,254,2,-1,2
6,4,252,-1,1,3
2,-1,264,2,-2,-3
-1,-8,253,4,-0,2
-4,-3,254,1,-1,1
3,-4,254,-0,3,1
-2,4,246,-2,-1,2
1,-5,252,1,4,3
2,6,264,-5,2,-1
5,-1,253,-1,-1,1
13,4,250,-3,0,1
-7,2,256,-1,-1,0
2,-2,261,-1,1,2
-1,12,247,2,2,2
8,0,251,-1,-4,3
2,4,247,-1,-1,1
8,0,262,1,-2,2
-4,-3,258,-0,3,5
7,-4,268,-0,-2,1
12,5,251,1,0,-1
5,-4,256,1,-1,1
0,-3,254,-1,3,-1
-3,2,258,-1,-1,-4
-2,4,259,-0,-2,-0
3,0,251,-1,4,-1
-5,9,260,1,-3,-3
-8,8,262,3,-1,1
-7,1,265,0,2,0
-1,5,254,1,-2,-5
5,4,264,-1,1,2
-2,-1,261,5,1,-1
-2,-6,251,-3,-2,1
-7,-1,262,2,1,0
-7,-2,254,-1,-2,-1
-3,-3,252,1,-2,1
-2,2,256,3,-1,-2
-6,-4,251,-2,2,0
-0,-0,257,-1,2,1
5,11,260,1,1,3
-1,9,259,-2,-1,-1
-3,0,266,-0,-1,-1
-2,-4,255,-5,1,0
-10,1,252,2,4,-1
0,8,262,1,4,-2
-3,2,247,0,-5,-2
2,-2,258,4,4,1
-8,1,251,-2,1,-1
9,-5,255,-2,-3,1
11,2,260,1,-1,0
5,-3,255,-1,1,-1
-4,-7,257,-2,2,2
-2,6,264,1,3,0
0,2,260,0,1,-1
-1,-9,254,-1,-4,-0
-1,5,266,0,0,1
-3,-2,256,1,-1,-3
-7,6,254,2,1,-1
-3,5,257,2,0,3
-5,1,258,-3,1,0
4,-4,247,1,0,2
6,-5,246,-1,0,-2
-0,-6,251,2,-1,-1
-5,-2,249,1,2,-1
-2,-0,256,2,0,1
-3,1,251,-1,1,0
-6,-0,268,-3,-0,0
-8,-8,253,2,-3,3
0,-1,267,1,-0,-1
-4,10,259,0,-0,-5
-2,-0,261,-1,-1,-0
-3,-2,251,2,2,-1
-5,5,253,2,-2,4
7,6,249,2,-3,2
8,5,247,1,-0,-1
-5,-6,261,0,1,-2
6,-7,259,-3,0,-2
2,8,254,1,-2,1
0,-1,253,1,-3,-1
2,-5,257,-1,-1,-1
-6,-1,245,0,-1,1
-8,4,254,-1,0,2
4,-6,255,-1,4,3
-5,-3,261,2,3,-1
3,-1,251,-0,-2,-0
0,-6,261,-1,-2,1
-1,-4,252,-1,-1,1
1,10,258,1,1,0
-4,-5,256,1,0,-1
-9,3,254,4,1,-3
1,1,264,-1,-0,-2
1,2,260,-2,-1,3
-2,-1,262,0,-0,3
2,5,251,-4,-1,1
-9,4,254,1,-0,1
4,-2,251,1,0,-0
3,-4,262,3,-0,1
11,-2,261,4,3,1
-5,-7,253,-3,0,3
8,4,263,2,-1,0
4,3,257,-0,1,1
6,-7,249,2,1,-3
-5,9,253,3,-2,-0
-4,-6,262,0,3,-2
-2,3,261,-2,1,1
10,-3,252,-2,1,-2
1,0,252,-1,-1,-2
-3,1,259,-5,-4,-3
-2,4,259,-1,1,-1
-2,-9,259,-0,1,-2
5,6,258,-1,2,-5
0,-1,257,-1,-2,1
2,-1,250,2,1,3
-13,-2,255,-2,0,-1
-1,-1,258,-4,2,-3
4,-1,257,1,-3,-1
4,-6,250,-0,-0,-1
15,-2,250,-0,-5,-1
-2,-8,264,-4,2,3
17,5,254,2,2,4
-4,2,252,2,0,0
-3,3,258,-2,-2,-1
8,4,250,-2,-1,-3
2,-1,262,-2,-2,-0
2,-3,253,-3,-1,1
8,6,250,1,2,-4
6,8,259,3,3,-0
4,11,251,-3,1,1
2,-3,246,1,-2,-2
-3,3,257,1,-0,1
-5,-9,254,2,-3,3
-1,1,258,1,-1,2
-2,-3,256,0,1,3
3,-4,254,1,6,1
-0,-1,266,5,2,-1
6,-0,253,-0,0,-5
-5,6,255,0,3,-1
2,-3,256,0,2,2
3,2,258,1,3,3
3,-8,256,-2,-3,1
-2,-6,259,-0,0,-4
1,2,255,3,1,-1
-5,-3,258,-2,4,-1
-4,4,251,-2,0,2
2,-9,259,3,1,-2
0,-1,248,0,0,-2
1,-1,250,2,2,1
-2,1,255,0,-3,2
-2,-11,259,-0,-1,3
-8,-6,255,-5,0,-2
5,-2,256,2,-2,-1
-4,1,253,-1,4,-3
9,-11,249,-1,-1,-2
12,-0,251,-0,-1,1
6,0,258,-3,-5,-0
-4,12,256,-1,1,2
-1,-4,265,1,-4,1
-1,-0,253,-1,4,2
3,-5,257,-1,0,-2
-12,-2,251,-1,2,-2
