-5,-216,3,31,2,45
2,-230,12,-7,-43,46
-15,-249,-17,-4,-62,-13
-9,-254,-10,-12,91,6
17,-201,-7,-32,-52,3
8,-209,8,-57,37,-1
12,-228,30,7,-15,88
18,-214,17,-19,61,-26
26,-182,36,-66,44,-12
18,-186,-4,47,-36,54
36,-235,31,-30,-9,-3
3,-207,15,-52,20,-1
21,-172,16,40,-27,-46
-3,-211,72,-16,64,45
-19,-192,-11,-17,-5,-44
-41,-205,13,-26,60,71
-4,-177,13,-40,35,-31
9,-194,13,50,-10,-125
17,-177,48,-1,6,-32
-3,-194,29,-26,-40,38
-12,-163,47,-68,-82,34
6,-137,21,5,-42,56
8,-142,72,81,-72,-1
-11,-115,49,-13,-52,62
36,-158,10,-22,21,5
18,-125,68,-10,77,-38
10,-106,76,-32,-5,-25
10,-147,45,-48,-46,-1
5,-136,19,3,-10,-44
2,-160,38,-29,-9,15
-8,-142,42,26,54,16
-3,-137,57,45,21,-1
25,-156,50,62,-14,-43
47,-139,93,35,-1,-25
-15,-113,48,-9,24,40
-3,-140,92,-5,-19,-52
64,-133,73,60,27,-8
-17,-109,80,1,106,8
29,-87,101,-8,34,-29
14,-111,72,33,-36,-75
19,-98,84,-27,-22,6
-5,-109,12,-70,-8,-26
23,-111,79,-42,-5,-23
35,-80,79,-36,-12,23
9,-118,63,-1,-25,-9
-0,-86,90,-4,16,-17
-8,-79,87,-50,-24,10
12,-98,71,46,15,-90
5,-78,59,-34,57,52
-35,-133,68,20,-5,-77
-11,-103,97,20,68,-7
36,-110,105,41,52,-28
21,-64,63,-20,-5,-17
1,-106,70,-53,2,-48
13,-97,55,-4,24,-36
-17,-98,83,18,37,24
-17,-105,73,-6,40,26
27,-125,72,-48,1,72
29,-87,60,2,-47,58
19,-101,76,4,-64,33
-45,-98,77,-33,-32,-8
-2,-121,80,-59,-31,51
-1,-127,66,85,87,48
21,-127,59,-33,51,-79
-5,-87,87,16,-23,-12
-15,-137,34,-65,-26,29
-12,-128,57,-25,-18,-10
11,-121,59,-34,-42,1
24,-118,49,-0,6,-88
14,-114,59,14,44,-7
-18,-115,70,-19,-27,30
-10,-161,56,-2,-5,49
-6,-168,72,15,-55,-7
22,-142,25,-102,2,-4
12,-139,71,-27,14,16
6,-134,32,23,23,14
1,-130,65,-27,32,-76
10,-151,49,10,43,-22
-2,-138,40,-53,-53,11
21,-177,16,-18,-90,18
-13,-176,65,-42,27,33
-24,-177,39,-48,117,-44
10,-184,15,-82,-41,49
-4,-118,73,-2,-47,58
-12,-198,19,2,97,-3
-22,-179,56,-41,19,-52
36,-192,55,26,-17,15
-29,-192,26,6,-22,-35
24,-179,17,51,51,-20
8,-220,22,29,-28,-21
-0,-164,6,-42,21,7
-34,-241,45,-8,1,61
16,-215,58,8,-102,39
-18,-200,37,111,29,60
13,-258,0,-77,50,18
-7,-239,22,-46,-57,-15
-4,-274,-11,-10,-74,-3
19,-217,3,-33,-23,23
16,-253,-4,-50,86,-29
-12,-279,-3,-53,49,20
-13,-239,-18,49,62,-10
7,-303,-1,-23,-20,71
-3,-256,-13,-28,-72,-55
-31,-264,-20,-18,-13,-26
-6,-296,-16,9,46,19
-4,-286,-17,-25,-10,-11
-15,-291,-10,25,-28,45
-1,-320,3,52,-23,-14
10,-271,-3,-6,-40,-46
35,-270,-26,36,-25,-23
41,-331,-34,-22,24,20
-45,-321,-18,44,67,-36
-1,-348,-49,-54,-46,67
-2,-299,-42,-30,7,-38
17,-322,-34,-60,64,-37
7,-295,-87,17,58,-46
-27,-346,-26,24,-2,-25
-2,-349,-74,-23,-35,-0
-3,-304,-81,49,96,16
9,-365,-70,-24,11,0
-8,-360,-26,52,-62,-11
-8,-337,-45,-7,66,-68
7,-358,-61,-6,-1,-23
-7,-341,-50,13,81,-50
-7,-358,-56,-20,53,-7
-29,-345,-77,-17,-65,-47
25,-383,-52,44,53,-5
-23,-353,-40,17,21,32
-17,-370,-29,-65,16,-28
6,-388,-71,-22,-13,-24
5,-367,-44,17,-47,-6
-2,-369,-86,12,27,-22
-30,-386,-61,-31,13,22
10,-378,-34,-30,-8,-49
-14,-392,-51,-10,61,-20
1,-368,-91,27,94,-75
56,-421,-45,30,-27,-39
-2,-360,-78,-18,-2,-50
5,-402,-65,5,-81,-12
22,-360,-62,19,23,0
-7,-392,-110,-17,38,9
-22,-407,-68,-14,-39,-55
-28,-386,-101,-1,-32,29
-32,-407,-70,-20,8,-39
44,-410,-85,20,-5,14
-38,-402,-81,11,83,9
9,-395,-88,-35,-26,-52
11,-439,-49,-9,49,-21
-26,-425,-74,-22,62,4
4,-401,-21,-45,67,-22
30,-400,-62,25,78,8
25,-423,-86,64,-43,7
-8,-427,-61,125,17,-28
31,-405,-55,-18,-17,-47
29,-382,-26,3,-13,-36
7,-398,-99,-30,12,36
3,-389,-72,61,5,28
-7,-420,-89,76,-49,25
-31,-406,-74,0,9,-25
-12,-410,-94,-92,51,-92
-8,-426,-37,16,-4,-5
3,-391,-41,52,-15,6
11,-417,-62,-115,-10,-12
9,-393,-88,43,51,-2
5,-387,-62,2,104,25
-14,-371,-84,-42,37,44
23,-381,-57,-39,-12,66
12,-362,-76,-20,-35,-6
0,-374,-55,64,12,-16
-11,-410,-9,-54,11,-21
-11,-358,-37,-44,7,41
-35,-346,-68,-45,20,50
6,-378,-66,41,24,2
-36,-397,-65,-53,40,-0
-30,-360,-34,50,32,-20
1,-348,-98,-12,26,29
-21,-338,-76,-87,-9,-26
-36,-350,-34,-57,24,-7
-1,-327,-60,-41,-17,-12
19,-325,-68,-42,16,-31
-9,-328,-53,-39,41,-59
2,-352,-57,35,-72,-32
8,-337,-53,-11,-71,27
-4,-324,-40,-105,-16,50
18,-302,-57,25,-3,-1
-7,-343,-34,42,-5,-2
-8,-328,-36,-9,-21,27
-23,-303,-49,53,8,9
10,-313,-35,62,-23,-63
6,-317,-49,14,-31,-76
-17,-295,7,24,-17,37
-18,-311,-54,25,3,-46
-15,-290,38,-21,31,-47
-16,-321,-3,39,34,-73
17,-257,-26,-2,-67,-3
-36,-272,-27,-1,-70,63
20,-295,-4,102,-85,6
9,-252,-3,58,40,-68
7,-277,4,17,9,-12
-13,-258,3,-47,15,8
13,-253,-2,-57,-16,16
-14,-255,21,71,-21,57
-18,-270,-21,-66,-71,-30
-0,-236,-25,-8,-31,-38
5,-251,-25,89,38,9
-36,-220,36,4,59,32
-4,-234,31,-34,44,-50
9,-197,5,98,18,7
-13,-219,3,-0,-48,-79
-25,-259,12,25,32,-6
-4,-211,27,104,12,52
-31,-195,6,-24,-1,16
29,-204,15,25,41,84
-24,-202,32,-30,-14,-13
-14,-173,39,23,-55,-13
-41,-212,43,10,44,23
-7,-211,64,39,-28,-30
25,-159,28,38,1,17
9,-154,34,53,-23,42
19,-144,47,23,93,42
-6,-190,46,25,50,56
25,-140,45,-46,-3,1
-32,-160,75,16,-47,-72
49,-170,12,64,-33,-23
2,-165,44,48,8,-11
-0,-134,39,41,-15,28
-10,-152,49,-24,-33,-55
-9,-138,54,34,11,12
5,-154,43,90,-3,-31
8,-152,81,31,24,3
-12,-115,74,-48,92,-48
-30,-131,67,-20,-9,15
-27,-138,46,-82,20,-44
-30,-156,62,-22,-2,87
10,-133,95,-73,-45,10
-10,-162,96,9,59,-69
-12,-110,95,-68,-6,51
7,-152,64,-34,53,-13
0,-124,62,-101,8,-21
-25,-131,92,-33,13,-5
-3,-85,47,-9,-70,-5
-24,-133,85,-13,25,21
29,-108,83,33,-20,80
7,-102,84,59,-10,1
8,-91,67,40,-18,-15
-18,-144,80,19,-4,6
-17,-98,63,-27,-39,40
-7,-151,68,65,-35,39
20,-145,90,-18,-72,-34
-17,-100,60,62,-46,49
10,-71,79,23,-66,11
8,-114,78,-32,-49,-62
9,-110,71,-0,-24,-10
-10,-135,56,5,-28,55
27,-107,82,6,34,9
7,-88,66,59,48,123
-2,-103,68,26,51,-2
-3,-111,81,5,-4,72
13,-97,51,-7,3,2
12,-90,75,7,-15,18
-38,-113,52,46,-91,-11
1,-131,94,43,-1,-11
33,-112,100,-52,25,-4
6,-107,74,51,35,62
19,-110,97,29,25,21
14,-141,51,-27,1,-40
-2,-136,89,-21,56,49
-23,-147,71,-30,-16,-0
5,-87,49,33,61,51
8,-127,68,-39,-19,-17
35,-153,77,-43,-72,-1
47,-125,50,28,-11,22
18,-155,89,-6,15,29
-7,-160,82,10,14,4
15,-124,59,-34,-8,-68
-19,-169,47,-10,-31,-15
20,-124,35,-70,-71,41
20,-169,49,73,11,4
30,-164,19,-13,-93,28
11,-166,39,-2,-19,37
-11,-193,47,0,7,-14
10,-198,48,22,-3,-25
-3,-186,39,-56,-64,6
-33,-206,16,69,51,-12
10,-152,49,-71,-31,-29
8,-214,17,78,-1,40
-3,-205,22,-11,15,-15
-8,-180,28,11,-3,-46
-4,-223,11,26,-98,5
21,-221,10,-6,104,14
9,-156,31,-9,27,-54
-16,-236,-20,-13,31,-80
18,-236,13,-44,-13,25
-17,-201,26,14,36,45
7,-248,-3,64,-1,29
14,-245,13,30,34,1
-16,-227,18,-15,6,-10
25,-248,46,-50,-45,-0
12,-250,8,39,-10,26
-10,-296,-1,-13,-8,-16
-45,-254,-28,-13,1,47
6,-271,3,29,24,-15
-38,-251,7,2,25,36
28,-298,-31,-46,5,-44
12,-265,-50,-69,-107,26
-17,-295,-8,26,-0,5
12,-290,3,8,95,-53
-15,-318,-35,-23,-46,60
-17,-299,-23,-78,43,93
-68,-296,-10,-41,-53,19
3,-316,3,11,-11,-74
12,-319,-23,59,-24,57
1,-342,5,14,1,-66
23,-311,-69,38,5,15
26,-331,-67,23,27,6
-32,-336,-7,-17,10,6
-16,-295,-41,7,-0,10
-12,-315,-34,-53,-83,68
-37,-327,-52,-14,-73,12
15,-340,-11,11,-24,-1
32,-333,-27,25,90,-89
-3,-325,-60,-44,54,50
-51,-369,-65,88,-13,44
16,-397,-65,-42,-17,41
20,-360,-72,-60,-28,-2
16,-386,-48,-66,-73,-1
-1,-353,-28,50,4,-57
-12,-382,-53,28,42,-64
-40,-391,-20,40,13,-40
-26,-387,-33,17,22,-19
-1,-363,-78,26,-7,-46
24,-369,-6,82,-43,-55
-5,-392,-53,26,31,-54
-9,-394,-58,89,-11,-29
-3,-368,-28,67,-1,20
38,-385,-101,-61,-27,18
-8,-429,-64,2,-12,40
2,-410,-94,-41,48,-33
13,-377,-85,-52,-11,-40
16,-406,-82,56,32,39
-17,-388,-82,37,22,-101
6,-394,-57,2,32,14
-5,-415,-83,-20,79,-39
5,-411,-60,-38,-17,46
0,-408,-42,23,98,-25
3,-381,-60,22,58,66
-26,-407,-98,83,-12,47
20,-400,-43,6,-12,13
6,-407,-40,-21,-37,3
-25,-409,-107,7,30,-26
-19,-395,-100,-7,27,5
5,-391,-51,10,-56,-29
-3,-414,-78,43,43,15
-7,-395,-91,28,-44,50
0,-403,-110,-17,13,27
-20,-395,-70,25,-68,56
-8,-413,-60,19,23,-20
13,-408,-104,-53,49,15
-25,-413,-64,-4,42,-11
-10,-389,-79,6,28,1
-26,-389,-115,46,-12,-32
-28,-419,-87,-9,-31,112
55,-383,-44,-39,-111,-8
-7,-423,-68,-6,12,-46
2,-398,-79,3,4,1
-4,-406,-44,10,19,-14
1,-358,-53,-41,-24,7
17,-372,-65,-19,30,24
-17,-363,-83,14,-12,15
26,-385,-67,-30,47,-4
0,-389,-55,-57,-38,-53
-28,-348,-82,-67,2,-12
5,-372,-67,-21,61,-2
30,-361,-50,-54,-44,58
-3,-374,-54,43,-35,-27
17,-319,-47,-42,-6,39
14,-366,-53,2,-69,-54
-58,-357,-77,8,-4,39
-20,-358,-41,65,-38,-5
5,-371,-17,20,-49,6
-8,-306,-57,18,-13,45
40,-300,-67,1,-42,-36
-28,-361,-48,-14,5,20
-15,-309,-50,-34,43,-88
-46,-301,-39,2,-12,-62
16,-308,-23,-35,1,-26
-18,-305,-4,-0,44,27
-30,-288,-33,-76,27,-5
10,-299,-16,49,83,-26
44,-341,-23,-32,-24,-57
-2,-278,-25,6,48,42
7,-338,-1,-16,49,-30
-9,-298,-31,42,44,-32
8,-304,-27,12,-44,59
-49,-312,-39,-59,57,48
-2,-273,-14,-14,-15,-50
-10,-280,-56,-23,-10,-28
-1,-256,-37,16,-0,33
-14,-265,-6,-57,-41,17
-19,-300,-19,13,8,-13
-19,-263,14,-24,-10,-17
15,-251,6,43,-54,102
-14,-233,20,-0,-55,-58
-0,-243,3,-34,5,-8
-0,-247,-31,-49,-29,14
-10,-208,30,-11,-21,-2
-10,-224,18,49,83,16
11,-199,15,-11,-6,-30
-6,-240,53,-3,66,62
-1,-197,-0,-66,-27,6
5,-239,-10,-15,-51,49
35,-199,26,12,-74,79
-25,-225,33,76,10,-35
13,-196,44,55,-30,37
-10,-193,47,-9,-34,-21
20,-215,33,19,18,48
-37,-181,37,21,4,-37
35,-172,47,6,57,22
13,-178,64,15,29,-7
-3,-174,34,-21,-45,5
-21,-173,55,33,38,-6
5,-195,56,-10,27,14
19,-163,79,-49,-40,40
19,-180,41,28,-50,-11
28,-142,83,-6,15,-1
15,-142,64,-14,68,-53
-30,-136,59,41,-32,73
8,-127,64,-19,67,-22
54,-115,61,-25,33,-38
26,-103,37,37,-47,63
-7,-145,59,-50,8,20
-47,-134,47,28,2,-21
4,-100,79,65,50,32
14,-105,20,21,-71,-19
4,-115,67,-13,50,74
2,-105,44,42,-20,-30
-3,-139,112,30,57,16
7,-133,60,-6,-29,-21
27,-161,42,37,-27,-18
6,-125,68,-10,-3,26
13,-83,73,58,-45,-37
-8,-143,44,-3,57,37
-46,-119,46,9,-65,-4
-0,-98,109,12,5,-22
-6,-124,47,3,42,6
3,-87,98,115,-8,12
33,-128,71,67,39,-33
31,-120,86,9,56,60
26,-120,88,-19,-7,36
-31,-77,84,4,43,42
-22,-125,76,-9,1,-15
-39,-129,43,-57,-66,-24
-4,-68,76,29,6,4
5,-110,71,-51,-7,39
-8,-76,81,-26,18,56
-21,-102,89,54,25,-50
-5,-88,47,-38,-1,62
24,-88,59,-16,15,-39
21,-85,104,69,37,-9
25,-93,111,37,31,52
6,-76,49,-25,29,-8
-34,-105,93,71,46,-68
-7,-101,68,-18,-61,-58
-2,-129,72,60,33,-1
-2,-100,87,-57,59,-17
8,-152,34,-21,-18,22
25,-138,67,-15,82,-38
15,-93,57,-82,-28,-24
8,-126,38,24,70,36
-25,-171,62,-19,-15,3
3,-150,68,5,8,-11
5,-143,32,46,-108,58
-13,-148,59,-3,-23,29
-17,-163,75,56,-23,-59
-47,-136,50,-0,91,38
-26,-161,99,-43,-81,55
1,-136,41,-22,-4,27
-18,-169,51,55,-3,39
12,-182,49,53,40,-37
7,-171,30,-10,-28,-42
-23,-173,67,-8,7,-46
-11,-185,52,33,9,-67
-17,-193,68,-40,-25,16
-22,-180,57,-36,16,-37
-26,-197,58,35,16,-3
28,-204,49,-19,40,-92
9,-170,40,46,-67,-54
3,-219,46,13,-22,-5
24,-200,27,-84,-51,31
0,-202,3,-19,-5,-4
-1,-212,73,-34,24,75
15,-219,7,8,-29,-31
3,-232,-7,-77,-40,18
-2,-238,39,41,-41,19
48,-246,11,21,6,49
11,-258,15,36,-41,-16
-23,-238,-6,-67,26,21
-35,-253,-5,-20,-71,11
-4,-253,15,-9,-53,22
37,-238,13,-7,-44,-12
-5,-263,-19,-11,10,-33
-14,-236,-31,-12,111,91
24,-272,-43,54,8,-41
-4,-205,-37,49,-30,21
-19,-288,-32,12,28,-8
-5,-258,12,3,-17,18
3,-288,-14,20,50,10
-7,-263,-31,56,-6,35
-12,-285,10,-11,-9,51
19,-324,-11,38,-1,-35
-3,-331,-42,105,16,1
-15,-328,-10,24,6,-33
9,-281,-17,53,-8,36
-20,-336,-26,-5,-28,-13
13,-322,-26,53,-22,-11
-18,-324,-19,11,-49,30
-38,-360,-10,-65,-60,-34
-15,-356,1,-31,-91,-22
12,-329,-55,-3,-40,53
-2,-337,-45,-30,-4,-53
-7,-325,-69,-27,2,49
51,-350,-41,-66,32,-93
24,-367,-43,76,-63,10
-18,-338,-83,-20,-16,29
-22,-312,-95,-57,-50,3
-18,-405,-57,-69,14,75
-7,-346,-66,-122,-20,-51
-11,-333,-61,55,14,7
-50,-387,-14,12,-14,28
4,-357,-79,9,-55,2
-14,-363,-30,-51,3,11
-16,-386,-50,-56,6,-34
-1,-412,-48,-17,-10,56
20,-396,-56,40,70,-21
-20,-368,-90,-28,-7,9
-17,-380,-44,58,-23,0
-8,-370,-101,22,9,9
-2,-371,-86,-67,46,-110
13,-376,-67,-18,-30,29
13,-381,-27,3,32,-29
-12,-405,-69,-95,-27,-19
19,-417,-80,-70,118,-15
-13,-440,-84,59,27,26
-47,-386,-76,-34,-1,12
-19,-376,-87,-12,-68,-41
5,-369,-92,16,-5,-9
18,-399,-100,-45,-25,-82
-7,-411,-59,-8,-10,61
-15,-422,-55,13,66,-28
-12,-391,-58,16,51,-51
11,-395,-84,28,-60,8
19,-388,-43,23,37,-12
12,-417,-84,42,-4,27
31,-428,-100,5,30,47
25,-398,-78,23,-27,50
2,-358,-47,11,-47,35
-4,-389,-75,-17,13,-21
0,-413,-82,-41,9,40
5,-395,-71,28,23,-3
-12,-410,-98,-3,-71,-42
-25,-384,-66,-32,25,33
36,-396,-66,59,7,-35
2,-421,-61,3,-77,34
-0,-431,-101,2,33,20
-8,-394,-106,8,3,-23
-16,-402,-84,6,-26,2
19,-410,-87,32,30,-59
10,-380,-53,-10,7,0
13,-385,-81,-19,-39,-56
13,-386,-48,86,-32,-73
32,-373,-55,-54,21,14
21,-376,-38,74,-19,-39
27,-387,-70,4,-53,33
-1,-370,-68,3,20,44
32,-359,-68,-8,-3,-52
18,-347,-27,97,-17,42
-8,-348,-40,130,-28,-18
28,-370,-76,9,22,-7
5,-356,-42,12,80,-60
23,-319,-44,-62,75,19
1,-344,-25,-4,-81,-17
-17,-353,-74,60,38,-1
-9,-344,-43,64,36,-52
18,-321,-64,76,20,-2
11,-293,-60,-8,37,-45
-10,-306,-47,43,-12,-7
13,-348,-37,-71,30,26
-0,-351,-3,-63,51,-14
39,-277,-15,-70,38,-29
-34,-304,12,68,-3,-12
-33,-346,-50,36,33,-14
14,-309,11,26,21,42
-21,-325,-30,-19,72,-54
-16,-289,-18,85,-10,5
9,-262,-4,18,24,-18
14,-264,-8,29,33,78
12,-268,-24,10,17,30
-1,-251,-15,-19,3,39
63,-230,-11,11,54,7
-11,-278,-6,-27,-59,62
-6,-250,4,-50,6,11
-37,-248,14,34,36,9
2,-255,26,30,28,17
1,-259,25,36,-79,-4
-30,-204,11,-74,-46,10
1,-253,28,21,-45,-8
13,-223,48,12,-27,27
-19,-243,-14,-32,-11,11
-11,-220,26,-30,55,1
5,-211,34,-24,-4,-7
38,-208,17,5,-9,-69
-2,-197,18,67,-55,14
31,-199,58,-24,17,-41
-8,-187,23,19,-78,23
-10,-186,70,-16,20,-59
37,-210,29,12,48,-43
-28,-184,15,29,-43,-16
-18,-193,74,-19,83,-5
-4,-165,39,-30,-24,26
-14,-187,49,-22,1,0
-11,-165,31,-33,-78,1
31,-189,54,2,47,62
11,-164,32,-30,38,13
34,-115,59,-47,-14,-80
-8,-226,33,4,-31,38
15,-171,73,-63,23,-63
16,-140,43,46,-17,-18
-6,-164,85,-42,97,-42
15,-133,66,15,-32,-31
-27,-116,68,8,53,-38
-19,-102,62,-29,40,68
-21,-95,54,-47,30,-54
33,-96,68,-4,-13,43
11,-109,105,4,-13,-36
-53,-160,56,-33,-26,35
-6,-94,72,-33,1,-9
-13,-132,97,6,37,-19
-3,-114,70,9,15,69
6,-106,75,-8,29,-17
-3,-111,66,-6,23,23
-12,-95,51,8,16,-34
-4,-93,58,12,-34,-23
-5,-154,60,-23,-20,-1
24,-123,97,-43,-13,53
-2,-134,71,13,-16,27
-0,-89,102,-28,56,33
12,-118,65,-14,27,-27
-19,-112,94,-33,0,56
24,-93,86,12,-18,16
23,-69,49,-33,-73,6
-7,-88,86,34,24,-54
12,-118,86,89,34,-10
-13,-46,95,17,-12,8
4,-99,72,15,-16,63
13,-120,97,-23,48,-62
8,-69,29,23,-28,-41
26,-93,74,-23,-53,-27
-9,-119,31,11,-9,-17
16,-92,87,-21,14,-4
-31,-122,113,-29,-73,47
-2,-73,74,-15,27,27
17,-129,72,20,-32,36
-7,-123,41,-19,41,-5
0,-75,91,-55,31,-11
8,-151,67,75,-0,-8
-23,-106,48,49,19,-3
-8,-113,76,-9,-6,-85
6,-110,101,-31,56,-91
-21,-101,29,-79,-31,-26
17,-136,52,19,-21,90
-16,-104,74,9,-30,25
29,-120,63,52,36,-43
11,-135,21,-51,-52,13
-3,-180,63,28,34,28
8,-133,63,46,23,-38
-0,-140,54,-3,-0,-32
-12,-175,67,97,-10,30
46,-145,18,-35,-39,39
-53,-174,37,11,12,-12
-14,-161,58,-10,2,65
40,-165,45,13,-48,-63
11,-160,64,23,13,32
-12,-186,9,-18,0,-5
26,-212,61,-13,17,40
-26,-192,32,16,-33,-21
4,-195,43,11,1,48
19,-198,48,25,76,-41
-6,-198,1,-9,-2,-46
31,-214,30,12,-52,-43
-0,-210,4,-59,-56,-78
-39,-177,64,21,29,-84
-22,-230,-8,-47,-71,43
14,-230,19,-5,7,55
14,-220,16,9,18,20
-30,-190,36,47,-13,33
-2,-264,-4,-7,40,23
33,-223,-17,39,-64,-22
0,-232,53,-11,-54,-8
-28,-246,-7,41,45,-17
-1,-233,-11,51,53,-20
-13,-224,-48,0,-9,-24
-19,-248,21,41,4,-10
12,-241,-10,66,-9,-26
25,-285,-35,11,-45,-18
11,-314,-31,70,-41,4
2,-251,-43,9,-56,-63
-4,-295,5,-15,-43,-51
17,-285,6,-74,-27,2
42,-286,-29,2,-6,13
-19,-294,-22,15,-37,-20
-39,-290,-4,73,-17,104
-9,-345,-61,-49,-56,18
-7,-330,-55,-33,14,46
-13,-344,-42,-12,-21,29
2,-333,-60,6,3,-34
-19,-309,-59,11,-40,2
38,-346,-51,-20,5,40
15,-311,-74,69,87,-38
-20,-335,-37,-30,20,-15
-13,-342,-56,54,-15,-77
19,-341,-66,1,11,-62
24,-349,-21,67,-11,11
14,-385,-64,-38,-21,84
-4,-388,-40,-10,-54,-56
-10,-364,-55,30,-6,18
7,-384,-31,-67,15,-75
-24,-409,-77,-67,-38,-10
23,-350,-53,18,18,19
8,-379,-43,14,62,-8
-13,-369,-54,42,-29,-70
7,-400,-70,34,33,-40
-9,-395,-73,-4,3,-21
10,-352,-71,-96,-62,-20
-13,-392,-68,-20,-95,47
-3,-393,-52,15,-43,17
12,-415,-50,-2,-51,-99
-22,-395,-52,39,-31,-15
-6,-397,-30,5,-11,-77
28,-356,-54,-20,-50,36
10,-408,-45,62,46,2
17,-390,-53,-3,-51,-7
-48,-390,-11,0,-39,6
4,-397,-75,-7,13,99
-8,-390,-62,4,-33,-7
-6,-390,-84,14,0,60
3,-406,-95,-10,-14,2
15,-373,-71,-119,-50,57
36,-398,-82,33,-70,-4
-30,-368,-67,84,-15,-103
15,-377,-84,-62,23,-88
5,-385,-74,38,53,-21
-33,-425,-50,-5,-37,-16
-0,-399,-92,5,22,-41
32,-428,-91,8,-12,26
-17,-392,-60,32,-3,-46
3,-373,-68,-4,-2,21
-7,-397,-70,15,26,37
65,-371,-39,47,31,-34
47,-380,-98,62,-18,-23
-16,-384,-38,-66,-12,-43
8,-398,-65,-104,-4,3
-37,-409,-58,47,50,2
33,-400,-111,-26,102,-14
12,-384,-43,-22,5,29
-34,-384,-64,51,-17,3
-1,-391,-75,18,-18,-13
-1,-403,-52,27,-19,-83
17,-373,-60,-46,1,-99
-17,-373,-63,-43,-13,-48
27,-388,-60,-53,15,-18
-27,-354,-62,91,57,-31
6,-390,-55,26,4,146
-29,-388,-67,-3,26,-27
23,-387,-74,35,-20,81
56,-388,-43,-10,57,-8
-4,-402,-67,26,20,-15
-33,-338,-31,17,2,5
8,-362,-99,44,-0,-46
-25,-344,-58,9,-5,15
-29,-337,-32,-1,49,62
-46,-331,-65,10,67,-5
-3,-343,-41,67,-20,-27
-3,-312,-14,-20,14,-12
29,-321,-30,29,-3,-45
25,-329,-8,25,-9,-86
-22,-323,-37,-26,3,-49
23,-340,-24,6,-21,57
23,-314,-34,-75,7,13
-14,-318,-23,22,-22,91
31,-315,-14,12,-21,-57
-22,-303,-7,37,-55,-14
-17,-303,-32,15,7,-19
-6,-315,-53,-40,-28,39
7,-299,-32,-35,-9,-17
14,-251,11,128,23,-62
22,-265,-29,70,-74,13
23,-250,20,-0,-8,-26
-16,-260,25,-69,-17,-24
-9,-266,7,-76,44,9
-20,-284,-19,-38,33,43
3,-266,-42,14,32,12
15,-267,-13,-38,-102,-39
-6,-261,15,-20,35,-6
-46,-267,-11,-46,38,-40
-40,-194,1,-14,36,6
46,-221,9,-1,-56,14
-15,-213,6,37,-40,38
8,-232,-10,-51,-83,-11
2,-244,31,1,15,-23
-18,-211,23,30,-18,13
-6,-224,49,14,-4,30
5,-199,27,-106,31,-42
30,-224,19,-28,49,28
18,-219,9,-38,11,47
-11,-173,4,-22,38,2
13,-165,-23,-2,84,-31
13,-169,25,-31,-135,-20
-14,-171,46,52,-37,-52
-14,-171,50,54,21,-70
12,-162,29,-14,44,-4
6,-191,44,65,-31,-45
-12,-155,73,7,25,69
-36,-178,54,54,-45,60
2,-156,18,33,13,-15
-21,-178,63,-11,15,-13
6,-134,69,-7,57,28
-23,-146,19,-25,-37,-97
47,-117,53,28,4,-19
20,-136,43,38,4,-8
-32,-140,66,-31,-24,-12
-27,-124,68,-47,4,-74
-25,-81,74,29,-5,12
24,-126,80,-44,-30,-60
-19,-129,79,-17,53,-0
21,-116,40,-5,-4,-70
-7,-96,82,37,11,24
16,-103,56,21,-58,-19
3,-149,73,-72,9,86
24,-77,61,-36,78,-3
9,-120,69,-91,-49,3
8,-132,69,-20,98,14
-14,-103,60,-27,-8,-14
9,-116,64,-51,19,-4
-3,-126,113,48,-26,96
14,-113,78,-44,-5,33
-3,-99,90,-124,2,-41
14,-129,69,-3,16,2
-36,-89,116,28,1,88
-28,-122,91,31,63,43
-20,-67,106,-50,44,45
8,-108,70,-57,13,-60
-14,-124,74,28,25,55
-24,-123,81,54,26,30
36,-112,100,-17,-13,3
19,-103,97,0,6,11
-17,-92,93,77,-111,-36
-16,-84,111,15,15,-23
44,-114,48,62,-54,53
-7,-124,64,-33,29,-10
-13,-93,91,-52,66,29
-1,-129,107,3,-43,-1
-57,-150,89,-37,-68,-71
-1,-79,56,-4,-33,39
-18,-86,75,-8,-11,41
29,-121,51,43,-15,1
1,-77,57,20,24,-18
-22,-154,49,-58,54,-9
30,-137,60,-14,4,36
13,-128,91,-22,29,-6
-2,-161,52,14,-15,64
-16,-133,94,-1,29,10
7,-173,65,-7,48,3
6,-167,65,13,-14,30
22,-144,78,5,-70,-23
-2,-135,53,-14,65,32
-1,-148,35,-23,8,-71
-22,-148,45,-21,-48,19
-12,-156,49,-32,17,35
-13,-133,33,53,89,-24
35,-161,33,-38,-14,44
-8,-144,61,3,41,8
-25,-172,20,24,20,21
25,-174,51,21,10,-11
1,-164,39,-58,48,6
-37,-167,42,20,36,82
-1,-208,55,-26,18,43
-2,-205,18,-56,-30,-56
-4,-199,45,17,-65,28
-18,-205,49,28,-72,60
-35,-197,-6,40,51,-4
-14,-203,32,-56,-5,-36
6,-222,-5,-48,-56,54
-1,-248,19,16,58,19
11,-219,53,29,-25,3
-13,-259,23,40,-5,-29
11,-218,12,-35,-4,1
1,-267,25,-9,60,-5
57,-248,21,-51,-19,-29
4,-257,3,-15,66,-18
-1,-280,3,13,-14,8
-50,-254,-14,23,6,-21
-21,-265,-8,-4,-28,-44
-1,-259,4,-6,-3,2
-6,-271,-16,-8,19,35
1,-294,7,24,19,-43
23,-276,-34,-5,26,37
-2,-295,-6,16,-4,39
42,-306,-32,70,-25,-14
4,-290,-49,9,39,-22
34,-320,-19,4,-33,2
7,-304,7,31,-57,21
9,-309,-4,-25,-55,-27
20,-303,-41,-77,37,-54
2,-327,-57,-26,6,-46
29,-363,-45,25,-9,20
-15,-311,-35,-3,-9,27
54,-340,-43,34,19,37
-15,-286,-61,46,69,-78
11,-334,-35,-29,-52,11
29,-310,-81,22,18,-11
2,-363,-18,74,34,40
-24,-333,-32,17,-6,56
14,-330,-62,2,-44,-53
-20,-360,-77,-7,50,-37
-21,-386,-56,43,-48,-5
42,-399,-70,-26,14,25
-17,-385,-26,-58,-28,14
-4,-340,-62,6,-40,22
27,-386,-61,33,6,-15
-13,-346,-65,-32,-19,-6
-31,-390,-61,-117,-15,7
19,-384,-63,-47,43,56
-37,-420,-31,-57,-32,19
2,-375,-67,16,-2,-19
-36,-386,-81,-2,10,-18
-14,-373,-89,48,15,-14
-1,-375,-68,-26,-42,-22
22,-385,-49,-49,-24,87
-8,-384,-68,-23,21,-6
-8,-417,-47,15,-26,36
17,-384,-88,61,-48,49
1,-424,-61,-53,40,-32
26,-350,-92,58,71,17
4,-390,-41,6,47,12
-23,-404,-60,8,34,-12
17,-407,-29,63,-1,-30
16,-393,-99,86,3,43
13,-428,-61,-8,-52,68
-30,-381,-80,-53,-50,-45
-22,-400,-76,-72,80,48
3,-398,-67,-106,3,40
-16,-376,-87,-19,-19,41
-3,-446,-76,19,-41,29
3,-396,-99,-50,-45,89
-52,-416,-67,31,10,-26
-16,-399,-94,4,-12,49
-1,-409,-65,-52,-92,-15
-4,-393,-83,1,-64,-3
-22,-396,-85,-18,1,31
-22,-401,-41,-13,-6,-61
-22,-399,-86,-38,-18,-37
-3,-403,-70,-36,44,39
-19,-401,-69,37,23,12
13,-378,-56,-1,43,15
21,-375,-78,-33,-8,-30
-0,-351,-132,-2,18,-12
8,-371,-21,-21,-15,25
6,-387,-100,-51,56,7
9,-372,-57,21,44,-54
21,-370,-33,-28,13,-15
-12,-358,-39,-16,23,-51
-28,-386,-50,-57,-3,34
33,-372,-55,9,-19,38
-18,-365,-93,52,-56,-19
9,-347,-54,-5,-36,-33
12,-362,-17,-70,-24,57
8,-349,-91,-65,-8,72
-0,-346,-83,-99,5,-33
-14,-343,-59,-59,87,49
-18,-321,-54,46,12,-73
-3,-354,-39,-75,-2,-38
-18,-335,-52,-77,-28,68
24,-350,-32,-17,30,8
15,-333,-40,-55,2,-63
19,-325,-48,26,-5,-97
2,-329,-31,55,10,31
-24,-354,-15,17,-16,89
-49,-281,-92,71,-6,-52
6,-277,-14,-89,-24,-27
-9,-312,-47,51,72,-58
-21,-281,-13,41,35,12
2,-282,-19,40,35,-41
-5,-328,9,-18,-25,-42
21,-298,-47,-49,-8,-25
-25,-260,25,-45,-15,-17
6,-273,8,19,-14,-41
-26,-302,-26,4,15,41
-8,-286,4,-45,-8,-24
9,-251,3,8,23,-41
-16,-285,-18,-27,-11,4
20,-244,23,33,49,-33
-3,-248,-23,-18,-10,-24
2,-253,-16,-25,-17,36
-4,-205,17,14,13,23
-9,-251,32,-3,-18,5
-8,-236,29,-47,-10,-21
-27,-207,-16,8,66,-9
-9,-222,9,-1,50,-5
-2,-199,1,-29,-32,29
2,-191,21,52,25,66
16,-183,55,-27,56,11
33,-176,39,10,65,39
-40,-186,-7,21,3,-10
27,-187,41,10,114,-8
-13,-161,79,-34,37,-78
-8,-169,24,-33,6,49
-35,-201,59,31,-24,12
41,-162,34,31,35,-5
-6,-154,56,2,-20,8
7,-152,55,-11,18,54
-11,-192,81,7,28,-19
21,-142,52,25,13,-46
4,-140,-6,-30,1,42
4,-195,62,-13,14,41
33,-141,93,-30,59,-11
-49,-148,44,-8,10,38
31,-131,42,-13,39,99
17,-143,102,5,-37,-35
31,-153,56,-9,-19,17
-13,-124,67,29,-50,49
3,-101,55,49,28,-4
-14,-163,42,25,6,94
-28,-122,89,81,-34,21
42,-165,34,22,75,78
9,-146,42,10,5,52
-24,-125,65,4,57,6
-11,-152,70,-4,-4,52
41,-117,50,12,20,47
-9,-107,50,34,-43,-12
-1,-94,56,21,-23,10
20,-113,91,23,-18,69
15,-107,73,-8,58,9
-9,-101,61,-8,-48,-24
-1,-144,45,-18,31,-6
17,-123,69,-24,23,13
-5,-132,64,0,-16,-10
-7,-109,89,-15,-3,33
5,-109,54,36,-18,15
7,-84,68,10,13,0
13,-101,84,-22,-71,-20
-1,-83,87,-16,-10,9
34,-138,87,-7,-62,-57
5,-89,55,-35,31,41
38,-140,72,-7,-94,-2
38,-112,59,-30,-77,-32
0,-95,81,41,-33,7
1,-105,78,-36,-20,-11
-20,-149,50,1,-55,27
-31,-142,77,34,-11,-22
-8,-125,58,-58,28,32
-27,-111,61,11,-69,5
10,-156,77,-78,-27,29
-32,-117,70,50,-78,-63
33,-129,67,-31,45,57
-0,-94,64,12,59,-32
-34,-118,63,44,15,43
-38,-151,30,41,70,-12
-7,-92,83,-8,37,-62
-21,-134,89,-4,54,-4
4,-178,143,17,35,-74
-1,-103,40,-26,-68,20
2,-160,22,2,50,27
-22,-124,67,-8,-28,5
3,-170,56,33,61,25
10,-136,29,-43,18,48
18,-195,59,36,42,24
-12,-150,38,-7,91,40
-4,-159,73,27,-1,-4
-5,-115,64,66,-23,-21
24,-157,28,-21,101,-4
-16,-165,44,7,56,7
28,-173,44,-7,-11,55
31,-176,55,-44,24,36
-23,-147,51,44,11,35
9,-160,35,-38,7,76
-32,-208,49,70,13,26
3,-181,26,-42,79,3
19,-170,16,50,3,-58
1,-215,31,5,-32,-20
-13,-246,41,56,-9,-14
-3,-190,23,6,-19,26
17,-216,20,-12,10,17
28,-229,7,-40,-50,-26
-5,-214,15,-18,-81,-24
-48,-285,38,50,-9,-80
-38,-216,44,-8,0,25
24,-239,25,9,106,-27
38,-209,43,-51,-83,-34
10,-240,-8,-17,-25,87
36,-279,9,37,-53,28
-29,-240,11,14,-14,-15
7,-252,-12,-70,38,16
11,-286,-9,-32,12,27
28,-253,-12,30,61,-53
12,-291,-72,24,5,34
10,-278,-35,87,-32,-50
-30,-286,29,88,14,35
-1,-290,-0,-12,-4,-53
-43,-302,-53,-35,-1,-5
-2,-298,-24,-28,2,16
-23,-315,-38,-42,21,-9
39,-306,-7,54,-5,-34
-4,-310,-39,40,-34,29
7,-313,-14,-0,-8,23
0,-355,-24,-44,-34,23
-17,-304,-36,-32,-36,-37
8,-357,-47,9,-36,27
6,-271,-13,20,-33,-79
-15,-359,-46,-96,-77,10
-12,-340,-32,41,-30,11
-18,-354,-23,-38,-15,-53
-6,-326,-30,30,-10,-20
-6,-356,-42,4,43,35
17,-340,-56,-32,-11,25
22,-378,-59,16,-23,27
2,-386,-65,14,9,39
4,-395,-51,43,-99,15
13,-360,-52,-9,41,-38
3,-348,-44,28,-2,-42
21,-349,-44,-16,64,28
-1,-385,-37,-36,-4,46
8,-375,-66,5,-5,-21
2,-372,-97,53,-3,-15
42,-389,-37,44,40,-20
-1,-430,-58,71,-38,42
-2,-359,-59,-73,4,6
1,-386,-99,-11,-48,3
-17,-379,-98,-63,35,72
15,-395,-83,-69,-92,33
-33,-428,-83,-4,42,-85
-10,-388,-71,10,-61,-53
7,-455,-72,-27,-82,7
-25,-382,-39,38,17,18
24,-444,-41,71,-52,-63
7,-398,-112,27,12,18
-17,-396,-68,6,-33,-1
14,-424,-63,26,-69,12
-18,-430,-58,-42,9,39
-1,-395,-77,11,-18,16
23,-406,-67,42,58,-93
-6,-417,-99,-75,3,79
1,-346,-79,-20,-7,26
-26,-413,-65,6,48,-8
38,-397,-78,-97,-4,-37
-11,-417,-81,7,24,-48
-4,-378,-103,-7,-50,-32
1,-407,-63,-18,-54,-33
0,-399,-75,-17,-111,20
11,-395,-79,17,34,-29
12,-363,-114,-47,26,-55
-8,-413,-24,5,-13,-61
-32,-403,-53,24,0,44
33,-418,-23,-46,38,7
-0,-373,-59,-39,-11,26
30,-357,-85,17,62,-22
-20,-419,-69,49,-30,-61
0,-390,-101,-86,-29,-15
-6,-410,-57,21,30,46
12,-388,-64,24,-2,-49
-5,-357,-85,11,-34,-29
19,-367,-89,1,-20,-54
-5,-347,-34,-46,-9,11
-9,-389,-58,-34,10,8
24,-364,-22,7,69,-50
26,-368,16,-2,-57,-16
-9,-382,-80,26,84,-66
9,-336,-61,42,58,-19
3,-363,-18,-36,13,36
-3,-354,-19,14,24,-27
7,-356,-59,21,-46,-49
-23,-366,-22,20,8,-0
-4,-342,-61,1,58,-26
13,-365,-26,37,-32,-14
-0,-314,-43,-4,-69,2
-0,-272,-20,-58,46,55
-2,-342,-61,22,-26,-10
15,-314,-24,125,-34,-6
-28,-315,-16,23,-10,42
4,-309,-69,71,29,32
-21,-314,-24,-38,36,-29
-19,-265,-28,-55,5,-48
31,-287,-32,2,56,-15
-6,-299,-3,16,15,20
28,-284,-19,-27,-48,12
-6,-267,-38,-52,15,15
41,-297,-24,23,2,27
-17,-296,-17,20,-46,-24
20,-255,-24,-19,19,34
12,-286,21,30,28,42
5,-263,-0,-6,-41,-42
11,-242,-9,22,6,27
-16,-244,-0,114,-30,12
14,-235,21,16,62,8
7,-229,15,60,-22,13
18,-276,8,54,53,34
15,-210,10,50,14,-100
-11,-225,-19,-55,8,-38
6,-224,-4,66,-95,-19
20,-216,19,92,-26,33
1,-199,41,-4,25,47
-4,-203,28,29,-28,-14
16,-228,-5,110,25,-80
14,-190,67,79,-8,-51
0,-218,24,36,29,-10
-19,-208,42,-7,-32,28
4,-173,46,12,2,19
-11,-184,48,64,25,8
12,-194,53,26,-9,54
5,-171,33,-11,3,8
2,-169,34,-19,-31,64
-5,-163,45,-18,-42,-1
-25,-160,22,6,-37,-50
-10,-137,63,-78,72,-58
-43,-178,66,-39,65,40
-19,-142,55,-54,8,46
14,-163,35,19,23,-20
19,-159,58,-9,-5,13
50,-135,40,13,-62,-25
5,-118,50,24,76,14
6,-154,97,-82,-12,-3
-0,-132,67,6,9,49
4,-147,41,-108,-28,49
2,-110,45,-12,-61,84
18,-121,78,37,-90,-5
15,-134,92,42,-6,68
14,-144,65,-30,20,-31
-5,-131,79,-42,-13,0
-39,-124,42,19,-25,19
-10,-77,68,-3,-63,15
24,-87,73,22,19,-57
-14,-113,48,-67,-20,11
-14,-110,57,8,34,23
10,-71,69,3,-24,68
22,-96,105,-50,-1,16
12,-148,64,45,-51,23
25,-100,54,33,-16,-17
30,-129,49,-15,43,-56
-4,-144,50,-35,-45,-34
-7,-108,87,-69,16,-58
2,-127,82,28,-32,-36
-16,-100,80,-35,-32,37
-7,-78,89,-30,17,-17
-31,-109,48,-39,71,-74
-45,-108,94,29,8,-21
-7,-116,65,42,71,6
-0,-87,94,-102,5,59
-26,-99,55,0,-66,-14
-15,-103,86,-2,-7,-55
-20,-106,101,13,58,-58
-4,-123,106,-30,75,0
-20,-119,77,53,43,53
33,-124,94,-13,78,15
-28,-148,91,-22,6,23
12,-130,96,21,9,-51
-12,-154,60,-9,16,12
-1,-109,100,1,69,-60
-7,-110,73,8,-69,57
22,-140,43,-78,60,-6
11,-105,71,15,67,16
15,-156,61,-51,-17,6
8,-140,70,-36,27,64
4,-83,42,-6,-78,11
-25,-129,60,9,3,-21
-8,-108,47,-88,-6,18
-0,-151,70,-50,82,14
11,-172,32,34,-1,13
8,-188,71,-3,-0,46
12,-214,45,25,-20,-6
27,-193,27,-80,28,-17
10,-157,58,-42,-24,-25
20,-132,82,20,8,-18
-8,-168,20,-40,-27,19
-55,-152,47,-38,-27,-42
-11,-165,26,-43,-27,44
-19,-169,7,-46,101,55
-20,-178,36,-44,17,-11
30,-163,10,-1,54,-22
17,-165,0,-4,-40,-56
-16,-224,-3,48,-45,80
19,-187,9,15,25,-59
-9,-200,9,-14,-3,34
16,-230,2,54,40,87
-10,-236,5,52,-5,-10
-6,-219,30,34,-4,5
36,-231,-17,-42,-82,73
-6,-246,14,-11,26,-2
-15,-242,4,35,-63,-33
4,-185,-2,-49,3,-2
-19,-244,1,-2,-86,-64
26,-211,12,-53,-12,55
10,-254,7,-58,28,7
28,-254,-14,15,-74,-27
-29,-307,-11,-18,-30,-9
16,-266,-27,-98,-90,-33
-19,-301,-6,9,9,-21
-22,-280,-38,10,35,4
4,-282,5,17,95,93
19,-304,-13,41,5,-26
-21,-308,-33,-86,-28,-44
-17,-287,12,-22,-16,-2
10,-277,-30,-20,3,-5
17,-308,-5,-80,-36,-17
24,-325,-6,55,3,21
17,-294,-10,19,106,101
45,-325,-8,-13,-10,-6
1,-300,-18,25,17,-101
-12,-320,-30,7,-41,8
-31,-319,-14,22,7,-22
20,-320,-14,5,59,29
26,-349,-67,-42,-51,-2
34,-361,-16,-103,59,11
-13,-370,-44,22,-12,37
-17,-343,-34,-10,-18,6
2,-378,-27,-94,79,-7
-0,-380,-52,8,23,-45
-14,-343,-49,-11,39,-4
12,-322,-47,63,42,15
12,-386,-48,0,-27,20
6,-374,-89,72,49,23
6,-378,-33,-64,-57,29
-27,-359,-50,24,-40,55
-4,-397,-65,16,72,-143
11,-401,-93,10,35,-5
-17,-401,-78,-16,69,30
7,-380,-41,63,-11,-39
21,-410,-45,-28,-18,-23
-2,-413,-63,31,10,-2
21,-388,-101,-37,3,-1
3,-394,-90,19,-58,-9
-16,-348,-42,26,-5,-43
26,-412,-80,24,-5,-40
-29,-380,-55,-52,-49,-36
6,-402,-69,8,-17,-27
-15,-430,-71,-10,-38,-14
30,-404,-51,38,-76,-74
22,-397,-92,4,15,-57
-6,-394,-84,42,-35,-21
25,-392,-28,-30,-16,45
-6,-414,-78,-47,-81,24
39,-425,-62,3,75,5
6,-394,-48,8,26,-2
-21,-412,-82,18,32,-11
30,-411,-74,24,-37,22
-13,-454,-41,-2,-5,66
-4,-400,-54,43,-57,18
-18,-399,-101,6,-15,-53
-3,-401,-52,1,36,-33
20,-406,-89,-33,20,-40
-18,-430,-92,-21,27,38
-35,-404,-80,6,49,-60
51,-414,-63,-36,-47,4
-1,-383,-46,29,-2,54
5,-405,-72,20,-23,-83
-35,-406,-95,-80,-5,-31
-8,-385,-44,13,-65,54
-26,-407,-40,92,15,45
15,-380,-66,-80,-45,-6
-6,-411,-32,33,18,69
-13,-362,-47,-7,-47,72
-16,-363,-50,-40,45,49
-2,-385,-62,-71,-6,-1
17,-365,-82,20,97,5
2,-389,-84,40,8,-2
-16,-374,-21,-0,-36,13
-5,-337,-51,40,12,51
-35,-407,-24,-43,17,19
-2,-384,-74,-62,24,-57
-0,-381,-45,-37,23,-7
10,-351,-4,19,-5,22
4,-330,-50,23,41,18
1,-349,-55,-44,24,18
7,-314,-48,2,27,45
-4,-322,-30,31,-17,27
-5,-333,-43,-6,-15,47
-33,-335,-32,-65,42,-38
15,-333,-33,32,-7,44
17,-301,-2,-68,32,-62
-15,-311,-5,-30,-24,-39
16,-330,-25,32,-0,-0
-9,-326,-11,18,35,15
16,-302,-6,58,14,5
29,-306,-29,73,44,-67
37,-310,-17,-14,12,45
-13,-283,-30,7,34,-25
15,-279,10,-13,-47,60
22,-295,-23,-39,20,-8
-21,-258,4,30,9,3
25,-268,-12,11,37,44
-1,-209,8,-10,16,-26
-19,-251,-6,-3,-11,1
-15,-272,8,-19,-83,-5
13,-278,-29,-13,5,32
14,-248,-12,-16,-52,2
15,-219,-37,28,36,54
39,-280,9,-2,-30,66
-27,-242,34,28,91,-7
-37,-221,7,25,42,1
-7,-218,15,10,-6,-21
-19,-248,10,3,11,-12
-22,-238,30,20,-0,16
-20,-228,27,2,13,39
-2,-189,36,-34,113,85
7,-185,43,21,-30,51
9,-211,78,-28,-27,49
-17,-168,47,-48,-15,-23
-16,-208,40,36,-5,15
-4,-183,36,-9,-7,28
37,-135,48,-26,62,42
-25,-159,68,4,-38,-27
-36,-188,41,-26,-22,-80
3,-156,42,-8,2,-21
-12,-171,53,-31,-8,14
6,-166,50,-32,-45,30
-24,-160,87,-6,0,8
-24,-180,66,31,63,-66
16,-137,55,-73,-30,-20
11,-180,61,18,14,41
-12,-144,72,4,48,38
2,-122,67,68,34,11
25,-153,51,111,-15,-6
-17,-144,71,3,-34,83
-4,-124,64,-30,-104,55
23,-136,66,-29,-31,-45
26,-107,60,-6,59,15
28,-134,68,-14,30,8
-3,-141,59,-18,20,31
18,-131,52,48,-56,-68
-40,-132,35,-80,-57,-23
9,-122,87,29,-15,-43
4,-127,83,-72,32,2
-7,-114,57,-76,-17,24
1,-100,92,22,17,-24
-18,-88,54,-85,-35,-19
0,-123,94,15,34,-9
-1,-117,74,72,17,-47
-23,-101,99,1,-18,-14
-39,-98,86,-10,-35,-59
-12,-86,81,-57,60,-3
1,-124,79,-8,-4,48
-19,-114,77,8,82,-4
-10,-123,51,53,-56,-33
22,-67,68,6,51,-28
0,-84,81,-19,-13,-17
-4,-57,77,-46,-20,40
-1,-136,69,-65,53,11
36,-48,68,-15,50,25
-17,-138,86,21,-15,-14
8,-102,71,22,-25,-1
10,-114,63,22,-9,18
-9,-156,79,33,-5,37
-31,-82,69,-29,-39,-23
8,-129,47,-29,71,-14
32,-117,29,22,-40,-13
31,-117,77,11,44,22
36,-123,43,-26,-17,-30
-15,-156,97,-22,15,-18
28,-162,72,-12,5,-35
1,-147,44,-53,-10,89
17,-89,65,-22,44,34
35,-124,66,77,29,64
-18,-145,92,34,-44,-55
16,-127,91,-107,-29,-85
3,-158,42,-12,13,14
3,-145,56,11,26,-26
29,-128,39,61,11,-8
7,-150,42,-22,16,-28
26,-155,75,44,-45,33
-10,-170,61,-4,-18,40
-0,-155,45,17,-29,-27
1,-185,57,39,-24,7
3,-211,13,-6,10,-69
-0,-185,47,-38,-26,-0
-14,-165,23,45,33,-40
10,-161,43,36,73,32
-20,-190,31,-12,-18,-47
-10,-196,5,-93,-50,48
17,-173,17,61,-40,-14
19,-199,29,-60,-20,46
32,-216,33,-15,77,2
-17,-220,57,-33,38,-17
10,-218,-8,64,-65,-49
20,-220,47,-18,109,-85
-9,-202,-11,64,-42,-27
16,-249,36,-41,-41,11
-18,-245,9,55,-27,76
15,-235,5,54,11,-48
50,-241,12,30,-28,-39
10,-236,-19,80,-43,18
-0,-244,2,-43,43,6
-3,-265,-3,-87,-24,-52
28,-303,-1,-3,56,43
26,-262,-12,-49,-25,45
-13,-256,3,-14,4,23
10,-270,-13,38,-29,-64
13,-270,-31,-27,34,-42
-7,-279,-21,-53,31,35
-31,-305,-8,29,11,99
7,-285,-1,-65,80,-78
31,-315,-20,17,56,-2
-12,-298,-79,-10,105,-15
-25,-277,-36,11,-11,-17
26,-326,-22,43,44,15
1,-310,-18,-0,26,34
13,-357,-73,-0,72,50
8,-299,-35,-7,-43,-40
25,-316,-37,-109,-24,-29
21,-341,-48,-13,-41,-13
23,-342,-57,-35,-39,18
-38,-346,-56,34,10,43
26,-351,-51,72,18,-43
4,-345,-35,-1,-3,55
20,-363,-12,-26,93,8
19,-411,-61,23,-78,27
-18,-371,-53,-5,17,27
-27,-415,-58,86,-37,33
-1,-325,-38,-10,41,4
10,-354,-43,-48,-77,74
21,-322,-26,-36,-3,-42
24,-423,-51,-16,-5,17
-5,-395,-66,-32,-16,20
18,-388,-81,57,-6,19
-25,-377,-86,21,22,29
-1,-386,-92,40,39,25
-33,-368,-69,77,-15,-7
-37,-376,-76,22,-19,-31
-41,-389,-63,90,33,-47
-9,-393,-66,-8,-52,65
6,-415,-55,-48,-71,35
-22,-394,-88,58,-24,68
-4,-415,-104,17,26,46
-7,-423,-61,5,42,-2
13,-412,-69,6,-41,3
2,-371,-98,63,-38,47
-14,-358,-50,-8,-29,11
-37,-389,-80,-94,3,5
16,-416,-73,93,-30,-43
-2,-456,-54,110,28,24
-6,-412,-64,74,-17,62
-10,-388,-64,-48,39,4
-15,-387,-41,-16,-46,-11
-10,-406,-102,33,50,22
2,-404,-23,-34,-63,22
3,-381,-104,-39,38,44
-11,-405,-76,-68,-8,8
-8,-423,-53,60,44,39
-0,-378,-71,-41,118,-3
-3,-398,-58,29,-36,-44
-14,-381,-56,41,13,-37
-8,-364,-114,16,54,-20
-41,-380,-43,-20,74,63
-10,-389,-66,22,1,-7
-19,-369,-95,-93,-0,17
-19,-353,-47,15,-77,5
-2,-369,-71,-24,37,-59
-7,-368,-72,54,30,-34
-3,-389,-97,-38,-105,11
16,-367,-61,1,33,47
26,-431,-57,35,-5,-6
-7,-378,-65,-35,-31,-51
-24,-369,-43,28,0,26
-8,-357,-76,-20,-10,51
9,-370,-78,20,-21,27
-15,-368,-27,-52,0,-14
-8,-377,-77,25,51,1
2,-345,-45,20,29,-50
23,-363,-63,-37,-32,-51
1,-347,-66,13,-20,-11
16,-346,-73,43,25,28
-12,-360,-56,19,38,7
-8,-309,-42,-25,3,4
-4,-316,-26,28,-26,13
-11,-339,-17,-7,31,-2
-15,-336,-37,-33,-48,-40
-13,-318,-21,-32,22,68
-2,-331,-48,2,10,22
0,-348,-3,74,5,61
-22,-290,-32,-29,22,-56
-6,-301,-44,2,4,-13
-13,-303,-27,-9,48,7
-5,-322,-6,2,-40,-25
25,-266,-21,2,29,-40
-12,-288,-39,-68,-46,7
9,-294,-14,15,-6,-36
3,-297,-41,14,12,-13
-14,-243,6,13,-22,-27
11,-262,-20,-32,8,64
-19,-261,-24,-26,19,78
-6,-253,-1,-11,-43,-38
25,-297,0,75,-6,23
-22,-237,-15,90,-16,38
-17,-251,1,7,-28,-9
-25,-254,13,10,-63,-8
1,-246,-5,15,-40,-33
-11,-221,23,-65,31,-47
-8,-242,20,-17,3,3
39,-235,38,-29,-75,69
-19,-239,35,-37,-28,46
19,-236,46,3,17,-3
-25,-244,5,-4,40,-35
23,-249,33,6,-0,28
-7,-207,25,-49,7,5
-33,-191,16,-65,48,14
-13,-198,28,-25,32,-9
-20,-205,37,-66,24,-35
-15,-218,23,16,-68,-5
14,-176,60,-21,11,90
-32,-178,18,-61,99,42
12,-149,5,-8,23,-55
-36,-166,58,-60,0,-50
18,-174,37,26,19,-44
9,-151,57,-17,11,-100
6,-137,59,-5,1,-12
39,-169,16,-66,61,16
-30,-154,46,-6,5,46
5,-135,56,112,-38,64
-20,-132,73,40,-14,-9
-22,-160,53,-9,51,-86
0,-146,76,33,35,60
-24,-164,78,2,-12,-6
4,-136,57,16,61,-12
-11,-135,87,54,19,11
-13,-146,72,26,-13,-115
26,-77,73,33,16,-41
46,-95,62,-2,39,-28
-10,-97,93,7,-9,-44
37,-168,57,-4,-37,44
41,-146,61,-14,47,30
47,-110,52,3,28,64
23,-146,76,51,18,47
10,-77,83,52,-12,57
8,-129,54,8,55,45
3,-115,55,23,66,-22
-12,-127,63,-31,-52,-10
-7,-135,101,-19,35,-13
28,-123,91,14,-18,-109
-0,-85,60,-1,58,29
7,-110,53,-20,31,23
11,-85,83,46,39,-63
34,-104,73,31,27,-27
3,-96,51,51,-64,42
-27,-120,91,27,-29,-9
-11,-103,65,21,-30,-5
-1,-90,127,-9,-7,51
0,-72,24,-18,-39,-28
-9,-114,89,-55,5,-41
2,-106,60,19,41,42
13,-117,65,-66,49,38
10,-101,52,-41,-11,23
-22,-119,44,-71,25,-0
-22,-107,81,48,-0,32
30,-107,62,24,26,46
9,-126,60,35,42,2
4,-96,65,-13,40,-16
-8,-128,61,15,28,-17
-26,-131,88,-7,3,4
8,-99,45,-21,-23,54
-2,-134,61,2,-69,-8
-11,-117,59,-3,15,58
19,-123,57,66,20,10
-7,-116,72,-17,-6,37
3,-124,56,35,-20,45
22,-146,15,-13,0,18
1,-151,60,7,44,3
6,-108,31,-20,-85,35
-14,-156,49,-38,8,-59
-6,-165,65,-3,2,34
14,-155,47,-13,-31,-11
4,-160,67,41,-44,52
16,-149,42,42,132,19
3,-160,58,-11,38,-12
11,-178,63,-49,-3,-10
35,-140,52,42,-58,28
34,-136,56,1,-49,4
2,-162,26,3,-5,-47
-28,-196,44,-37,62,-22
40,-195,9,48,-54,13
-11,-203,36,29,36,24
-37,-232,33,-20,35,75
-21,-235,65,56,43,-28
-2,-183,65,-55,63,-68
-22,-212,32,53,-40,-95
3,-212,-3,35,-56,96
8,-214,32,7,3,29
-28,-225,-17,104,43,47
-1,-229,7,-20,-3,-44
-11,-236,10,-24,-20,-15
-15,-223,-3,-39,35,-18
42,-253,15,4,68,-5
-36,-238,-24,61,-5,-3
3,-253,25,7,-43,42
39,-274,-3,5,-23,-20
43,-241,-28,-42,10,-27
23,-266,18,13,-10,69
10,-253,-21,-2,-19,-12
-21,-267,6,-10,-32,-33
11,-286,-18,47,-2,19
-42,-283,-45,-51,-6,-30
7,-288,-60,-31,9,10
5,-310,-10,23,17,-22
20,-271,-4,-6,-26,22
6,-263,-14,11,-79,-15
21,-300,-44,25,-101,-93
24,-331,-12,8,-1,24
11,-325,-14,38,-26,33
19,-320,-36,17,-15,-25
9,-316,-22,-6,-27,2
28,-324,-3,16,-46,-15
-8,-358,-54,-30,35,-2
34,-327,-31,-36,-47,-45
-20,-342,-42,-0,-14,-18
-19,-361,-65,-29,-25,-1
-10,-335,-64,-30,77,-22
-0,-344,-71,-19,-43,-10
3,-353,-66,11,150,29
44,-341,-58,25,62,50
5,-391,-33,34,-16,7
-35,-378,-63,79,45,19
-4,-350,-47,38,26,10
-5,-412,-65,13,-9,-46
15,-377,-43,-12,-24,72
28,-343,-62,-40,-59,21
54,-386,-73,-56,-40,42
-31,-398,-62,31,3,-51
9,-370,-66,-61,-16,-65
-13,-416,-43,-91,41,-77
12,-368,-44,25,-1,-109
27,-370,-39,26,71,17
-8,-412,-43,-81,-41,-10
17,-398,-98,57,25,67
22,-375,-71,-12,28,7
32,-412,-68,-5,-16,-45
-3,-400,-113,-77,-30,44
-30,-410,-62,64,-43,-10
-13,-388,-81,74,18,104
-8,-444,-71,3,-54,-30
9,-407,-103,-1,7,-48
-19,-404,-82,47,-27,9
-4,-398,-101,-44,-65,68
-30,-408,-70,16,-83,7
-26,-400,-60,6,10,-30
-16,-381,-118,1,24,-4
12,-436,-71,-13,26,-27
11,-410,-59,46,66,-3
20,-445,-52,-3,-20,42
2,-426,-68,2,17,-25
-39,-352,-71,-41,-56,-8
-4,-399,-58,75,37,17
6,-383,-31,31,26,-96
15,-379,-86,4,80,17
-15,-409,-56,-18,-71,26
9,-378,-62,-35,33,57
-13,-399,-58,-6,15,12
11,-406,-69,-9,-33,-13
-24,-387,-75,18,-15,22
-17,-427,-46,20,-50,7
-17,-362,-83,-11,44,-39
12,-373,-51,-41,80,1
25,-380,-83,84,31,37
9,-405,-71,93,-20,-43
15,-362,-56,45,-43,14
3,-386,-87,58,-0,54
-9,-352,-64,51,27,47
-31,-358,-44,-61,-19,-83
-1,-342,-69,-35,-21,-38
-25,-350,-52,52,-12,21
-0,-350,-65,-53,67,-4
28,-332,-59,-1,2,42
14,-381,-66,30,12,46
3,-312,-55,10,-9,22
16,-360,-60,12,29,10
-37,-368,-77,-1,-29,-74
4,-311,-65,-77,18,9
34,-351,-9,2,-77,-30
19,-321,-33,7,-3,15
8,-343,-2,6,-14,-21
-23,-332,-13,49,55,12
21,-291,-57,40,68,46
-8,-317,-31,61,-20,-6
-22,-316,-61,-62,1,44
-24,-280,-1,-6,94,-65
31,-271,-39,-40,-16,-90
13,-301,-5,2,-17,9
-3,-331,-49,-23,42,36
13,-275,-6,-13,3,22
-14,-265,-20,21,-41,28
-8,-244,3,-36,28,-25
24,-315,-14,-23,93,17
-29,-288,9,-32,-58,3
-5,-263,-56,17,21,-13
-28,-278,-20,56,-8,35
1,-262,6,25,-28,81
8,-247,17,-67,-90,-33
42,-267,14,-18,-24,-6
-3,-252,4,58,-13,-36
7,-220,20,85,-7,33
-2,-229,-15,33,26,130
-5,-234,20,-34,-13,2
-12,-241,-6,-4,-30,23
-2,-198,30,-15,30,-16
10,-234,4,1,-103,13
-29,-221,18,9,93,13
24,-160,56,3,16,-97
-37,-218,50,81,-47,-21
-16,-205,37,-27,17,15
-7,-162,14,55,2,-4
-3,-183,16,31,77,-25
-24,-182,36,-31,-12,115
-20,-191,45,-75,-95,-54
-11,-158,70,-0,-84,5
4,-196,21,-11,47,-38
13,-173,24,47,-32,84
7,-123,55,-4,-28,-13
-26,-171,31,-66,39,-64
-30,-180,46,-5,-27,28
-9,-160,62,-23,19,-52
1,-145,15,-69,19,-2
20,-134,51,76,-19,13
-3,-124,42,-65,-30,-67
18,-119,72,-16,-2,-11
4,-169,40,-9,-17,-33
-3,-129,93,53,12,13
17,-101,81,33,36,2
-34,-129,65,37,18,-30
-15,-116,59,44,18,24
3,-158,78,12,27,71
27,-118,68,-61,15,17
7,-135,69,-32,73,2
23,-131,78,-5,-13,-48
13,-125,85,20,1,26
-12,-132,56,10,1,-58
-11,-113,38,34,23,-13
-8,-120,79,-5,41,-7
0,-146,115,3,11,72
12,-99,54,26,23,-22
8,-112,86,54,-19,75
18,-115,72,-61,1,-41
18,-99,88,-13,45,7
-20,-124,52,-8,-19,41
12,-134,66,-73,-14,46
10,-110,56,-19,5,60
2,-86,34,19,8,36
23,-66,60,-1,-4,45
-3,-126,92,19,77,-45
-11,-128,46,-31,4,-70
-9,-125,68,47,-81,-66
-12,-118,55,-4,4,-12
-24,-106,98,23,30,-38
-41,-97,58,63,4,-23
-18,-123,69,-16,0,-1
10,-140,78,-5,14,-31
17,-146,44,-81,-1,33
16,-123,74,-37,-11,-7
-40,-120,86,13,55,27
36,-125,93,-9,-4,47
-44,-94,64,-10,-35,57
-15,-116,4,-12,-15,-16
13,-91,71,-5,-43,-125
9,-148,91,-1,-9,57
8,-105,74,33,7,-47
6,-142,91,13,-16,-41
-43,-158,21,19,-27,-2
24,-103,52,50,-14,6
-12,-134,48,11,47,22
-4,-119,64,-50,59,-3
-1,-132,62,-17,-11,-20
-5,-149,50,32,34,-24
9,-123,34,-74,-47,6
2,-163,36,77,-37,-30
18,-153,36,8,-0,-36
29,-183,58,34,17,18
25,-157,54,22,-12,-9
-14,-135,18,6,-53,71
-13,-177,6,-25,12,-49
-6,-163,63,-9,-70,14
23,-187,8,-1,-10,-55
42,-187,6,41,20,4
35,-183,72,-3,-68,-82
5,-196,9,-105,-54,-3
19,-201,30,6,2,49
5,-223,21,-18,4,27
-0,-188,19,-9,18,43
18,-215,28,52,-4,13
11,-216,-5,22,56,-4
-10,-209,9,-52,6,-68
36,-251,-16,39,-22,-29
18,-251,28,117,-56,-124
7,-266,9,22,17,-33
-29,-243,14,-32,21,-61
23,-264,-5,69,-52,-36
4,-232,-3,-2,-5,3
-19,-246,-37,68,73,30
-14,-291,-0,-65,-5,-37
-9,-275,-36,35,-82,-45
11,-265,3,21,8,-84
-41,-282,-15,-51,-27,-24
23,-307,-17,-13,92,45
21,-294,-4,51,-39,18
6,-267,-33,26,-50,54
1,-271,3,1,-17,-22
30,-323,-3,-75,41,-80
18,-285,-26,5,-9,9
-16,-338,-21,-12,52,6
8,-314,-19,-25,54,32
34,-306,-42,-29,-12,106
19,-335,-29,-37,12,-45
-16,-304,-40,-27,27,-6
-11,-315,-43,-94,-3,-35
-15,-322,-48,5,2,40
30,-360,-31,16,-12,-48
-27,-341,-51,53,-15,19
36,-329,-30,-14,61,-11
-11,-359,-68,-49,29,-21
10,-337,-12,55,62,-53
-1,-366,-35,19,-22,70
19,-354,-58,-37,12,-36
-15,-387,-60,26,-34,-36
1,-380,-57,10,3,-69
7,-387,-21,83,-26,20
-0,-371,-40,37,-17,-24
29,-386,-85,-28,-25,56
-2,-382,-46,-24,-24,-1
14,-375,-70,26,-44,-26
20,-392,-31,21,-13,77
-34,-379,-78,32,-0,-14
-6,-412,-98,16,79,19
21,-398,-102,59,35,-6
-13,-359,-91,-66,-105,-57
52,-378,-75,-54,32,6
11,-417,-80,10,9,-2
36,-398,-54,-37,17,41
-0,-390,-80,-41,21,-12
-32,-394,-72,-49,18,27
-15,-382,-62,-57,-52,24
-9,-405,-74,42,41,59
24,-400,-84,50,-47,-27
-12,-371,-106,67,8,29
10,-394,-95,-14,-6,15
15,-409,-73,9,-41,10
22,-395,-98,33,13,-13
-7,-419,-62,-22,9,-1
9,-361,-66,-24,15,11
-35,-392,-62,-23,26,-35
4,-432,-82,-93,-4,-39
-35,-403,-68,33,14,-7
40,-398,-55,59,-35,10
12,-422,-74,66,-5,23
-10,-383,-70,-30,-18,-22
-14,-388,-97,63,77,10
-2,-423,-103,-56,-40,65
2,-421,-78,-49,-50,53
12,-354,-113,69,-37,2
31,-388,-53,-48,16,-6
2,-401,-75,43,-64,-40
-41,-397,-72,-21,-0,-49
4,-397,-91,18,-59,-7
16,-385,-63,72,-13,-49
60,-396,-87,-81,-8,5
10,-393,-54,-21,-33,48
7,-364,-67,-35,-25,34
6,-356,-55,-2,-76,-48
9,-368,-51,-20,20,-38
-0,-377,-60,36,-23,-13
-2,-380,-36,-23,11,12
13,-390,-38,40,91,-14
-35,-397,-55,13,-5,20
9,-358,-40,-36,13,22
27,-338,-73,-27,95,56
12,-352,-12,17,27,14
-45,-335,-33,5,90,42
-9,-354,-27,-20,75,9
13,-345,-10,34,32,48
1,-348,-82,-14,27,-69
-26,-348,-32,-3,-17,-23
-19,-294,-56,-63,35,13
-12,-321,-34,11,-21,59
12,-297,-55,-26,-48,32
-1,-300,-30,34,49,28
-26,-327,-10,13,-26,7
-0,-306,-25,36,-38,-20
0,-315,-61,-39,67,63
20,-297,1,-4,22,23
11,-322,-25,23,17,18
-2,-288,-9,16,-23,-34
10,-288,-43,25,15,-13
27,-270,-17,-44,-17,-16
37,-272,-8,56,9,22
-15,-276,-52,-56,45,50
8,-268,22,31,20,18
16,-243,-49,-17,38,120
-11,-238,-26,87,39,-4
29,-277,-2,-34,-24,-63
6,-234,-3,14,43,43
12,-251,0,-6,51,40
6,-237,4,-47,53,17
12,-234,-3,14,18,-6
12,-218,17,-23,28,-16
23,-231,-17,-1,-18,-58
-4,-207,-13,-51,-46,-64
-12,-212,-3,46,1,-31
19,-207,-1,27,-10,19
-31,-211,22,-64,-38,95
-10,-234,23,6,-26,-58
-21,-173,12,-13,34,-24
11,-188,21,-48,-10,-22
-11,-182,35,-4,-20,-1
23,-159,54,19,75,14
-5,-162,55,-65,34,16
6,-188,26,-35,-16,60
-3,-194,28,5,53,37
6,-218,26,39,66,60
-13,-179,38,11,-13,-7
-12,-160,76,-25,-22,30
9,-142,90,36,9,13
1,-157,47,11,13,10
-17,-146,63,11,71,-18
-10,-126,76,15,1,-27
10,-98,65,-23,-38,29
-3,-105,78,-4,29,-3
13,-128,49,-122,43,35
36,-101,46,-15,26,-6
17,-152,78,70,-91,-16
26,-160,58,-14,-16,-64
-4,-110,39,56,-0,-29
-30,-130,76,26,53,-44
-10,-144,63,73,18,49
13,-137,42,90,-64,-6
22,-105,83,-34,-16,-17
-7,-141,44,-13,29,61
-24,-93,77,-43,73,-53
-7,-147,73,14,-56,38
-37,-100,51,22,-18,8
-19,-104,68,23,-58,5
-5,-97,107,-7,45,25
11,-52,74,-86,23,44
-16,-122,59,47,21,-10
8,-81,87,-38,13,41
28,-92,80,-51,12,36
-8,-101,81,7,60,-52
10,-130,86,1,-11,33
21,-101,89,-62,-30,7
-26,-102,72,37,6,-30
-6,-101,56,-1,61,-37
9,-124,85,0,3,9
-14,-142,74,82,57,-13
15,-101,52,12,-51,12
24,-90,75,1,-11,1
16,-120,74,44,-27,32
23,-67,75,17,-1,28
-23,-115,84,66,56,-7
2,-115,17,-41,26,32
-0,-141,81,12,-21,-47
-5,-114,45,-32,-10,77
-20,-73,69,-64,-68,-4
2,-111,63,10,-10,-24
21,-108,45,42,94,-16
6,-148,61,-6,-25,-20
0,-128,52,35,-11,22
7,-129,64,-7,5,2
9,-110,54,17,8,-28
7,-136,38,73,19,22
3,-150,46,17,11,7
21,-139,66,-4,-3,-33
4,-146,67,60,57,-19
37,-139,52,-2,-19,25
-0,-161,60,9,-44,49
-2,-133,75,-2,-77,7
-45,-154,47,-58,32,-19
31,-159,27,-3,42,4
-31,-145,43,-45,-62,58
-17,-177,39,33,51,36
30,-179,33,-67,51,-5
3,-166,58,12,-9,-12
-23,-190,26,-36,35,16
-19,-178,19,19,11,-53
1,-204,10,-36,-101,21
13,-165,1,-9,6,-5
-17,-175,41,-30,26,82
-14,-195,9,-15,15,27
-4,-210,35,-5,25,-5
6,-231,26,49,-22,-4
-29,-211,21,5,-14,36
5,-198,21,17,-64,-40
11,-209,5,-58,113,-74
-5,-197,35,-16,68,42
1,-261,21,-25,3,55
-7,-241,45,-6,12,-32
-13,-218,3,62,-9,9
5,-236,17,12,-28,-23
11,-231,8,-22,-99,-11
18,-256,8,30,1,5
-24,-219,13,24,-19,49
14,-306,0,-36,8,90
36,-318,-16,-20,-50,-58
33,-263,-9,-38,-70,34
-5,-249,-29,24,-1,27
17,-311,-22,-21,21,-5
-26,-274,-12,21,23,24
-10,-266,-36,12,24,-22
-2,-308,16,-42,-23,39
19,-304,-74,-38,21,32
32,-302,-9,42,34,70
-5,-298,-43,54,47,56
-7,-294,-23,-9,-10,1
-23,-340,-43,45,-34,-4
-6,-308,-55,-22,5,1
7,-312,-31,15,-14,-54
27,-332,-40,-49,48,19
-1,-312,-22,11,2,92
68,-347,-49,35,-11,38
19,-294,-49,-30,17,-29
5,-368,-50,-25,61,10
3,-361,-52,-41,-52,62
14,-361,-37,7,-28,-2
-21,-346,-52,1,22,-3
-9,-370,-60,-22,-40,-48
24,-355,-83,8,-19,-94
-11,-392,-82,34,21,0
-3,-367,-59,14,-16,-136
-17,-329,-72,-26,-10,-35
-25,-339,-66,-52,44,-44
-38,-371,-32,57,63,-1
24,-403,-78,-21,12,-98
17,-379,-57,8,-32,54
10,-401,-37,44,44,-23
26,-402,-89,-37,10,-53
-7,-431,-102,-68,-6,-11
-21,-397,-83,-5,-14,24
-19,-416,-60,67,-63,49
32,-413,-42,-5,-37,41
23,-378,-66,-9,-25,34
-25,-384,-57,-11,20,-19
20,-391,-112,-40,-12,4
-14,-404,-53,-10,-18,32
-2,-390,-74,-18,36,-77
-10,-418,-56,-99,44,-85
14,-426,-67,-12,17,12
15,-400,-82,30,15,-27
10,-429,-91,41,-91,-100
3,-446,-71,-39,-32,18
-15,-376,-72,17,37,-24
29,-450,-89,-14,-8,6
-4,-388,-70,51,-46,-56
18,-362,-76,-3,-65,-42
21,-404,-100,-9,14,-31
-15,-429,-92,-12,0,18
-12,-421,-67,82,75,20
5,-400,-63,7,2,-9
-15,-383,-103,-0,27,-32
11,-414,-68,16,-0,-38
17,-408,-73,58,54,13
-35,-350,-70,57,-55,78
8,-416,-85,92,-42,7
-12,-407,-62,42,8,59
10,-395,-85,-62,-24,115
-13,-366,-75,-45,-26,-14
9,-409,-83,22,14,14
14,-389,-33,-11,-41,26
16,-378,-46,-57,-5,-23
-6,-380,-73,9,2,-8
52,-372,-70,28,23,11
-9,-347,-78,52,24,-3
12,-364,-57,1,64,-20
-56,-377,-68,-30,9,-53
-9,-387,-70,-22,-61,7
17,-375,-35,51,1,23
-53,-352,-98,30,-41,-47
-45,-345,-70,-5,-24,-12
12,-351,-47,-4,2,-23
5,-345,-63,9,-55,-51
11,-317,-36,39,8,-3
20,-352,-40,57,-55,-15
-7,-344,-55,24,-6,11
-33,-330,-37,63,35,-25
-42,-322,-30,-30,13,87
-45,-355,-22,-62,41,20
-28,-368,-37,-90,-17,46
-13,-334,-4,80,50,-16
39,-290,-9,35,41,25
-1,-325,-22,-29,129,-77
-16,-294,-45,5,-47,-73
-3,-298,-48,38,20,23
17,-298,-6,23,-4,-11
-5,-293,-28,-29,46,14
4,-280,-43,61,-22,-59
-13,-289,12,-45,49,42
1,-299,-12,4,-54,59
-14,-284,-21,-44,-7,15
10,-267,-30,-0,10,32
-41,-239,-6,41,-21,39
11,-208,6,-43,-83,-2
-26,-253,-27,53,48,-17
-10,-219,15,-84,7,-70
-14,-277,17,-40,-51,65
31,-253,-8,4,24,47
-14,-216,29,-15,-31,4
-10,-220,19,-24,-58,18
6,-227,37,-9,18,11
14,-201,-1,-1,15,9
-18,-178,53,-31,-46,-41
-43,-209,-32,-14,8,16
-2,-182,20,-48,-39,-58
18,-235,47,-5,36,18
37,-191,-1,-14,-9,-13
27,-190,26,39,67,61
-7,-184,-16,-18,-67,-18
11,-192,21,-104,30,-32
-14,-174,40,17,47,8
-29,-181,53,-51,35,-23
28,-196,34,33,-16,16
49,-168,15,-33,-24,8
-10,-169,30,-40,-37,42
-24,-147,48,22,4,-11
1,-145,29,-26,-34,16
-19,-108,76,41,56,-51
1,-150,19,1,1,-14
-29,-156,55,-31,-62,40
9,-139,47,-4,-1,-8
47,-105,76,-41,-37,17
22,-144,102,-22,-19,24
23,-170,78,-79,-6,-6
-24,-149,74,-5,14,-17
-4,-143,71,-20,-30,-46
-42,-122,73,-54,-26,47
-30,-123,57,-22,-94,-67
5,-103,58,5,8,-89
8,-143,97,60,1,-27
5,-100,98,-22,47,58
-10,-121,60,16,-49,50
8,-101,86,30,-21,-35
-14,-83,74,-27,-3,31
-30,-68,88,32,46,48
23,-85,64,-13,67,17
-25,-121,64,-129,28,31
-3,-102,75,-2,1,18
6,-81,60,47,-25,1
7,-120,54,0,48,-39
12,-118,81,-17,29,-18
12,-112,85,-46,23,91
-1,-97,62,-51,27,46
6,-100,98,72,-30,53
-19,-120,103,60,36,-47
5,-104,121,-90,-35,39
-14,-102,51,-21,-14,-60
-15,-111,27,-7,-51,2
3,-103,47,-34,-11,-87
40,-129,53,-9,-80,-45
-68,-122,46,17,20,-49
-43,-114,67,39,-89,-14
6,-92,52,26,-8,-36
6,-107,116,29,18,-36
-25,-128,101,-15,8,-40
14,-122,70,23,16,-28
-7,-116,47,25,-7,10
-5,-106,57,-24,41,58
21,-98,45,-19,14,-38
18,-165,81,-59,-37,-36
-15,-119,78,-4,42,16
21,-142,56,66,-90,38
-6,-121,66,-31,-30,-3
-20,-110,58,85,-27,-8
-19,-121,65,-49,28,-87
-12,-121,32,-60,42,-28
-42,-149,48,-102,45,3
1,-145,52,10,-80,-2
6,-162,29,20,49,-39
39,-135,47,1,57,5
-25,-153,33,-24,6,12
36,-156,34,46,-6,-5
58,-158,102,-80,-17,2
7,-158,51,-9,-34,3
19,-126,39,-74,-1,30
-19,-179,23,21,4,-56
-26,-168,87,-9,13,42
12,-162,43,-24,-105,-46
-3,-196,23,53,29,-22
11,-247,42,24,21,13
0,-240,55,0,3,16
-37,-195,15,-18,67,-33
-8,-233,12,-69,36,32
-6,-155,40,15,53,46
-4,-211,36,7,7,12
-12,-191,4,-12,-80,-21
-5,-202,27,-0,-21,57
30,-238,-1,54,91,-9
-48,-261,-12,16,-2,38
-14,-233,35,-10,-34,-21
23,-241,-5,11,-57,-68
20,-262,5,25,-10,-16
-13,-209,15,45,-23,71
12,-246,13,29,38,9
-8,-250,-9,-4,12,-63
-3,-225,-3,-30,16,-53
-23,-261,1,-26,-55,-36
-7,-267,22,14,-75,25
-5,-293,-16,28,14,-9
15,-257,7,61,74,-28
-13,-269,19,15,-57,-16
-18,-272,4,34,-21,-30
-17,-244,1,42,-7,7
-45,-300,10,-15,14,-48
-23,-311,-45,43,-58,-45
-8,-322,-0,-25,-17,22
-26,-309,-31,37,-94,-60
18,-321,-36,45,2,-5
-6,-308,-64,-34,20,24
25,-319,-53,-15,-47,-66
-21,-322,-72,-17,9,-64
25,-325,-53,-42,37,-13
-6,-311,-78,-27,-35,-23
6,-334,-2,-106,37,-7
-2,-333,-39,19,2,-45
-9,-354,-42,2,9,18
27,-346,-40,-25,-31,-30
5,-386,-48,34,-2,-19
5,-344,-61,-63,-3,21
-12,-326,-36,-24,28,53
-6,-336,-36,-39,-7,71
20,-373,-75,6,0,30
-10,-367,-76,26,-121,11
-14,-436,-42,-50,-15,-34
-16,-384,-46,-10,39,47
6,-391,-88,5,-43,28
52,-397,-91,-84,6,-19
-9,-402,-97,9,-3,-52
1,-438,-77,35,13,-18
19,-396,-74,95,-9,12
49,-368,-104,68,-33,-34
16,-375,-27,-116,54,-22
11,-391,-67,-23,-40,50
-16,-408,-91,-4,32,6
13,-427,-70,2,57,-0
14,-393,-110,-32,9,-29
7,-417,-78,21,-46,-9
4,-436,-100,-10,13,-53
-6,-360,-66,51,-14,32
35,-422,-91,-43,-2,58
16,-435,-74,-1,52,14
-67,-402,-76,-17,29,-17
-5,-424,-78,-102,64,-18
8,-442,-93,21,25,-32
-0,-384,-55,30,-23,29
0,-415,-96,-1,79,32
14,-383,-71,29,-72,-9
17,-406,-74,9,-12,-14
-24,-428,-77,-46,3,12
-14,-411,-85,-32,63,38
-6,-435,-102,-2,-12,-4
27,-394,-76,22,-13,26
-23,-408,-86,16,-22,-78
-20,-398,-70,16,-36,21
3,-387,-61,41,-56,-23
-11,-372,-64,7,-42,-25
-6,-404,-81,13,-4,-15
10,-401,-68,-65,38,51
-4,-378,-69,28,-3,32
-13,-390,-22,-32,24,-5
18,-396,-95,48,46,-48
-18,-354,-99,-51,-33,-12
-10,-359,-64,55,-7,15
21,-380,-48,-44,-24,5
-41,-344,-50,3,19,3
11,-383,-56,-31,7,-82
5,-358,-100,-1,39,-43
7,-379,-67,-26,0,28
16,-344,-42,12,32,-25
13,-357,-62,-33,33,17
-10,-334,-77,38,-4,29
10,-363,-36,-48,3,-16
22,-369,-16,-30,62,11
-1,-355,-36,-23,69,19
-20,-369,-86,-6,26,-22
30,-286,-41,-44,20,-5
-5,-337,-87,76,25,-5
20,-335,-61,2,29,-62
14,-320,-37,20,-3,23
32,-326,-18,-8,23,13
-22,-275,-1,-2,2,34
5,-303,-19,0,59,42
8,-314,-23,-33,-20,-33
23,-290,1,-0,-35,-36
-7,-286,21,24,-68,48
-13,-258,-12,-34,13,10
6,-281,-7,44,0,6
-3,-311,-19,38,-17,18
-9,-301,-27,-31,47,-76
-0,-292,-42,-4,-13,-68
24,-264,-10,-10,-50,18
-24,-260,-25,7,-19,-37
15,-276,7,-46,-73,-17
-12,-253,15,42,26,-4
-38,-267,11,-20,49,10
9,-245,-12,39,-33,6
-9,-261,-11,-2,-35,2
51,-240,35,-30,-28,-52
6,-225,37,-64,51,28
-9,-246,-23,-2,-28,-27
-23,-213,13,-53,60,-14
3,-236,13,28,-10,-18
55,-181,10,67,-114,-3
-22,-179,5,-41,-9,51
-11,-227,19,65,43,5
4,-238,30,-3,-10,34
21,-149,41,35,-57,-21
-48,-168,39,-11,-19,28
-26,-161,41,10,48,4
-23,-182,39,37,26,92
15,-195,29,32,35,-2
25,-186,48,27,18,-93
-0,-196,61,30,39,42
4,-188,56,18,-49,16
-6,-165,25,58,13,-44
-2,-163,41,72,-53,34
10,-198,32,3,70,-8
-7,-136,65,55,10,-2
-5,-168,56,-48,-14,-38
-20,-168,28,42,46,-19
4,-124,36,-3,71,56
-51,-124,62,2,56,4
13,-129,28,40,44,6
-23,-139,70,-0,-24,20
29,-112,69,-5,55,-35
23,-174,54,13,-9,3
7,-113,93,-1,64,58
5,-145,45,19,-8,-35
-2,-113,77,27,-58,-62
3,-117,104,-19,29,-31
-17,-151,42,-55,28,49
14,-105,98,35,66,58
22,-81,40,-50,38,-27
-3,-103,85,-106,-10,37
-4,-110,109,-37,-18,8
22,-104,97,-5,-25,63
32,-127,94,-32,-89,-33
7,-96,88,-50,28,-23
8,-145,61,-17,-31,18
20,-84,99,-48,47,-15
-39,-110,83,3,31,97
4,-94,107,27,29,4
-35,-110,53,37,-15,42
-16,-111,82,50,65,45
18,-101,82,-91,64,2
-25,-148,63,-39,60,-23
28,-85,51,-21,28,19
18,-96,68,-9,7,20
-7,-74,101,31,-23,-5
-20,-121,101,-8,-52,-13
1,-123,111,-49,-19,-21
-8,-117,62,33,32,-49
-6,-147,47,46,21,-23
17,-105,71,12,12,17
4,-128,102,-17,60,67
39,-110,64,-50,30,7
13,-147,86,16,9,13
4,-101,97,2,37,-15
9,-107,37,-72,28,-46
-12,-149,67,59,-24,22
1,-131,49,22,-65,-1
-50,-122,72,-5,18,-12
28,-130,55,-28,36,-71
-1,-133,54,-16,37,39
-4,-96,83,-6,7,-20
12,-138,16,5,-43,34
8,-105,47,7,-44,-8
-15,-137,77,-57,-68,-74
-5,-157,62,-9,31,14
19,-174,79,33,-26,25
1,-167,65,-10,15,34
-14,-155,78,30,24,38
3,-146,47,-68,1,3
-39,-157,38,48,37,-13
-22,-193,33,30,12,15
-2,-169,44,-19,-31,-30
-5,-172,49,3,-90,1
-3,-186,34,8,-37,21
26,-163,36,-37,-36,-54
19,-171,8,20,-14,5
6,-210,33,-16,65,-5
-8,-207,27,-29,-19,12
-9,-216,28,3,-37,61
1,-197,29,5,-11,3
-22,-201,-3,-15,27,14
-6,-228,-9,13,-14,-27
-6,-241,26,-42,-9,23
-6,-181,34,-77,13,12
-13,-259,-8,-5,20,19
-15,-205,33,-31,-88,-12
-6,-240,19,59,-13,8
-17,-236,-13,21,-11,75
-0,-237,-4,-43,33,-19
38,-267,21,75,39,22
5,-259,9,-17,-24,4
22,-235,-18,-32,-9,25
1,-285,-18,35,17,22
3,-294,-32,43,-40,-10
-10,-258,38,27,34,22
-21,-314,-6,-80,-12,-16
0,-295,-42,30,28,-33
-23,-283,-9,17,-24,-8
11,-293,-42,-8,-11,-49
-23,-313,-63,-32,-40,25
2,-306,-30,44,23,121
-20,-323,-18,30,-35,21
33,-303,-59,-36,67,12
13,-324,-68,12,-17,-19
14,-325,-50,-90,2,15
24,-315,-42,-12,52,22
45,-322,-49,57,1,-8
1,-331,-61,49,-105,-57
-12,-341,-20,-28,39,4
-23,-328,-47,65,17,-15
7,-341,-74,-49,-21,6
-4,-361,-25,-15,27,32
13,-350,-77,-27,11,-27
1,-366,-43,32,27,10
30,-392,-56,-15,28,28
2,-384,-58,19,53,49
-8,-333,-49,-28,-4,18
-8,-368,-78,12,-52,0
35,-391,-51,-1,-0,19
-7,-378,-52,17,15,5
-8,-368,-47,-60,-25,53
37,-392,-55,-65,-11,48
10,-379,-92,-19,-15,43
-3,-367,-93,9,33,46
19,-361,-61,12,13,-14
14,-372,-83,38,-20,64
24,-410,-77,-2,-27,32
5,-368,-56,-4,-19,21
15,-401,-54,28,-10,-45
29,-413,-42,41,17,-48
-20,-392,-78,-61,-43,32
-25,-397,-86,-41,9,-25
-18,-371,-79,-47,-39,63
-22,-406,-70,-10,-76,38
3,-399,-66,20,-54,-52
-2,-395,-66,-26,-49,-39
12,-390,-77,-39,-21,58
-8,-415,-82,48,-64,-20
26,-381,-76,57,52,77
10,-374,-54,42,-55,-58
1,-411,-97,26,10,61
-29,-413,-65,-33,-31,5
7,-409,-74,24,38,-33
30,-393,-74,20,-33,-26
-31,-403,-64,33,11,25
14,-408,-86,-7,5,40
-6,-394,-74,20,-22,33
5,-405,-97,16,85,18
14,-407,-57,8,40,-61
12,-404,-51,-41,-43,48
12,-388,-58,-17,-9,28
-16,-377,-57,30,-40,48
17,-367,-59,47,-124,-15
-15,-385,-66,-22,-42,-11
-2,-398,-67,23,48,10
2,-427,-67,40,23,-18
12,-364,-49,58,-11,48
14,-382,-61,17,14,-22
-3,-386,-77,-57,5,-24
6,-387,-45,-18,-1,22
32,-359,-60,-43,18,-69
3,-339,-32,-12,24,-84
-30,-360,-29,46,8,-25
-14,-385,-31,68,83,-3
24,-339,-19,60,32,-37
-9,-363,-51,31,23,13
36,-353,-81,-33,6,17
-40,-331,-39,-80,-16,-61
-11,-320,-42,-1,4,15
7,-353,-44,22,-30,-86
0,-351,-57,6,-0,-21
-8,-329,-1,-19,-17,7
-26,-304,-31,19,59,7
-17,-356,-48,-22,-75,43
-17,-299,-34,50,-98,-44
-6,-327,-50,-30,48,53
-7,-317,-1,8,-33,37
5,-301,-27,-19,-22,20
-28,-296,-95,-9,46,34
1,-283,-10,-20,-16,31
-36,-311,-14,13,-34,-47
11,-269,-1,0,20,31
1,-281,-15,-16,-44,6
6,-275,-8,62,-5,-14
13,-258,-11,-45,-27,-111
6,-228,-28,-2,-10,-69
-30,-250,5,4,17,-36
5,-259,-8,20,8,-21
12,-231,17,-50,67,8
-11,-230,-16,-33,34,10
-5,-270,21,-65,54,-56
-27,-270,11,-18,22,24
7,-235,30,-22,12,-19
-34,-256,2,-16,-7,23
10,-212,-8,-53,47,-29
9,-251,16,8,-5,-37
8,-236,5,-63,16,52
-16,-223,18,-16,-31,-26
32,-197,11,48,-15,8
9,-218,24,-55,30,17
-6,-186,-7,-11,13,-32
-23,-206,65,5,23,-21
-27,-215,25,11,19,26
18,-206,12,50,-72,-86
5,-168,16,38,-30,10
5,-229,64,-7,83,-38
-27,-178,23,2,-68,-26
8,-188,24,-54,-40,-20
-26,-166,42,28,51,61
-9,-139,46,-144,44,19
25,-172,40,-1,-44,-32
3,-167,37,-78,11,12
6,-178,44,26,-43,1
26,-161,60,-1,-24,-84
16,-186,74,-44,29,51
-9,-166,16,-20,-4,57
-2,-141,43,-58,41,-14
1,-141,57,45,27,-0
1,-156,75,8,-35,47
-31,-178,70,37,39,44
-28,-123,74,18,-41,26
18,-161,83,29,25,45
-14,-146,42,43,14,-5
25,-166,25,11,-82,-5
-8,-115,41,-13,31,99
-19,-151,86,1,-41,-44
20,-106,60,54,-23,-51
-23,-147,77,-69,-30,27
26,-126,84,-7,-20,8
2,-137,81,-17,-65,-17
41,-103,85,-7,60,67
40,-90,55,60,16,-22
-15,-104,69,73,53,-10
-7,-116,63,15,31,25
-19,-84,74,-22,65,-45
-16,-83,65,28,-65,33
-12,-113,53,-1,47,46
3,-73,89,-7,-78,33
13,-101,51,-26,25,54
19,-109,43,-32,-8,-64
11,-85,64,-1,-31,-8
-2,-127,54,-19,17,79
1,-121,69,36,38,-22
1,-138,65,54,-81,88
-5,-117,78,57,-22,-0
14,-127,41,27,7,17
-13,-111,94,-34,-21,46
37,-133,78,-22,-13,-23
25,-138,95,1,-62,-7
-26,-101,65,-7,31,-76
5,-100,88,32,-59,40
15,-118,62,-0,76,-20
12,-104,53,-6,46,-49
3,-100,71,60,-7,-89
44,-161,58,-23,-70,28
15,-145,44,9,29,-62
10,-82,57,-19,20,28
13,-165,53,4,46,46
-36,-164,47,-47,-6,15
20,-163,72,39,-44,-48
-6,-143,77,3,33,19
-3,-161,47,-13,32,25
23,-123,42,9,6,31
5,-135,61,5,-13,-13
-2,-149,62,-46,-18,-53
-23,-147,19,4,-70,-54
17,-163,45,-15,-45,36
-8,-148,73,68,-21,-61
3,-187,37,-33,-61,52
-11,-198,29,46,-39,4
19,-147,75,12,20,-26
32,-169,64,-30,5,9
4,-191,25,-26,-42,6
-13,-173,35,-30,30,-18
-5,-162,60,12,29,39
1,-223,48,71,-4,-53
-4,-226,-24,22,4,-23
-2,-183,35,-36,-12,23
-31,-177,3,-38,22,-68
-4,-215,22,-1,38,-10
-32,-217,14,-32,14,-107
2,-198,41,9,26,16
23,-205,43,46,-22,-44
2,-218,-15,80,11,-13
-39,-238,-16,-38,-67,51
27,-228,23,50,-20,74
-2,-223,8,2,40,6
12,-285,14,-7,128,-2
-0,-232,-4,31,-25,-20
21,-253,20,88,84,-3
9,-275,-3,32,23,-10
25,-246,-20,5,64,40
-9,-243,0,-35,-13,-44
4,-248,-11,19,63,-62
44,-273,-29,54,-3,42
-6,-272,-20,6,-12,62
-7,-308,-6,36,24,-14
36,-272,-9,18,-63,52
-23,-272,-28,-44,-47,-27
38,-314,-4,64,9,22
9,-244,-24,37,-0,24
10,-274,-42,14,-15,61
1,-350,-26,30,41,-5
-16,-312,55,35,72,45
10,-313,-54,49,-14,-5
-17,-327,-73,-2,7,-76
15,-323,-12,-24,-7,8
-4,-344,-29,27,47,-57
28,-356,-43,10,-47,89
-20,-339,-52,-85,-35,55
-7,-343,-62,1,6,19
-11,-357,-63,44,20,-14
-21,-341,-62,-65,31,-94
-0,-373,-33,4,23,29
-7,-397,-73,-17,-47,42
8,-347,-60,-24,6,81
3,-386,-32,-6,1,-43
-17,-384,-70,-38,-5,-7
51,-388,-59,25,-63,-28
-19,-394,-55,-4,21,72
-1,-368,-71,-39,54,72
19,-382,-41,-8,26,12
7,-388,-58,-33,41,-13
28,-372,-18,-16,7,-2
-25,-365,-87,9,2,85
-21,-391,-71,-36,-25,-9
25,-397,-44,-39,67,4
-19,-383,-65,57,7,5
-15,-399,-33,-2,21,50
5,-449,-80,-11,11,-50
-10,-400,-68,36,-18,46
-4,-404,-59,0,49,-18
18,-377,-66,-30,1,9
7,-395,-123,3,-10,37
32,-432,-121,-8,-8,-10
7,-382,-97,-4,13,20
41,-417,-85,-3,10,-54
13,-433,-86,3,-9,38
9,-412,-84,9,64,68
-14,-391,-94,5,65,40
9,-458,-64,-2,6,-20
-14,-389,-91,-70,25,58
43,-395,-51,16,4,7
-9,-400,-75,-9,40,-39
23,-403,-73,-45,-51,16
14,-452,-102,44,-37,-51
20,-399,-81,31,-25,6
-17,-394,-43,-85,57,22
-13,-397,-73,33,-8,98
-1,-409,-114,-13,-9,-35
22,-400,-57,-45,9,7
-9,-390,-88,61,24,-10
19,-415,-58,-20,59,-48
-40,-412,-86,-14,39,10
12,-396,-114,24,59,29
-18,-425,-53,4,-73,-30
-24,-411,-51,-42,2,8
8,-372,-60,7,3,-51
-22,-373,-51,-35,21,-31
-4,-382,-83,-69,11,-14
-27,-391,-63,-48,6,44
13,-377,-40,88,-56,-71
10,-390,-46,-73,-19,53
25,-333,-28,-43,48,-13
-28,-367,-32,-27,-18,53
13,-332,-67,-39,51,48
28,-345,-53,-8,5,-21
-41,-351,-34,-26,13,-27
22,-355,-41,13,25,-4
-21,-335,-6,-26,5,40
43,-354,-20,-14,4,34
21,-342,-41,26,13,73
19,-363,-56,-21,-14,-30
21,-334,-41,-71,-15,-19
-16,-356,-20,37,-2,56
2,-356,-35,-10,23,-22
-1,-306,-17,56,40,-78
-4,-283,-29,-14,-23,-23
-11,-337,-9,31,-44,-27
-23,-323,-13,13,30,94
19,-328,-23,3,46,3
30,-304,-6,-71,-14,6
-2,-283,-38,-50,-4,-17
-11,-295,-19,-50,14,21
17,-217,-23,-37,-51,3
20,-240,-19,12,19,-23
-17,-285,-46,45,-8,-85
25,-251,-25,2,63,26
-13,-260,25,-5,61,17
-25,-232,10,2,59,33
-22,-236,-19,-8,85,137
-12,-253,25,-33,-16,-36
-4,-263,41,33,-24,-49
8,-249,-8,65,-16,58
-9,-217,30,-0,31,2
-48,-217,50,63,49,-46
13,-230,12,-78,-35,-16
56,-185,23,-28,19,3
31,-189,20,-54,-7,-38
-17,-207,23,1,-53,-69
-28,-206,2,-20,39,-18
11,-193,41,65,91,-5
-21,-190,43,-16,42,33
9,-165,12,-16,-1,39
-12,-188,25,36,43,98
5,-206,51,-11,29,9
4,-147,45,58,51,2
-42,-176,36,-19,74,40
-7,-163,34,-15,16,-8
17,-193,65,88,50,41
-8,-155,55,12,-18,-65
-7,-180,35,-28,-30,-27
-2,-178,19,-76,20,47
-2,-159,41,-23,-0,-48
9,-153,81,47,6,-33
18,-133,60,-30,-25,-31
-1,-136,73,-13,30,14
-31,-127,61,-12,16,-43
37,-125,84,46,5,-76
13,-126,32,6,9,-46
15,-148,55,-10,-18,16
19,-125,52,-3,11,-47
-3,-147,75,-20,-13,87
-11,-96,88,25,-15,59
5,-135,45,-5,-7,8
2,-158,51,-30,4,10
-27,-126,80,-15,41,27
1,-2,-2,3,9,2
-3,0,2,-7,3,-3
1,3,-1,-1,-1,4
-1,-4,-1,9,5,4
0,3,0,1,7,6
0,2,4,3,-9,0
2,-1,-0,5,-1,-3
-1,-1,1,-2,-1,4
-1,-2,0,2,-7,-5
1,-1,0,-5,-0,-2
-1,-1,-0,-4,4,13
-2,-1,0,-5,2,-5
1,1,0,10,-3,-3
1,-1,-0,-13,2,-1
2,1,-1,-10,-7,-4
-1,-4,-2,-2,-2,-1
-1,4,-0,-1,5,-2
0,1,1,-5,10,-0
-1,-1,1,-1,-8,-0
5,-0,-1,7,1,4
96,392,311,2998,-1411,-2386
239,-226,139,3401,-940,-1228
162,1555,73,4591,-3929,1179
1080,637,987,6513,-1751,-895
-199,1096,619,9076,2118,592
586,914,1288,12161,833,-1119
1259,1470,836,15623,-214,215
1243,1771,1256,19302,1358,-1546
1917,2808,2287,23024,107,139
1168,3873,1541,26615,2143,-582
1711,4169,2569,29908,686,372
1701,3327,1447,32749,7868,886
2126,4383,1825,35005,-1841,-1375
1989,4798,2151,36570,972,-787
1687,4582,1852,37371,-845,-129
2474,4655,1489,37371,897,1347
1985,3887,2628,36570,-2641,654
1616,4486,2392,35005,1652,401
1176,4735,2014,32749,-1733,1210
2041,3865,1761,29908,960,-1574
1237,2296,1576,26615,1135,540
634,2765,1396,23024,770,1671
1272,2443,312,19302,-1934,419
1027,1774,1267,15623,-203,-1661
80,1559,839,12161,2402,-2037
575,882,-186,9076,245,-327
725,1076,321,6513,-1252,-4028
-937,-595,34,4591,-2060,-128
247,609,342,3401,-377,-1275
536,95,308,2998,600,2222
-1,-5,253,-1,1,1
-0,1,243,-2,-2,-1
-5,1,260,3,-4,1
-4,-3,256,-0,-1,3
1,-11,263,1,3,-2
4,-5,259,4,1,2
-6,-8,267,1,-4,-2
-5,-1,256,-2,1,2
-1,-5,255,2,3,1
5,-3,256,1,-2,-3
-3,-1,253,0,3,0
-1,-3,263,2,1,-1
3,-3,255,4,-3,-4
-8,4,252,1,4,2
2,-9,260,1,-5,-3
-4,10,243,-2,1,-2
6,-2,248,1,2,-0
4,-3,249,5,-2,-1
2,-1,264,-1,1,-3
-5,-2,255,-0,2,1
5,-4,247,0,-0,3
4,-5,260,2,5,-0
-0,-4,256,3,2,-2
1,2,253,-1,1,0
-3,-8,254,-1,5,1
-0,-2,250,-2,-1,0
-2,-1,255,-2,1,0
7,11,253,-0,0,-0
2,-2,252,2,-2,-2
-4,3,267,0,-1,-0
3,3,256,-1,1,-1
5,-1,264,-3,2,-4
3,-8,251,-0,1,4
3,0,261,2,-0,-1
-0,-9,263,-3,-1,-2
-1,-6,261,-3,-3,-3
5,2,258,-4,-4,-2
3,3,255,-3,-1,1
-12,-1,252,2,1,-1
-8,1,260,-2,2,-0
4,-1,258,2,-0,-2
2,9,256,-1,1,-0
0,4,249,0,3,-0
2,-4,250,0,3,-1
2,-6,253,-1,-2,-2
-3,-1,259,-2,0,2
1,-10,267,-2,-0,-3
-5,4,258,-1,1,2
-5,-5,254,-2,-1,-2
6,4,257,-1,-1,-0
-0,-7,256,2,-2,-5
1,2,258,3,1,1
-5,2,256,-0,1,2
-0,6,255,-1,1,-0
-4,-6,249,0,0,0
-1,0,252,1,2,3
-2,-1,250,-1,0,-2
4,-2,254,-0,-1,-1
4,1,256,1,-3,-5
5,-3,263,1,0,1
-0,-3,256,2,2,1
9,7,251,-1,-2,4
6,0,261,1,0,1
1,4,254,2,2,3
-2,1,253,2,0,2
-11,0,259,-1,-3,1
-1,2,253,-0,1,2
-4,4,258,-0,1,2
0,-8,256,0,-1,1
4,-4,259,0,-1,1
-2,-5,263,1,0,3
-7,4,258,1,1,2
7,1,261,4,-1,-5
-10,-4,255,2,-0,1
0,-5,255,1,1,0
-6,6,260,2,-2,-1
6,6,253,2,-2,-2
2,9,255,0,-2,2
1,-16,249,-4,2,0
-5,8,261,2,-2,1
0,1,255,-3,3,1
-13,6,250,-1,-1,-3
7,2,255,0,-5,-0
-4,0,260,3,2,1
2,3,262,1,5,-0
-0,-3,265,3,-1,2
3,-2,253,1,1,-1
2,7,256,-3,-0,-2
3,1,252,2,2,2
-2,-5,253,-2,-0,2
0,-4,264,0,-2,-3
12,7,257,-1,1,2
0,-0,257,0,3,4
-3,2,264,-2,4,4
5,9,259,0,3,1
1,-8,262,0,2,-0
0,-0,258,-1,-3,1
2,10,249,-1,2,-1
3,-3,258,-0,-1,-0
1,8,258,2,-1,4
-1,-3,262,-1,3,0
-5,-3,249,-2,2,0
-1,3,262,3,-0,-1
-2,-1,249,1,0,-2
2,-2,258,0,-1,-2
-1,-6,253,-5,2,-2
-6,-5,261,-2,-1,2
9,-5,256,3,-0,-2
-2,1,249,1,1,2
-3,2,253,0,1,0
-9,1,256,0,3,4
-6,-3,262,-1,1,2
-2,-4,254,0,-4,0
0,-1,256,1,0,1
-3,-9,261,-0,0,2
8,4,256,0,-1,-3
8,-1,259,-4,-1,3
0,7,263,1,-1,-0
7,2,257,2,-1,3
3,1,251,1,-1,0
-1,5,258,-0,-1,-3
-4,-3,261,-2,-0,-1
6,8,259,0,-0,5
4,-3,258,-0,-4,-2
1,-9,255,-1,1,3
3,-11,259,1,-0,-1
-1,8,257,-1,1,-1
-2,-4,256,-2,-1,-3
2,-0,260,5,5,2
-4,3,265,-0,-1,-0
0,8,259,-0,2,1
10,1,258,-1,3,0
3,-2,261,1,-2,3
1,-6,249,-1,-3,2
1,-3,256,-2,1,-3
-0,-6,264,1,-0,-3
-3,0,260,1,1,-0
-7,-8,260,0,1,1
2,0,253,-3,4,3
-0,8,258,-3,1,-1
-11,12,252,1,-0,-1
-3,-0,252,-2,3,-4
-1,1,254,-1,1,1
7,5,249,2,-1,-4
-7,-3,259,3,-1,-3
-2,-5,257,-2,-4,-1
4,-2,249,-2,1,2
-0,2,257,-2,-0,-1
2,2,258,-2,1,2
3,2,249,2,-2,3
1,-4,258,0,1,-5
8,14,253,1,0,1
1,-1,255,-0,2,0
0,2,261,-2,-1,1
3,4,249,-4,1,0
2,-8,260,2,1,-2
-9,2,261,3,-3,-3
-0,1,264,4,0,-1
3,-2,254,-1,-2,-3
5,-6,256,-4,0,3
-0,-4,262,1,7,2
-5,-1,261,3,1,-1
-6,4,254,0,3,2
1,8,254,-0,-1,-1
-1,-0,254,-0,1,-0
2,-5,248,-1,-2,-1
-7,1,243,-2,0,0
1,-4,255,-0,-1,-0
6,-3,257,-1,-3,-2
-2,3,252,1,2,1
7,-0,252,0,-0,0
-2,-0,270,2,-4,-4
1,-2,256,-4,3,1
3,-2,251,0,1,0
7,0,260,2,0,1
-1,4,264,3,2,-1
4,-1,258,-2,-4,-0
9,-10,251,-2,-0,0
7,10,255,-0,1,0
2,5,252,-2,3,-1
-2,10,265,-0,2,-1
-1,-1,255,-0,-2,-2
-0,-0,261,-1,-2,-1
-9,-0,263,-3,-0,-3
13,-5,256,1,-1,3
-3,-0,256,-1,0,-2
-2,-5,254,0,0,-1
-2,1,259,1,1,-1
7,4,257,-2,2,3
6,4,254,1,2,3
-2,-5,255,-2,2,1
-6,-10,256,1,-0,2
-2,5,243,-1,-0,-1
1,-1,258,-2,2,-2
-2,10,256,1,-3,-0
6,-1,249,0,-2,1
1,8,259,0,2,-2
-1,-1,261,2,2,2
-1,-3,253,2,-0,0
-0,-7,262,-1,4,-3
-0,11,258,-1,-1,-0
-5,-4,255,1,3,-1
-4,-9,254,-0,-1,1
-1,2,258,-1,-1,-1
-10,-14,245,1,1,1
2,6,253,-3,-1,0
1,3,250,-2,-3,-1
1,1,262,-1,3,-1
-8,-2,262,-0,-1,2
-3,-0,250,-2,1,-0
1,-7,253,2,-1,2
-10,-8,255,-1,3,3
5,1,261,-5,2,-2
-7,1,257,-0,1,-0
-1,-7,259,-2,-5,2
-1,3,248,2,0,2
12,2,253,-0,1,2
-5,-0,255,1,-2,0
-2,4,253,-1,4,-1
10,1,251,2,-1,2
-11,-0,260,3,2,1
0,6,256,1,-1,-3
-3,-3,260,-3,-1,-0
4,1,250,4,-0,1
-9,3,263,-2,0,-3
2,5,256,-1,2,-1
4,5,258,-2,-1,2
2,1,256,-2,-0,0
-1,-8,259,3,1,3
-3,-1,255,2,-1,-1
4,2,252,1,5,2
8,-7,258,-1,-1,2
1,-4,260,2,1,-0
1,4,256,1,1,5
4,5,262,-2,-1,1
7,-6,249,-1,-2,-1
9,-0,256,2,-2,2
1,-4,253,-4,1,0
-2,5,255,1,-0,-2
5,4,251,-1,-3,1
9,-10,248,0,-1,-1
5,-4,258,-1,2,2
6,6,264,-4,-2,-0
0,4,261,2,1,0
-0,4,253,-2,-2,3
7,0,254,1,-0,-1
1,-2,252,-1,0,-0
-2,-6,260,-0,-2,-0
12,1,252,-0,2,-6
-4,-3,256,1,-1,-3
2,-3,255,-2,2,-1
-3,11,245,-2,3,1
-10,3,255,-1,-3,4
-1,6,258,1,-0,0
-10,2,261,-2,0,0
-1,-3,266,-4,-2,3
4,0,254,-3,-2,-3
3,-2,255,-1,1,0
8,6,265,0,0,-0
-4,2,258,-0,-0,0
-1,0,257,-1,4,0
-1,1,259,-2,-2,-2
6,7,252,4,3,1
6,-2,248,-1,3,2
-10,-0,260,-3,-1,-0
3,4,256,-1,0,-0
-4,5,261,-0,1,1
-7,-2,254,0,-4,1
7,-2,245,1,0,-0
0,3,252,1,1,-1
-3,6,260,-4,3,1
-5,-7,258,1,2,-4
-4,4,262,-1,1,-0
0,2,260,3,2,-5
-0,1,256,-3,1,-0
-2,-2,254,0,-1,-4
-2,-2,267,2,-4,-2
2,-1,250,-1,4,-3
-2,-3,248,-4,-2,1
11,-1,260,1,1,-1
6,1,261,2,1,3
-3,-5,260,-1,-2,-1
2,-1,258,1,-0,1
-7,3,268,1,-2,1
-3,-3,257,2,-2,-1
6,7,266,3,1,-4
1,2,255,4,3,2
-3,-2,264,-3,2,3
-6,10,254,-1,0,-1
-3,-7,255,1,2,2
-4,0,261,-2,0,2
-5,-3,252,-1,-1,-0
-5,-5,260,3,0,-0
3,8,257,-3,-2,2
-8,2,247,6,-3,-5
-1,-7,258,-2,0,-0
-4,5,248,1,-2,1
-5,7,260,4,-0,5
0,6,249,1,0,1
-1,-3,251,-1,0,1
-3,-4,252,1,0,0
-2,4,251,2,1,1
3,-1,258,-5,1,4
2,5,260,-3,0,-2
-9,-1,260,0,-5,-0
-4,1,252,-2,-3,-3
6,-5,253,-1,-3,-1
5,-5,259,-3,1,-1
7,-4,250,4,2,3
8,-2,258,-4,-0,-1
7,7,253,2,-3,-1
3,2,256,2,1,-1
-0,20,258,-1,-2,1
4,6,262,4,1,-2
-5,-5,260,5,0,2
-2,3,259,-0,-1,4
-4,0,259,3,3,-4
-2,8,247,2,1,1
7,-5,254,-2,1,-1
-3,-3,260,1,1,0
1,5,254,1,-2,-1
1,5,259,2,4,0
-0,3,252,1,0,-5
-7,-3,261,-3,-3,-1
-11,-4,251,4,3,5
-5,8,251,3,2,-1
1,2,249,2,-3,-1
4,1,256,-2,-1,-1
-1,4,266,-0,-1,-1
3,-8,259,2,-2,2
-3,7,252,-2,2,0
5,-0,252,2,-0,1
-6,-8,253,-1,-4,1
10,8,257,-0,-4,1
3,-1,255,-1,-3,0
-2,-1,263,-2,-0,-2
-3,-4,261,-5,-0,2
4,3,257,4,-0,1
-1,2,266,-1,1,-1
2,1,251,1,-2,-1
-12,10,254,3,-1,1
-2,-3,266,0,-3,3
-12,1,257,-2,-2,-1
-4,5,247,0,-1,0
-7,5,248,-6,-1,-0
-0,-6,257,-2,4,1
-1,4,258,-1,1,4
-2,5,254,-1,4,-2
2,3,256,-2,-2,0
4,5,263,-2,-1,-1
2,-3,252,1,1,-3
0,-1,258,-3,2,1
-12,9,261,1,-1,2
-2,1,262,3,-3,-4
-2,-5,259,-0,3,2
-2,4,260,0,0,2
-1,-3,251,6,-1,-2
-8,1,258,-1,-2,1
-6,2,262,-0,-1,-0
8,12,250,1,-0,1
2,-1,267,1,-2,-1
-1,3,245,0,3,-0
-3,5,261,0,-1,0
-2,-2,256,1,-5,-1
-4,5,257,-1,1,-0
3,-5,261,-1,0,2
-1,-11,250,0,-1,1
-10,5,263,3,1,-2
-5,-7,262,-0,-1,-0
-3,8,251,-1,1,1
3,2,251,-0,-2,2
5,3,260,-1,3,-2
-1,2,260,1,2,-3
-2,1,251,-2,1,1
4,-5,252,-1,0,-2
-4,5,255,-0,3,-2
6,5,264,3,0,1
-3,1,259,-2,-4,-0
4,-0,252,-5,2,1
0,3,255,2,2,-1
-3,-4,259,1,1,-0
-1,7,258,1,-1,3
1,7,250,-1,0,-1
8,1,262,-0,-0,-2
1,-4,263,2,-0,1
1,3,257,2,-1,1
3,3,248,2,-2,-3
-8,-3,258,2,2,-0
1,-16,255,-2,-1,-4
-6,-7,258,-4,-1,1
-10,1,266,2,3,-2
3,-3,265,1,2,-2
-2,1,259,2,-0,4
4,7,258,2,2,2
-2,-0,263,-0,-1,1
1,-0,251,-1,-3,-0
-5,-1,259,-3,-2,-2
0,-3,251,1,-2,1
-8,-2,256,1,1,-0
6,5,255,-2,6,-3
-3,1,256,-3,0,3
9,2,260,3,-0,-3
-1,3,255,3,1,0
2,-5,256,-2,0,0
-11,-3,257,-1,2,0
0,2,257,-2,-0,1
-4,-6,256,-1,1,2
4,2,253,1,-2,0
2,-8,258,0,3,-0
-4,-1,253,-2,1,-0
-1,6,254,1,-1,1
11,-7,260,-3,-2,0
2,-4,257,4,3,0
4,-6,256,-2,-3,2
6,0,250,3,1,1
10,-3,261,1,-2,1
-2,-4,248,3,3,-1
5,7,252,1,3,-1
2,8,249,3,-1,-2
0,9,259,-2,3,-0
-2,10,255,-2,-1,2
1,5,257,-0,-0,-1
-3,0,257,-4,-1,0
6,-8,259,-1,-1,0
-1,5,254,0,3,2
2,11,253,0,0,-2
-7,-11,249,1,-1,0
-3,4,258,-2,3,-2
4,4,261,2,0,0
1,-2,259,-3,1,0
-4,2,252,-3,-2,1
7,0,253,-4,2,1
-3,-0,253,-2,-1,0
-1,5,261,1,2,6
-7,2,258,0,2,2
6,-5,249,-2,-0,-1
-1,1,250,-2,-3,2
-6,-4,249,0,2,3
6,-6,257,-1,-1,-3
-2,7,249,2,-3,-0
-5,2,257,2,0,4
-9,-4,256,2,2,-1
4,-14,263,4,0,1
4,-7,258,-2,3,1
2,5,251,-0,3,0
3,-2,252,2,3,-2
-2,-1,254,2,-1,-1
2,6,253,-2,1,-1
-3,3,253,-4,-4,1
-0,-9,262,3,1,-0
7,1,251,-3,1,0
-15,1,257,-1,-4,-3
-5,1,247,-0,1,2
-2,-3,258,-1,0,1
4,-3,258,-0,2,-1
-4,9,248,-3,3,3
-8,-5,258,2,1,-1
8,6,254,-3,0,-1
-3,2,254,0,-1,2
0,-5,244,-2,-1,1
0,6,255,-0,-0,-1
5,4,255,-1,-1,-2
0,6,254,-1,1,-0
7,2,262,1,2,1
-1,6,252,-2,-1,-2
-0,-7,251,3,2,-0
8,4,258,-1,-0,3
11,-6,262,0,1,2
-8,-8,254,1,1,3
-10,4,251,1,-2,1
0,3,263,-1,0,0
-1,-1,259,-1,-1,-0
-8,-6,252,2,-3,1
-1,-4,248,2,-3,-6
-2,-6,266,-4,2,-1
-0,-2,259,1,-1,3
6,-6,250,2,-1,0
-4,-4,261,5,0,2
0,-5,255,3,-0,-1
-0,2,260,1,-1,3
-3,-5,260,4,-0,-2
4,-6,262,1,2,2
-5,6,256,-2,0,-0
-4,-4,264,-1,-2,-1
5,6,261,1,-2,-0
-3,-3,259,1,-0,3
-3,-6,252,1,-1,-1
8,2,255,-1,0,1
-6,3,260,0,0,3
-1,2,251,1,-1,-2
6,-5,250,0,-1,2
-3,-1,260,1,-2,0
-1,-5,255,1,-1,5
-8,0,264,1,-0,1
5,3,254,2,2,-0
7,1,261,-1,0,-2
-0,-4,257,4,-0,-2
3,-4,251,-2,0,-2
13,-1,260,3,-1,1
-7,-7,261,0,2,2
0,5,260,-3,-1,2
4,0,257,-1,-2,1
7,-11,261,-1,-1,-3
-6,-4,255,1,-1,-2
-6,5,261,-1,6,-1
-1,-8,263,-3,0,0
1,-1,255,1,3,-4
-1,-10,253,-0,-1,2
5,-1,254,-2,-2,1
-4,-9,255,1,0,2
16,10,254,2,-1,2
0,4,250,-2,1,-1
3,4,253,-0,-1,-2
-5,0,250,2,-2,3
3,0,259,2,1,2
-7,-3,253,-3,1,-1
-4,-1,264,-2,-1,1
1,-2,251,1,2,0
-1,2,266,-0,1,-0
-7,4,257,0,2,-0
11,9,261,-1,-2,-2
1,3,256,0,2,-3
11,0,255,-2,-1,1
-0,3,269,1,-0,1
-6,-3,263,0,0,-1
-6,0,253,2,2,2
4,-4,261,-1,-2,5
-1,-7,261,-0,-3,-0
-13,-3,255,1,-2,-2
0,-4,261,-3,-3,1
1,-2,259,1,2,1
3,0,249,-0,-2,1
-2,3,261,-3,-1,-3
2,0,251,1,-2,4
8,-5,254,-0,-0,0
-1,10,250,2,1,1
-5,-1,248,3,2,-4
-1,6,251,1,2,-4
5,3,258,-3,1,-3
1,-1,262,-3,1,-0
-3,2,251,-1,3,-1
-1,-1,248,-4,-0,1
1,-1,259,-1,-3,1
-1,1,258,-4,-0,0
-9,12,262,-1,0,2
4,-7,266,-1,1,-3
0,1,253,0,1,0
1,-1,252,2,1,1
-1,-1,263,1,-1,-2
3,5,259,-2,-1,-3
10,-2,265,3,-0,-1
4,3,255,2,-2,1
-3,6,253,3,2,-1
1,-5,252,1,2,1
0,-7,253,0,-0,3
3,0,250,-2,4,-4
3,-5,260,3,3,-4
-7,-1,257,-0,-2,3
-3,3,252,-3,1,-0
3,5,256,0,-2,1
4,-7,244,-1,-1,1
-6,1,254,3,3,-0
-1,-4,254,3,2,2
-0,-6,255,-3,4,-2
4,10,251,-2,2,-5
-8,10,256,-4,-1,1
-6,-2,248,-5,-0,0
-3,-1,257,-2,-3,-1
2,-1,256,4,3,2
-7,-2,264,-2,3,2
2,-1,258,0,0,-1
-1,1,261,4,1,-2
-5,-4,254,5,2,-2
3,-2,255,1,3,-0
-3,-3,259,-2,-1,0
-5,1,265,-1,-0,0
-8,-8,249,3,4,-2
2,-1,249,2,1,0
9,2,250,-1,2,-1
0,5,251,-1,-9,-4
1,-1,253,5,-2,-2
2,3,259,3,1,-1
-6,-0,266,-0,-1,1
-6,-4,250,-2,-1,2
-1,5,254,3,-3,-0
-5,-3,243,-2,1,2
-6,4,260,0,0,3
3,8,253,1,0,2
-4,8,261,-0,-3,-2
-2,-3,255,-5,-3,-0
2,3,255,-3,3,-2
3,-5,253,-2,1,-3
4,1,256,1,3,0
2,11,248,-1,-1,1
4,-2,255,3,2,1
6,-1,254,-1,3,-1
-8,2,253,0,-2,2
-3,-3,259,-1,1,1
3,7,256,1,-0,0
-5,3,257,-4,3,-3
1,-5,256,3,-1,-5
-2,-9,260,3,2,-0
3,-2,256,-3,1,3
8,4,251,-4,-1,1
8,0,262,3,3,-0
-0,-9,247,-1,-1,2
-5,8,259,-3,1,-1
-7,4,258,3,-1,-1
-12,3,273,-5,0,1
-1,8,257,-1,1,2
-3,-8,250,-2,1,-1
4,1,262,2,-2,0
-2,0,260,1,-1,-0
6,-5,256,-1,2,2
-1,1,257,-1,1,-2
10,-9,262,-3,-0,2
1,4,253,-3,-1,-4
-5,3,260,-0,0,3
4,4,260,2,-1,-1
8,5,260,-4,-4,2
7,-1,253,0,2,-1
-10,-2,256,-5,-0,-0
7,2,260,1,2,1
7,-2,262,-4,-0,2
-8,-8,255,-1,2,2
-6,-5,259,2,-2,-3
-4,-7,261,-2,1,0
9,8,256,-0,3,-1
-5,-7,257,0,3,-0
-7,7,252,1,-1,-0
4,-5,262,0,3,4
4,0,262,-2,0,-1
1,7,253,1,-3,0
1,8,256,3,-2,1
17,0,256,-0,-1,1
3,-10,256,1,1,4
-7,8,251,-3,0,5
1,-1,247,1,-1,2
1,2,255,-0,3,1
-5,-5,247,1,1,0
2,3,261,2,1,2
-6,-6,261,4,3,1
3,-9,258,-1,0,4
0,1,257,-1,-0,-2
6,-12,252,-1,1,2
5,8,255,0,1,-0
-1,-5,253,1,3,-1
4,6,255,3,-3,-3
-2,-5,258,-1,1,-3
9,4,250,0,-2,2
1,4,255,0,3,3
-4,0,249,3,-1,0
-4,-2,251,-2,0,1
-2,7,250,-2,-1,-1
0,-4,251,-1,-4,1
5,-4,262,-3,-0,0
6,1,248,-4,-3,-2
4,4,253,3,1,2
-8,-1,259,-1,-1,2
-4,-0,254,-3,-1,-1
-7,2,262,1,-1,1
0,10,257,-2,4,-3
-1,2,257,5,1,-3
9,8,256,-2,1,-1
-5,-1,264,1,1,4
6,-2,250,3,2,-3
1,5,257,1,1,4
-10,2,260,2,-1,-1
-0,3,251,-1,5,3
2,2,258,-0,0,1
1,3,262,-2,-1,1
-13,2,256,-2,0,-1
-2,4,251,2,4,-1
2,-3,261,4,3,3
-2,-0,259,0,3,0
-3,3,247,-5,0,-0
-2,-1,260,-1,0,-1
-6,-1,243,-1,0,-0
5,-7,256,2,-1,0
-2,-1,263,4,0,-2
3,0,262,0,-0,-0
-0,0,255,2,0,1
-4,13,261,5,4,-1
-6,6,247,-1,1,-3
-10,-2,259,2,0,3
-4,-1,257,-1,1,-1
-3,4,258,-1,-1,-3
3,-1,257,-2,-2,2
4,-0,260,1,-0,-2
2,-6,260,-2,-3,0
-6,2,256,-1,3,1
-2,9,263,-3,-0,-4
4,1,254,-0,1,0
1,9,264,-4,-2,7
3,-7,256,-0,-1,-1
-0,2,257,-2,-5,-2
-2,-9,255,0,-1,3
10,4,262,2,-0,-0
-1,-1,265,1,1,-1
11,-5,247,1,2,-3
-4,2,259,-1,-1,-2
1,-2,258,-1,-2,-2
7,-3,254,-1,1,4
-10,-1,260,-2,-1,0
2,-4,263,0,-1,-4
-0,-5,258,-1,-4,-2
1,7,256,-4,0,0
-6,6,259,3,1,-3
8,3,258,2,0,2
0,-7,257,-1,-3,-1
1,7,259,-2,-2,-3
-2,-1,248,-1,-1,2
3,1,258,3,-2,1
4,-5,260,-2,-2,0
10,4,259,4,3,1
12,1,254,2,2,3
4,-2,252,-1,2,1
-4,1,262,1,2,1
10,-0,253,-2,-4,1
-4,-0,260,-0,-2,-2
-6,-8,257,1,2,1
-1,-6,258,-3,1,-1
-3,-6,258,2,0,-1
-3,1,254,2,1,-1
7,6,254,1,1,4
10,6,258,-2,-1,3
-3,-8,267,3,-1,1
4,-6,255,1,1,3
7,4,254,-2,0,-5
-6,-2,255,-1,-2,1
1,8,247,2,-0,-0
-8,6,257,2,1,5
3,2,264,2,-3,-3
6,-3,258,-5,-0,-4
2,-7,255,0,-1,-2
6,-3,270,-1,-3,-1
-5,-3,253,0,3,-1
-5,-1,256,-3,-1,-3
-10,4,256,-1,0,2
6,-5,256,-1,-1,2
9,2,255,1,0,-5
-4,1,254,-0,1,1
-0,1,251,-1,2,2
-1,4,252,-2,-2,3
1,-2,251,0,-2,4
-3,-2,267,2,0,-2
-1,6,260,-3,1,2
-3,-1,246,0,-1,1
-5,2,253,-3,1,0
-8,0,261,-2,-1,-0
-0,-5,262,1,-1,-2
2,-3,260,-0,-1,1
-6,1,254,-2,-1,1
-2,-0,254,-3,-0,-4
2,1,263,-1,-1,-0
2,-8,250,2,1,3
-2,-13,244,5,-1,-1
-3,1,257,2,-3,-3
-4,0,259,-1,0,3
2,-10,262,1,0,-1
-4,2,263,0,3,-1
-8,5,257,-1,-2,1
-3,1,245,2,2,2
1,2,257,2,-3,1
-9,-2,267,-5,0,-4
-0,4,254,3,-1,-2
2,-1,258,1,-0,2
-6,9,258,-1,2,0
-7,4,252,1,-1,0
4,7,259,0,3,2
1,-4,257,3,0,-1
0,7,252,2,-3,0
2,2,257,1,-2,0
3,-5,259,-0,0,-0
5,1,259,2,-2,1
1,-7,268,2,-2,-1
2,-6,261,0,1,-1
14,3,256,1,-1,-0
10,5,252,4,-3,-3
-1,0,255,-2,-0,3
-1,0,254,-4,0,-2
5,-10,257,1,-1,-2
2,-5,253,2,-1,0
-1,2,255,2,3,-1
2,3,251,-3,-3,-1
6,5,260,-2,-0,0
0,1,253,-1,-0,0
-3,0,257,1,-1,2
4,7,260,-2,1,-2
6,-1,266,1,-2,-3
11,2,266,-2,1,2
5,4,262,1,-4,1
-13,-7,247,3,3,-0
-5,-2,257,2,-4,2
1,7,259,-2,1,-1
-4,2,257,-3,2,4
-2,7,257,-1,0,-1
-6,-1,250,2,2,1
3,7,257,3,3,-0
7,1,252,3,-3,1
5,-2,265,-0,-1,3
-2,2,251,1,-2,0
1,2,259,2,-2,0
-8,5,250,-3,-1,-2
5,7,253,-1,-1,-4
6,4,260,2,-3,2
-9,1,252,2,-4,-1
-1,-5,255,-2,-1,-1
2,4,253,2,-3,1
8,9,260,4,1,-0
11,0,261,-3,1,-3
-8,-9,255,-0,1,-1
0,-5,262,0,-1,-1
0,-1,254,2,-3,-0
-1,-4,252,-1,4,-2
1,-3,263,0,2,2
-3,9,262,2,-2,1
-2,13,255,-2,2,1
-8,5,251,-0,0,1
-9,-2,250,1,0,-1
1,9,242,1,-1,4
-7,5,261,-0,-5,1
7,-6,264,-2,3,-1
-1,-2,252,0,0,-2
4,7,256,-0,-1,1
-4,3,256,-1,-1,1
3,12,257,2,2,5
-3,-0,264,6,0,-2
-3,13,255,-2,0,-2
3,1,258,-1,-1,-0
1,-5,258,1,-3,-0
4,2,252,0,-1,4
-4,-0,249,-2,0,2
2,0,252,-2,-1,-1
-0,-6,264,1,2,3
-7,8,248,-0,-2,0
-0,7,255,1,4,-3
-4,4,260,-2,-2,-1
1,3,256,-2,2,-1
-11,3,256,-3,1,0
-4,-2,254,-2,1,1
-3,7,263,2,-1,-1
3,-2,258,0,1,-1
5,-3,260,-2,-3,-2
2,-9,253,0,1,2
6,-7,265,2,-3,1
1,-3,258,3,0,-2
-6,-5,264,-4,1,1
-2,4,262,-0,2,0
-10,-7,261,-1,1,1
5,-5,266,0,3,-2
9,6,252,-1,-0,-1
0,-1,260,1,-0,-2
-4,-6,250,0,-0,-4
4,-1,263,-3,1,-3
4,-1,253,0,-2,-1
-5,15,262,6,-3,-1
2,5,257,-3,3,-1
6,-2,257,-1,1,1
5,-5,263,2,2,-0
2,0,252,-0,3,-1
-7,3,254,2,4,0
-0,-1,252,2,0,-3
3,1,257,2,-1,-4
2,-1,252,-3,0,-1
2,-12,262,-1,0,0
4,-8,263,-1,2,-0
3,8,253,1,-2,-0
1,-1,251,-1,-1,2
1,-2,252,2,5,-2
-5,2,258,0,-1,0
-5,-6,257,3,1,1
-4,3,255,-1,-2,-0
1,4,256,-3,4,0
1,5,254,-1,-5,3
3,9,254,-2,-1,-1
-5,3,259,-4,1,-0
10,2,255,-0,3,1
2,0,247,5,-1,-5
-3,7,252,-0,1,1
-2,2,252,2,2,-2
1,3,256,1,1,-2
8,2,251,-5,-1,2
-0,-5,257,1,2,1
1,2,255,0,-1,1
-2,11,253,0,0,2
-3,1,267,2,-1,3
8,0,258,2,-1,-0
-1,-3,261,-4,1,-3
-4,-2,257,3,1,1
-4,4,252,-0,4,2
-1,6,253,5,0,-2
-3,-1,253,0,-1,1
7,5,252,0,4,-2
1,-8,259,1,1,-1
0,-1,259,1,-3,-0
-9,4,268,-2,0,1
2,8,255,1,4,3
-6,-6,256,1,-3,0
3,-13,253,-1,1,-3
1,1,247,3,-1,-1
2,-3,250,4,1,3
2,9,258,-2,-0,0
2,-7,258,-2,-2,1
10,-7,253,1,2,-2
-7,4,263,-2,1,2
1,9,252,0,1,-2
4,0,253,-1,-0,4
3,1,252,2,-1,3
2,0,255,4,-2,4
-11,10,252,0,-1,-1
4,-3,257,1,-3,2
0,-0,255,1,1,2
11,-5,249,-3,1,6
-2,2,252,-2,-1,1
6,1,258,4,-2,-4
-2,-3,253,1,-0,-3
-3,-5,259,-0,-2,0
4,-4,262,-0,4,3
1,3,248,3,-3,4
-1,1,259,2,-1,0
-2,-3,247,1,0,1
-9,8,260,-2,1,-0
-2,5,257,-2,1,-3
3,-3,256,3,1,-0
-2,3,256,0,0,-0
-3,5,247,-1,1,0
6,-2,255,-3,-3,0
-7,-4,259,-3,-0,1
-4,7,257,-0,-1,3
4,-3,260,0,1,2
5,-6,252,-3,1,-3
3,-7,253,-1,1,-3
2,7,261,2,1,-1
4,-2,261,0,-3,-0
-5,-1,247,2,1,0
2,0,253,0,1,5
2,-2,262,-3,-1,1
-4,-2,265,-0,2,-0
-6,0,260,-2,-3,2
-3,4,261,-1,1,-1
2,-2,260,-1,1,-4
-5,-1,253,-3,0,-1
-3,4,262,-1,-3,-1
3,2,256,2,1,-1
0,2,242,2,-1,2
5,6,253,-1,-2,-4
3,7,257,2,2,1
6,2,254,-2,0,-0
3,11,260,-0,-1,1
0,-0,257,-1,1,2
-2,1,261,-0,1,2
3,-0,252,1,1,-0
3,3,256,-0,-1,1
5,-3,253,-5,3,-3
-1,0,255,1,-3,0
-9,8,261,3,-0,5
-8,-0,255,0,1,2
-2,2,251,-1,2,-4
5,-2,258,3,3,2
11,-2,253,4,1,-1
-3,-1,256,-2,-2,0
-7,-3,256,3,3,1
7,4,263,2,-3,0
1,-7,261,2,1,0
-8,-7,256,-1,-1,0
2,0,254,0,-2,-3
-13,-5,258,-2,-1,0
-2,-8,251,1,-3,-0
-12,2,254,-1,-2,3
-6,-2,253,0,-3,1
6,6,255,-2,3,1
-6,-3,261,2,5,-5
-1,7,245,0,1,-3
-1,7,256,3,-3,-0
10,-3,265,-1,-2,2
-2,-5,254,2,-2,2
-2,-1,257,1,-2,3
2,-3,261,3,-0,-2
4,-12,251,-1,1,-2
10,2,258,7,-0,-1
-1,-7,252,0,-2,-0
5,-4,256,-0,1,1
9,0,259,1,-0,-2
5,3,264,-1,-1,-0
4,-5,253,-1,3,1
-6,-1,251,-2,-4,-0
-4,-1,257,-2,0,-1
-1,-1,245,-3,-5,-1
-6,-9,252,-2,-1,-2
2,-6,248,1,3,-2
-2,-2,258,-2,1,2
2,10,260,1,3,2
3,2,244,-1,-2,-0
-2,0,256,-2,3,3
-3,-3,254,-2,0,3
8,-9,259,1,0,1
4,3,267,2,-1,-2
1,-4,258,1,1,-2
-6,-1,261,3,1,1
2,9,255,-2,-2,1
5,-2,265,-1,-1,1
-7,-12,257,-4,0,-0
0,2,256,-0,-1,3
3,7,263,-1,-2,-2
9,-2,249,-1,3,-0
3,-3,260,-1,1,2
0,-8,251,-0,-1,-2
3,-2,263,4,-1,-0
-2,2,263,-5,-2,-2
-2,2,257,1,1,1
-0,4,252,-1,1,-1
3,-4,256,-1,-1,-2
8,-3,261,1,-4,0
0,8,256,3,-1,-4
-9,-8,244,2,2,0
-3,-7,254,-1,-4,0
-1,6,262,3,1,1
-1,-4,251,3,-1,6
-3,-3,260,-1,2,-3
-1,-5,259,1,0,-0
12,7,259,2,-0,1
-9,1,255,-0,0,1
2,-7,260,3,1,-2
-3,-5,260,-1,3,-2
-8,4,262,3,2,-2
1,-2,257,3,4,-2
-6,0,253,-4,-1,-2
-2,3,255,-2,-3,1
14,1,256,-1,-1,-1
0,-5,245,-1,1,-0
-0,-3,257,2,-0,1
6,2,259,-1,1,-1
4,-0,260,-3,-3,1
-7,-1,250,2,-2,-2
-4,-4,252,3,1,0
3,9,252,0,4,-1
-7,-3,242,-1,-0,0
6,7,250,-2,-1,1
4,2,255,-1,4,2
-2,-7,259,-1,1,-2
2,-2,252,1,1,-0
-2,-4,250,1,1,3
2,-3,253,1,-1,5
-2,0,252,1,-1,0
-6,3,256,0,-0,1
3,-0,262,-1,-0,3
6,5,249,-5,1,1
2,1,257,2,2,3
1,-0,252,-1,0,1
-6,1,254,-0,-2,-2
-2,-9,254,-4,1,-4
1,4,264,3,-2,1
0,5,256,-4,-0,1
-5,-10,253,-3,2,1
-3,2,247,-3,-1,1
6,7,253,1,1,0
-2,-13,259,-2,1,-2
6,1,254,-0,0,-2
2,-8,258,1,-2,1
2,1,251,-1,1,0
-1,-0,254,-1,-0,1
-2,3,251,1,-4,-3
-6,-9,251,0,-2,5
-8,-3,250,-0,0,-1
2,-5,248,1,-1,-3
2,4,253,-0,-1,0
-0,0,260,1,1,-1
0,7,247,-2,2,3
6,-12,256,0,1,-1
-18,-5,253,1,-2,1
6,8,255,2,0,-0
5,3,255,1,-4,2
-3,6,259,-3,-2,-2
4,-1,261,2,1,1
-4,5,242,-0,4,1
7,1,249,3,-1,1
-2,-9,254,-3,-2,-1
4,-2,268,-0,-3,0
7,-3,253,2,2,-0
-4,-1,258,-3,1,0
4,-2,245,-0,-2,2
4,6,264,1,1,-1
6,-5,258,1,3,2
4,5,250,2,-1,-2
3,4,268,0,2,1
-1,5,256,2,-0,1
2,3,253,2,2,3
-3,7,254,-2,2,1
3,-3,254,0,0,3
-2,-4,263,1,1,2
10,1,257,3,0,1
-5,-5,258,-0,4,-1
-2,5,251,1,-0,-2
-5,1,254,1,4,-0
-1,1,252,2,-0,2
-6,-5,254,1,1,-2
3,-1,257,-2,-1,1
-12,3,253,-2,-0,3
6,-1,247,1,4,1
-1,0,255,-1,-4,-1
-5,10,257,1,-1,-2
-5,1,255,-2,1,-2
-7,-4,260,-2,2,0
1,-5,262,-0,2,3
2,3,260,0,-1,-3
5,-1,249,-0,-3,-3
1,6,254,-3,-0,-3
7,0,251,-2,2,1
6,1,257,-0,1,1
9,-3,257,-3,-1,2
-3,-1,258,-2,-1,2
4,-5,262,-0,2,2
