-19,-256,1,8,-11,4
-3,-260,-20,65,-68,-58
20,-256,-24,83,-55,-12
21,-254,-1,62,48,23
9,-264,46,36,-43,41
2,-250,6,33,-7,-4
34,-245,-17,-6,-97,-20
34,-260,-43,96,-22,-40
36,-266,-16,-102,-2,-27
33,-260,2,-50,35,14
-0,-253,-8,-26,-26,15
52,-266,15,11,-51,-36
51,-263,-9,37,25,-26
21,-240,-19,30,34,-137
33,-267,-20,-48,67,39
-10,-255,5,-11,-15,27
51,-247,1,-28,-56,28
65,-269,20,64,101,-86
31,-238,-37,32,55,-52
17,-261,-3,16,38,62
18,-242,3,-13,-23,11
22,-257,1,54,99,-27
45,-261,-22,-38,4,56
52,-259,6,-38,-46,31
51,-247,49,-47,100,22
54,-264,3,-15,-45,31
45,-265,-6,30,25,-18
35,-263,6,-101,-150,111
37,-263,-10,10,-64,76
26,-255,24,-30,52,49
28,-245,31,-56,93,114
63,-252,-9,76,-31,-1
61,-259,-12,46,-57,7
54,-256,-22,12,32,-29
50,-252,-41,-9,8,-6
69,-247,4,-119,81,65
54,-251,5,75,-47,35
26,-262,8,28,40,22
17,-253,-21,-71,-20,100
65,-257,-9,22,-32,-8
50,-253,10,12,-10,-55
33,-267,-21,14,-11,5
36,-243,24,24,51,19
2,-258,16,22,52,32
3,-266,-5,-35,0,-93
31,-245,-1,25,88,22
28,-252,4,34,-35,82
29,-260,4,16,-46,-16
9,-250,0,-47,-49,-83
5,-245,-11,7,-11,-19
17,-251,-31,-14,83,-11
28,-269,-22,29,-43,-1
-31,-262,0,19,43,54
-50,-253,27,79,-4,-57
-14,-256,11,7,-10,-26
-19,-265,13,-17,-37,-71
-10,-250,-6,6,-29,-39
-35,-248,29,22,0,1
-26,-232,-22,-11,63,75
-38,-256,15,-78,-22,53
8,-246,4,-91,25,-60
-58,-250,-11,33,-30,-18
-31,-250,6,-31,-132,68
-24,-258,9,-92,81,-26
-42,-248,-10,-47,-50,20
-37,-253,-4,-11,-60,2
-54,-261,-30,-57,-67,-18
-15,-252,-24,-84,42,16
-39,-268,-46,-113,18,37
-26,-248,-10,-68,53,69
-39,-249,-9,-58,32,-32
-64,-255,-45,22,40,-43
-41,-259,3,-115,-37,15
-68,-271,6,5,40,-49
-41,-244,5,44,-9,31
-34,-272,-44,13,-3,70
-48,-253,-3,22,86,-28
-43,-284,3,2,-42,-34
-64,-280,-2,-100,-39,56
-66,-242,-12,-52,-19,46
-19,-256,2,5,-28,91
-62,-260,-27,29,-125,85
-54,-251,-38,-25,40,40
-41,-253,-2,-11,10,83
-41,-252,2,64,51,10
-44,-262,-29,-32,-19,-54
-18,-271,13,23,-63,-55
-24,-263,3,26,-32,-28
-35,-257,9,68,26,42
-67,-257,-21,63,-3,-20
-4,-250,-31,-41,25,117
-38,-252,-15,1,-49,11
-14,-245,6,54,49,-20
-23,-254,-18,-40,-36,18
5,-243,16,5,-112,-75
-13,-254,2,-15,19,40
-24,-247,3,-2,80,-36
-51,-248,-47,13,12,83
-12,-265,4,-86,-9,-28
17,-247,6,-11,-79,-26
-1,-260,11,-29,36,75
-31,-241,23,26,15,-80
-6,-249,-40,7,25,20
57,-262,-13,-43,-18,-89
18,-239,13,-23,-26,36
17,-241,1,-75,-34,-39
-47,-240,-2,-90,23,31
20,-265,39,-44,-113,-21
-1,-267,-21,-41,-28,42
17,-255,24,-38,9,31
46,-243,-2,-53,-90,-42
49,-263,-19,-36,-12,14
51,-259,-17,48,1,-29
32,-268,23,7,-2,78
28,-257,12,-50,29,-34
31,-255,36,25,47,79
94,-246,16,-26,21,14
69,-245,-21,20,-45,-58
69,-255,-2,-8,-7,99
68,-256,5,-3,17,74
64,-249,11,17,-7,-16
47,-247,-20,75,-76,47
80,-271,-9,-53,68,14
75,-261,7,-71,-28,28
35,-257,-24,59,-61,-28
66,-253,1,24,23,61
11,-249,-8,52,72,72
49,-255,13,-35,-10,150
22,-239,28,-50,45,16
55,-273,21,-47,26,1
62,-261,15,6,72,-19
22,-253,-11,-23,-4,23
74,-230,-34,4,-72,46
75,-257,-12,-11,-26,-13
76,-256,11,-45,10,95
20,-256,16,92,-44,23
34,-261,-10,10,8,40
40,-263,39,-42,28,-31
-1,-260,7,-38,27,-25
48,-261,19,42,23,-128
12,-260,4,-1,-10,53
49,-258,-3,48,-45,-51
23,-273,-9,-76,-28,-17
48,-267,13,66,-10,42
22,-266,17,150,40,-12
37,-255,20,31,-60,5
12,-264,24,7,-116,-26
2,-251,9,-34,-1,7
63,-264,25,9,-52,-45
-6,-272,-1,-17,-26,32
22,-263,6,-11,19,35
-15,-259,-58,-27,1,2
8,-268,-9,-20,32,1
-30,-251,-16,-10,-57,70
-33,-266,14,-71,52,-15
-22,-254,-18,26,58,63
-1,-264,-8,39,-19,-74
-8,-267,3,95,-4,5
-33,-270,-8,-45,23,-12
-53,-254,-26,14,-52,27
-88,-254,7,101,20,29
-41,-260,2,19,20,2
-41,-269,-5,17,23,8
2,-266,6,61,-18,-2
-24,-249,-13,-113,75,-44
-47,-253,2,-25,-10,-108
-40,-266,-41,-46,111,-4
-31,-246,-7,93,-63,-70
-35,-261,-1,-20,73,-40
-38,-273,43,-34,-26,-36
-41,-269,18,38,32,-42
-36,-255,-24,82,2,1
-26,-249,-24,-29,-52,-5
-25,-268,-66,-149,4,37
-44,-243,-18,-4,-85,-21
-47,-261,-20,-27,-111,-3
-42,-255,17,62,-100,-50
-77,-264,37,-38,88,79
-22,-262,-9,52,-12,-97
-57,-279,1,-35,1,19
-28,-253,11,-9,-16,-30
-20,-256,-5,41,-11,31
-35,-244,-18,38,-45,98
-38,-251,-2,-167,-5,-35
-42,-261,21,44,-27,19
-7,-242,-51,23,-34,-17
-42,-267,-6,-16,42,-94
-45,-237,-12,95,8,89
-27,-249,19,11,25,-2
-23,-243,4,-10,-37,53
-14,-252,-2,-11,12,-89
-14,-264,18,-19,151,-44
-3,-263,3,-91,75,-10
-38,-271,-20,171,-12,27
23,-240,5,20,-27,98
-40,-290,-12,-57,16,0
-3,-245,-10,80,24,-39
8,-246,-48,111,-50,-32
-31,-272,-18,-29,-43,-40
-24,-253,23,-5,-100,-32
-11,-250,-21,-29,-16,-85
-1,-265,-22,-10,35,-14
19,-249,-12,-8,-69,42
-30,-257,-11,-131,36,-68
58,-266,0,-92,15,9
1,-273,35,9,-4,-109
50,-255,2,26,28,21
-11,-256,13,-19,-47,-42
46,-246,5,-107,37,-93
-1,-257,-5,-68,50,15
45,-249,4,-48,-84,-57
60,-269,-1,32,-20,-25
19,-237,0,24,-5,14
49,-248,11,33,26,6
32,-254,17,-67,89,60
58,-277,6,102,43,26
52,-267,11,1,-29,56
55,-241,23,19,9,30
30,-255,-34,57,9,50
33,-235,-29,-49,25,-26
53,-267,6,6,-46,46
60,-260,41,14,15,-11
3,-253,-32,8,-63,-8
49,-254,9,-5,-49,-17
37,-262,30,-18,6,-15
78,-267,44,-3,-42,21
-7,-234,8,-19,-60,-5
57,-251,22,-23,-41,70
75,-250,-19,97,36,84
15,-258,10,-22,-53,-48
72,-262,24,-28,18,24
56,-247,-10,51,19,-24
43,-259,-9,57,19,-10
44,-259,26,79,-14,-2
70,-274,28,60,41,23
34,-238,8,34,88,-64
46,-256,-22,-8,12,-16
55,-252,-1,3,41,-20
35,-258,-12,6,46,-90
54,-273,6,31,17,-28
7,-255,0,4,-47,-70
52,-258,-4,41,-1,48
17,-267,-21,-75,32,52
4,-243,-7,-80,45,104
-3,-262,8,-7,24,-29
36,-251,13,3,0,-29
29,-252,15,49,-54,46
-14,-250,39,44,93,-86
3,-244,7,43,-12,-6
46,-273,-23,-98,-6,-71
-13,-257,13,-9,-50,-92
15,-265,-41,23,94,167
-10,-260,25,-50,-10,-30
-15,-270,-1,-15,-12,-96
-17,-265,-22,-13,79,20
-5,-259,8,-1,-17,-66
-20,-251,2,25,6,-70
20,-246,-28,50,77,-1
-31,-273,28,-96,-62,-37
1,-260,-29,-31,-8,84
-37,-264,-7,27,80,-102
-55,-272,-27,46,-78,80
-25,-266,-35,-34,-6,-18
-7,-253,28,-71,-50,47
-36,-256,16,10,-47,-1
-81,-252,27,-19,26,-21
-56,-250,-6,-23,-55,-8
-53,-264,-12,38,30,24
-16,-266,43,15,14,-26
-3,-251,20,48,-103,-100
-33,-248,-3,21,-8,-9
-16,-261,32,17,17,-58
-71,-257,-20,-22,51,-12
-45,-253,8,49,-19,53
-73,-244,-21,-32,-2,5
-43,-262,6,35,-35,77
-38,-271,-46,-102,-1,-4
-59,-253,-12,-79,-7,-27
-27,-237,-35,-88,33,-31
-54,-251,5,-30,-39,-59
-20,-261,-29,74,-5,-84
-50,-251,5,-4,-41,-42
-43,-268,-4,-28,-40,-52
-50,-253,20,-53,4,17
-82,-254,-7,41,-36,47
-68,-251,-18,-14,15,-55
-48,-274,-20,-23,20,26
4,-251,9,-7,88,-36
-39,-242,2,-15,-19,-41
-25,-247,24,32,-32,-11
-7,-251,-44,-1,-14,12
24,-258,20,3,-38,-7
-9,-257,-8,10,-22,70
-46,-248,-5,-93,-7,-19
-20,-278,25,84,6,43
14,-253,33,4,-7,-22
3,-259,-6,-23,24,-43
-7,-258,21,-68,15,9
-30,-256,40,39,-25,-43
-25,-262,-20,91,1,30
-28,-257,-19,-2,56,-30
-2,-252,15,-14,-37,68
3,-262,17,-8,-2,-91
19,-264,-27,-52,79,-5
32,-251,-17,-45,-1,30
48,-263,-45,-48,-29,26
-4,-249,-2,-54,-72,-57
-20,-244,7,9,-19,-15
21,-256,-4,-35,29,-0
39,-266,-11,-52,-53,-67
12,-243,-1,-17,111,24
41,-258,-24,-6,-18,-3
27,-267,7,29,-96,-69
71,-251,7,29,76,4
16,-262,-18,23,-80,-62
45,-238,-35,-75,1,-73
66,-245,-17,-13,30,-7
72,-258,18,-5,42,-84
39,-259,-27,-14,97,61
54,-254,-4,-28,-4,-35
40,-253,30,-63,-4,-93
34,-263,30,18,-157,57
51,-256,-12,-78,11,26
38,-259,-12,-11,13,21
25,-256,-14,74,-15,92
89,-256,-9,-14,57,10
72,-244,-8,-23,53,35
10,-247,-6,-8,77,39
49,-247,31,-77,97,-96
54,-253,16,-11,81,23
44,-268,-17,102,33,14
35,-251,-3,-81,-107,-55
54,-263,-13,72,-39,37
33,-250,-5,-21,-49,22
73,-252,13,40,-15,48
67,-247,8,114,-65,-75
62,-269,-22,29,-45,34
7,-243,18,8,31,-63
77,-261,27,-18,-97,3
39,-245,9,44,-61,54
30,-265,11,41,0,-15
20,-275,18,-34,25,40
36,-274,-2,57,-25,8
36,-262,28,84,72,82
7,-239,-11,-11,12,15
3,-274,33,-70,-4,-64
34,-258,-23,-13,-77,-6
-14,-253,-8,10,26,49
-19,-243,-31,49,-27,-58
0,-249,2,-25,59,-63
12,-259,17,18,106,12
18,-263,39,-67,45,1
2,-273,11,37,88,-4
-3,-246,-4,-14,35,98
-24,-260,25,19,95,-5
-30,-270,15,-17,96,11
-20,-248,8,84,33,-10
-27,-250,8,-108,17,-70
-28,-260,3,-40,-39,56
-42,-254,5,-30,92,4
9,-263,14,22,-28,-21
-33,-255,-10,-3,29,90
-50,-247,-27,12,67,63
-21,-269,-3,-55,-72,-9
-32,-268,30,15,22,-0
-9,-261,-10,-16,-121,44
-42,-248,21,-4,73,-8
-54,-281,3,28,-40,61
-69,-262,10,30,-8,2
-37,-261,-15,-19,25,-18
-44,-238,-21,23,-5,27
-27,-257,17,-2,-102,-17
-37,-248,-8,100,50,-12
-44,-258,-0,-51,94,8
-51,-266,5,20,39,-33
-29,-244,4,31,-68,-21
-70,-268,14,-25,15,103
-60,-241,-30,-106,48,-51
-82,-244,11,24,18,56
-39,-248,-7,22,-135,-20
-41,-254,-4,-40,-31,-79
-64,-242,5,-28,37,-19
-83,-252,25,-74,-87,-9
-40,-261,-45,-56,36,89
-62,-257,13,-24,-102,-45
-61,-264,-13,16,-71,75
-20,-269,18,-19,117,33
-57,-261,-18,56,-133,-11
-12,-248,-8,19,69,31
-32,-244,16,-15,39,-0
3,-255,-20,38,4,-5
-14,-279,-1,50,-39,-65
6,-235,19,4,2,17
-4,-265,34,-73,29,31
-44,-267,1,-63,-45,-71
10,-247,-15,-81,-7,-21
-17,-254,0,121,1,-64
-35,-264,-28,1,-30,28
-7,-265,-9,-56,16,-56
2,-246,-10,42,-78,-36
-0,-251,21,-70,109,-43
11,-244,-15,62,-58,-53
23,-246,-20,-10,-5,63
17,-254,-28,117,4,-133
3,-260,28,-7,8,54
35,-260,-27,81,-19,-2
20,-260,4,69,5,38
37,-264,4,30,-43,12
21,-236,-0,-66,-41,99
21,-258,8,23,1,-27
27,-266,1,-7,33,-29
18,-253,1,-73,-10,-140
35,-261,5,39,-10,-50
3,-256,16,17,-4,14
35,-260,-1,9,-41,16
37,-267,-28,-74,44,-61
74,-254,20,-60,-15,54
40,-247,-19,-13,55,53
34,-255,10,-1,8,-10
47,-253,17,-40,-63,-45
35,-247,-11,41,17,30
40,-251,-3,28,-8,-38
75,-261,17,-51,-88,76
70,-250,2,39,-30,-33
67,-252,3,-36,63,57
52,-265,46,-12,121,-81
62,-280,-28,-31,-88,19
28,-255,-4,-24,-40,5
44,-259,-22,25,-34,46
36,-275,-15,-91,20,-63
65,-259,-20,25,-32,20
53,-257,-17,-45,84,-46
54,-257,16,15,28,51
41,-248,-20,-26,14,-58
32,-263,5,80,53,-58
49,-260,-12,-14,44,-45
48,-249,3,44,11,-50
52,-262,23,-51,-34,67
18,-241,-7,62,-10,53
51,-241,-37,11,-98,3
46,-258,43,45,-21,-106
40,-260,-3,46,-2,-65
40,-254,-12,108,47,-8
2,-240,-13,112,-28,-16
12,-245,-21,45,-26,56
4,-270,32,86,-5,9
18,-246,34,91,75,56
32,-273,-1,-62,56,-57
30,-266,-16,86,-69,44
-21,-263,-3,-89,-44,-29
-43,-256,-4,-52,0,-62
6,-264,-16,-26,-69,2
12,-263,-8,58,11,-11
18,-254,22,7,52,61
-0,-246,-18,-104,-40,16
-23,-259,8,8,-56,-15
-15,-259,-12,31,60,72
-30,-236,-26,71,-78,-26
-37,-248,-6,10,8,-26
-53,-263,0,-3,-5,48
-36,-249,19,-27,-2,9
-25,-246,34,86,-22,34
-35,-259,2,82,33,-88
-49,-254,19,-1,36,5
-58,-251,-47,6,-74,47
-36,-246,-18,91,-61,29
-42,-253,3,-3,31,16
-39,-247,-4,126,39,-5
-55,-258,-32,36,12,9
-66,-245,-20,-27,-26,43
-73,-263,-16,-15,-21,55
-28,-253,-9,-36,64,56
-26,-257,-17,-50,-42,-3
-72,-266,-14,-35,53,72
-51,-259,-25,15,-54,56
-74,-251,14,-29,-12,-65
-13,-246,10,38,39,-26
-69,-267,0,-43,-26,-20
-33,-273,-21,-11,9,-57
-56,-254,-8,-66,-65,-49
-47,-257,38,-23,29,28
-22,-261,-2,12,-18,-47
-52,-251,37,54,30,-34
-46,-252,-17,45,42,9
-64,-263,9,-88,29,21
-39,-265,-4,-79,17,-6
-20,-245,3,112,17,-27
-68,-245,-8,-50,50,-67
-23,-255,-2,-57,-91,-1
-37,-254,-4,-60,-40,-29
-26,-261,20,21,179,-102
-2,-258,3,-16,14,-12
-56,-257,11,38,68,86
-31,-257,-22,-14,0,-16
-12,-267,-4,11,-11,-72
-19,-264,15,27,24,-117
22,-259,43,-35,68,56
-1,-255,-7,94,39,-106
-31,-272,27,-17,31,-63
6,-250,-19,-2,-54,58
23,-281,4,9,-79,-16
22,-240,-9,27,-21,-7
-7,-248,-0,23,-81,83
17,-280,3,36,-27,26
8,-266,11,-31,35,-13
39,-233,-39,34,4,-24
28,-242,-1,-54,-105,-42
1,-248,8,-110,29,-0
28,-260,-23,-26,2,-80
56,-285,33,37,59,-60
54,-247,28,9,90,15
13,-245,23,-20,8,61
36,-251,25,75,-69,18
-4,-235,13,-37,-47,8
62,-263,-14,-50,-33,-3
50,-252,-14,11,-10,44
57,-247,12,22,-5,-19
47,-242,-20,-38,-68,-28
53,-256,-43,-12,43,107
6,-247,-22,-5,-33,-90
12,-253,6,93,-80,-18
59,-248,-15,-34,78,-62
71,-255,-19,-107,-12,13
43,-267,-3,-19,61,19
42,-246,-61,109,60,102
37,-256,-13,-49,-70,24
33,-256,26,-92,6,21
57,-265,2,-31,-8,-11
32,-249,36,-29,1,-11
50,-244,-13,-63,39,30
54,-249,30,36,-39,22
76,-243,21,93,-73,68
33,-244,14,-0,-19,-17
25,-264,19,-58,29,-25
6,-264,3,51,5,-5
50,-251,13,46,28,105
43,-253,-13,-35,3,64
49,-238,-11,-26,-68,-7
72,-261,-10,-80,93,31
22,-249,41,74,-35,70
39,-260,-9,-35,43,-46
4,-258,12,-70,12,-17
-0,-263,-11,-66,19,44
16,-241,-9,-42,-26,-89
27,-262,9,-52,-38,-44
11,-250,32,88,26,-110
14,-267,-23,-41,-9,22
13,-245,-32,14,-35,-39
14,-241,-28,48,55,-32
5,-258,6,-34,30,-65
-25,-241,-15,3,60,-107
-23,-250,29,-59,75,-8
-46,-257,18,-8,-3,-47
-28,-270,1,-58,-8,18
-13,-247,22,-19,-34,-0
-4,-281,5,-15,-40,-14
-9,-260,16,-42,-52,-51
-19,-245,16,-54,0,-103
-39,-250,17,69,52,-50
-57,-244,7,-20,11,56
-23,-250,-16,-154,54,-63
-17,-261,18,15,36,-9
-37,-252,-32,-41,44,-19
-43,-260,9,-15,59,81
-57,-255,-6,-1,-22,4
-25,-255,-19,-9,-74,-24
-40,-259,-4,46,36,-49
-34,-265,-18,105,20,-43
-45,-259,-1,-11,-9,41
-46,-271,7,-4,76,31
-14,-248,-6,-79,11,-11
-54,-249,-0,-10,28,7
-61,-239,-4,-62,-20,-8
-81,-245,21,102,-47,23
-77,-247,21,-70,88,-88
-55,-272,-8,86,49,-56
-69,-253,-36,-29,-39,-9
-56,-275,-5,-76,63,-38
-22,-257,15,24,-71,31
-81,-251,10,26,42,77
-12,-244,-22,85,21,-45
-52,-274,-3,-52,-60,7
-50,-266,-5,3,-12,-52
-37,-269,26,-29,71,14
9,-271,-12,31,68,-24
-55,-250,47,37,-44,184
-58,-260,-7,-84,15,-18
-28,-248,9,-67,87,-9
-31,-262,-1,-43,-2,-75
-61,-242,12,66,-31,-10
-30,-265,23,8,-4,-75
-12,-246,-4,76,4,64
22,-248,8,66,-65,-37
-23,-266,15,91,39,-47
-53,-247,38,69,28,-98
-21,-243,12,-77,11,-1
14,-261,-22,47,-13,18
14,-245,-25,6,-31,-53
-13,-263,4,10,26,13
-19,-263,-19,-79,42,-1
-15,-249,18,-29,22,15
7,-254,26,50,70,36
17,-249,22,-3,45,-63
22,-262,17,32,9,9
16,-263,5,5,33,-64
4,-269,7,-68,-3,-45
43,-254,22,-26,-45,10
27,-241,28,78,-47,25
43,-254,-11,-26,-31,-21
42,-257,-10,78,32,4
27,-267,-19,13,-5,44
37,-236,-27,-27,-56,22
61,-264,-11,28,-94,-23
70,-259,-19,22,56,-82
19,-241,-21,3,24,-0
116,-255,9,-42,-52,-2
39,-254,17,40,49,81
67,-267,1,-53,-17,14
44,-249,-11,-55,29,3
55,-262,-16,-33,40,-9
75,-252,-31,27,7,-2
64,-248,-27,-39,84,-38
25,-238,2,-11,-83,46
52,-267,-9,-6,81,23
63,-261,10,-38,-83,-40
38,-246,-10,1,-66,30
60,-252,40,-19,30,77
70,-283,-21,12,-22,-1
59,-264,8,-30,-30,-34
33,-249,20,5,8,-15
48,-248,20,-65,-60,-46
29,-253,-26,1,-55,-37
59,-266,10,-17,-54,25
64,-263,-1,50,5,-6
20,-247,3,-13,-20,3
39,-275,8,30,8,-38
35,-251,13,113,-65,16
7,-247,10,6,-19,59
6,-273,-1,-12,-63,20
8,-273,2,25,79,2
30,-267,-3,48,-95,-45
3,-253,-8,12,-5,-35
36,-249,-4,50,81,22
53,-251,-20,58,51,-18
17,-270,-30,-44,38,25
7,-280,2,-2,-18,18
8,-269,-15,-56,-24,-47
-5,-268,-26,67,-29,43
-6,-252,8,-8,-47,44
11,-233,2,-48,-38,6
-4,-240,18,5,-14,15
3,-251,-5,22,-12,51
8,-265,6,-61,32,20
1,-264,27,-49,64,64
-18,-261,24,-0,88,122
-24,-236,-14,61,8,-9
-21,-260,17,14,6,-22
-58,-243,1,-3,22,46
-43,-242,15,-3,-4,109
-35,-241,-5,49,8,-47
-14,-264,20,-39,-4,-17
-19,-258,-1,-16,-18,-1
-18,-260,6,-14,-13,-8
-40,-271,-10,105,-4,-12
-45,-259,-3,8,-4,-30
-32,-268,26,24,-29,32
-6,-247,26,66,-42,73
-33,-262,-21,39,-71,-79
-49,-246,-23,-38,-10,-33
-48,-244,8,36,-78,-21
-49,-267,-38,101,-66,51
-87,-262,14,63,8,-49
-55,-246,5,-20,-57,-46
-75,-257,-32,11,6,10
-51,-255,-26,33,16,-7
-47,-257,3,41,3,38
-60,-250,-18,62,-16,34
-62,-264,-10,34,3,88
-45,-262,0,61,-21,-45
-79,-252,-1,-96,23,-29
-10,-255,-6,-78,5,-61
-45,-251,-15,39,-74,-8
-97,-250,-13,25,74,-30
-63,-258,18,89,43,39
-23,-250,-8,14,24,24
-71,-269,-34,1,-68,-59
-58,-276,-8,-8,88,-38
-59,-252,10,19,-23,39
-32,-276,3,-8,-127,-60
-6,-261,12,84,54,32
-16,-269,-34,70,39,-42
-60,-262,-51,21,-43,-50
-17,-253,24,41,-11,-57
-24,-266,-23,15,-26,-42
-8,-248,-1,-33,-27,11
-23,-269,-9,-59,31,-60
6,-260,1,-14,-67,37
-2,-257,-12,-15,24,-1
-10,-251,31,29,-73,17
11,-263,10,-10,-83,108
-24,-245,25,-5,-18,-27
27,-250,27,-85,-1,24
-15,-250,20,-15,-30,6
0,-249,-7,19,20,44
33,-265,-14,38,-55,-38
15,-257,-8,72,-12,78
26,-269,-5,-25,17,7
43,-251,-9,-29,13,87
31,-252,-27,-20,16,19
21,-255,24,25,91,94
2,-264,16,63,-7,25
4,-258,-14,-1,-92,-56
64,-243,2,10,-26,-6
23,-280,-6,-4,-5,-58
17,-246,-10,44,-37,-46
21,-247,31,26,-31,45
35,-245,22,-40,-39,46
66,-269,-3,-39,-7,12
32,-244,-21,7,-43,10
87,-258,-6,-74,-1,113
76,-252,31,-3,-9,-36
58,-267,-31,-4,87,66
63,-248,24,-0,17,41
51,-267,-19,-2,1,49
68,-253,-46,90,-29,-101
90,-281,18,-42,-104,-30
56,-257,30,-30,-30,-12
61,-252,-27,-46,-46,38
41,-249,-27,-4,-35,-0
17,-253,29,40,-76,-31
89,-257,3,40,137,85
22,-247,9,-52,-62,111
21,-253,-5,-29,29,-27
34,-250,-10,15,32,64
55,-246,13,-66,-15,-71
29,-255,10,11,12,7
26,-259,-12,79,71,-105
-12,-246,21,16,-108,-63
27,-269,-11,34,-7,-19
29,-259,15,33,23,-95
37,-257,23,-44,-68,-10
33,-251,15,-39,8,43
36,-255,-38,66,-100,-77
24,-271,6,-36,-26,85
-40,-258,-2,-48,12,-24
26,-255,-21,46,-54,-25
22,-246,-2,142,39,-24
33,-245,30,-41,40,122
18,-262,-26,22,-36,-39
-9,-268,-18,-28,-5,25
9,-262,23,27,91,34
-31,-279,-15,-42,-3,36
-25,-258,-16,-39,-26,-48
15,-246,34,69,35,31
-26,-265,6,-6,22,-6
-16,-270,34,59,57,-21
-16,-272,10,-10,-19,-72
-19,-267,-7,41,7,-10
-39,-253,-0,63,103,-1
11,-254,13,64,24,-121
-67,-246,-10,36,74,38
-27,-252,16,4,-27,23
-42,-271,-37,5,17,14
-31,-260,31,-6,15,13
-33,-256,-18,-52,-15,-27
-38,-264,-15,-39,-32,4
-81,-233,-36,-41,46,1
-39,-262,-0,41,2,15
-21,-264,2,-82,-52,-2
-16,-242,19,-21,25,77
-60,-246,2,20,61,-13
-59,-266,16,-44,-79,-60
-41,-248,-15,-12,-47,-50
-36,-246,-38,-7,43,-40
-37,-250,-8,-17,17,10
-32,-264,-1,-33,-27,-24
-72,-257,5,50,-12,26
-21,-265,-5,-56,6,-10
-82,-258,2,-58,47,75
-40,-258,-37,49,28,-68
-44,-274,6,-104,43,-23
-46,-258,-20,15,16,83
-55,-250,34,38,-46,7
-23,-253,16,20,10,32
-42,-256,26,-49,-53,11
1,-257,2,44,61,33
-92,-262,-0,-79,56,42
-29,-262,12,51,-0,3
4,-250,-21,-55,117,-51
-17,-267,-4,115,20,14
4,-248,17,-65,-45,42
-26,-241,-18,9,18,51
-45,-269,38,7,54,-23
-17,-246,-2,38,33,10
-17,-255,-18,58,-56,86
2,-247,-24,-13,-27,-57
1,-255,-19,57,70,21
-13,-262,23,33,18,1
6,-270,-10,-48,-119,27
-5,-272,-18,29,54,24
17,-257,-1,70,-34,-86
-24,-248,-31,-36,13,-5
-15,-277,-17,-64,-59,65
4,-272,-16,66,75,-57
29,-271,11,-61,-12,24
-3,-266,10,48,-83,-15
-2,-270,4,51,47,2
40,-258,-9,-27,114,8
53,-256,-20,74,-13,-92
42,-255,-7,-25,-25,39
14,-253,28,118,-61,-23
49,-246,-17,78,-15,-17
42,-239,12,1,-30,7
16,-249,-0,31,18,-32
37,-240,11,-34,27,81
41,-251,-17,-70,-37,12
49,-250,-4,59,33,22
43,-247,7,-4,-27,-36
55,-249,22,54,30,-64
17,-264,15,45,-36,38
60,-257,26,34,35,52
27,-265,29,65,-3,50
59,-247,11,13,-44,-59
35,-255,-23,-4,40,-13
80,-273,4,32,41,108
33,-258,6,-18,11,-129
75,-278,-12,-11,50,40
37,-260,-16,-32,-17,-63
29,-253,-8,-5,10,13
33,-248,-13,47,-22,7
19,-265,9,-39,11,7
80,-252,-21,-31,16,-6
67,-254,9,94,51,3
37,-247,-57,-31,-81,-29
-11,-260,22,58,8,57
-0,-251,-22,-48,-25,15
57,-252,9,51,-27,-6
17,-261,-1,-25,64,-11
20,-257,13,33,15,52
23,-251,-5,-38,-58,46
47,-265,20,-2,-37,31
16,-261,-17,19,-6,87
26,-238,-47,-15,64,-44
46,-262,-11,-12,-17,-1
17,-256,-21,-19,-5,-72
-5,-247,-4,-10,-129,10
25,-257,12,-39,45,29
29,-273,29,-5,6,-29
12,-259,-30,17,-60,-79
-12,-267,-21,-50,-40,59
28,-260,-8,-25,96,58
6,-254,29,108,-6,20
-23,-257,-0,-61,48,43
-21,-271,-8,21,-14,5
-7,-262,-12,54,14,-8
-4,-258,7,-67,1,13
-1,-250,-20,-111,40,-13
-32,-252,24,-30,-70,65
-15,-250,-13,9,-70,-42
-20,-273,35,38,39,49
-24,-259,-10,31,-73,-17
-37,-258,-11,-44,-35,-62
-53,-258,-2,22,20,-5
-11,-269,-10,74,107,-136
-33,-265,-29,-21,-11,-32
-56,-258,-23,20,20,84
-79,-257,-32,12,-45,25
-11,-258,-4,41,24,131
-67,-269,-8,63,3,56
-32,-260,-35,-47,39,-16
-67,-270,-3,3,-9,25
-33,-248,20,-3,33,-14
-62,-270,14,19,-40,-69
-45,-265,2,75,4,12
-63,-261,31,-21,-22,18
-14,-264,-2,-38,37,60
-52,-242,-8,-14,-17,71
-51,-275,-9,-95,88,-43
-33,-248,-29,56,-44,2
-40,-267,-15,116,-10,34
-42,-245,25,38,65,-0
-69,-260,-7,16,-38,118
-1,-263,1,-84,-24,29
-39,-258,40,-35,-8,-0
-4,-260,-0,139,-4,14
-24,-251,-6,62,-1,-83
-59,-262,-3,-64,-48,-5
-54,-258,14,-76,-57,28
-31,-256,8,18,17,40
-46,-269,19,38,-58,-59
-45,-255,4,-15,3,1
-22,-258,-34,42,-47,-29
4,-265,-35,-73,-62,18
-13,-242,-24,31,17,22
-22,-259,-19,-6,-50,-1
-34,-270,-31,61,11,10
-8,-277,-6,-1,68,-13
-19,-257,-4,-32,10,85
-21,-262,-14,-35,20,38
15,-246,-13,73,-7,9
-14,-253,-13,40,36,37
7,-256,-17,52,55,18
14,-262,2,5,83,56
12,-229,-4,-55,38,-54
-4,-252,32,55,-8,-20
15,-250,-15,17,2,56
42,-228,-47,80,7,58
-0,-250,38,-55,61,34
34,-255,15,-71,17,-28
7,-261,2,30,-83,1
34,-253,32,-6,74,6
-4,-263,-3,-93,19,56
48,-250,-3,24,20,7
53,-269,8,50,-6,40
1,-256,-6,4,-84,63
58,-253,-2,130,-1,23
17,-246,-17,5,-6,-26
61,-273,26,-20,66,41
7,-252,14,52,14,-42
7,-239,1,17,-107,6
42,-255,30,-13,-18,95
42,-252,-8,23,71,-38
98,-238,-5,32,34,61
39,-262,12,86,-66,-35
36,-241,-22,21,17,-38
25,-243,-25,-46,77,47
71,-242,-24,15,97,-71
70,-271,-47,-17,12,-0
52,-276,13,-21,-40,56
47,-256,28,41,-60,14
33,-260,-30,43,-5,21
35,-256,-12,-35,-3,21
89,-254,-24,-30,-12,109
35,-269,-26,-62,-22,-94
78,-252,13,-85,-61,18
51,-250,-17,-54,-11,141
101,-252,-13,-103,-23,1
54,-248,-25,99,39,9
35,-265,7,57,3,24
7,-242,-0,-22,57,-51
8,-242,8,-62,-84,-19
17,-245,1,-70,-34,22
27,-253,-32,-94,-4,44
28,-254,15,55,20,106
2,-248,3,-47,20,19
1,-277,-38,6,-18,25
29,-252,-15,-76,-20,42
43,-272,9,-39,-39,-15
-5,-254,-11,8,69,-2
3,-262,-29,115,-14,35
-24,-276,17,11,-30,45
19,-250,26,-124,54,-71
12,-271,43,-32,26,21
-15,-261,-5,48,19,-60
-41,-254,-10,-11,-34,-10
-3,-265,46,-89,41,68
-45,-267,14,17,-19,-12
-27,-251,-8,52,5,-68
-20,-249,-25,43,-23,-16
-40,-261,4,-12,-10,55
-31,-250,-9,40,-15,-25
-21,-247,48,-27,25,-7
-38,-259,-9,14,-42,-33
-40,-253,2,-16,-43,-33
-30,-274,-16,55,-45,40
-56,-240,-18,-43,55,-59
-29,-242,3,-38,85,8
-78,-248,25,-7,-65,21
-9,-252,-4,89,-46,90
-38,-263,-22,19,83,-68
-35,-275,23,18,-67,-8
-78,-239,-32,0,5,-1
-65,-270,-2,-25,-10,-59
-15,-255,-43,47,71,47
-78,-249,6,26,-14,4
-49,-248,-13,106,32,-40
-71,-253,12,-88,6,19
-60,-241,10,83,-6,-16
-70,-256,-12,42,-120,-45
-88,-243,8,-105,26,-26
-54,-251,-32,-70,-80,-41
-49,-275,25,60,43,45
-44,-269,38,43,57,-59
-18,-265,10,19,-13,-53
-54,-256,8,-11,52,11
-76,-258,3,-26,12,42
-43,-270,-11,-14,45,-69
-41,-263,17,-103,29,26
-33,-256,-39,23,-20,-10
-28,-255,-3,-20,-1,25
-24,-244,-33,-40,-50,-3
-32,-254,15,-5,-82,29
-40,-263,-9,-73,38,71
-51,-262,6,-43,-25,-26
27,-248,-45,69,36,37
-10,-264,16,-24,-19,70
-38,-263,18,73,-45,-26
8,-257,2,117,11,54
-42,-259,33,57,-16,-21
8,-263,-21,18,-29,-37
7,-245,25,-5,5,4
10,-257,7,118,5,-13
9,-264,-1,-21,45,73
-28,-260,3,-13,23,-71
14,-256,-23,38,-18,56
-27,-271,-2,11,-5,-65
29,-256,-17,-24,24,21
13,-268,21,-53,24,-100
22,-256,-10,97,-52,16
30,-250,11,27,146,-27
11,-256,47,-77,-14,4
48,-253,17,7,-15,-46
70,-231,1,-45,-71,-29
30,-262,8,55,18,-76
40,-259,23,-25,8,36
45,-260,9,19,-23,50
18,-252,4,20,-6,35
66,-251,13,-70,54,67
54,-257,-28,-6,59,-24
41,-259,32,-24,-29,30
22,-252,5,16,51,32
63,-251,7,-17,4,-77
63,-252,12,-1,84,44
60,-251,-6,-35,69,1
18,-257,11,-17,42,-50
75,-258,-6,32,102,-82
90,-253,-15,-112,-39,80
32,-260,6,44,-49,-101
50,-262,-11,53,1,-64
32,-234,22,43,79,-37
57,-258,20,48,72,7
51,-257,24,-34,-33,9
41,-258,-27,-54,-8,-31
60,-265,16,-2,-112,85
56,-248,10,50,105,16
14,-274,12,43,-51,114
59,-276,-29,10,42,-26
30,-245,4,1,-18,5
13,-262,-15,-19,-78,1
88,-242,-15,75,55,52
18,-244,-4,-17,-123,2
14,-270,14,-36,50,40
30,-243,-11,-20,9,26
39,-262,-10,-57,44,-6
42,-258,-8,20,-3,98
-2,-260,-2,-39,-7,46
27,-250,30,73,-20,-39
40,-275,2,2,38,12
18,-244,-36,-54,30,30
-14,-243,-17,42,102,26
-6,-266,9,1,-86,66
6,-256,-28,-92,-6,-15
23,-259,-22,45,76,-90
-12,-265,25,-24,-5,60
-22,-252,-8,102,111,17
-24,-252,15,-6,58,-15
-8,-271,4,-79,16,-59
-11,-262,3,84,21,-51
11,-261,-28,-37,21,-61
-39,-268,-20,71,35,-21
-37,-277,-3,-56,-49,-44
-62,-259,-18,-18,-29,-14
-30,-238,-25,49,-45,-5
-25,-269,5,43,-36,-54
1,-238,-40,22,19,-27
-39,-255,25,-16,40,16
-57,-274,22,-63,0,41
-94,-273,-19,27,18,-8
-26,-251,4,18,11,-32
-10,-249,7,62,53,105
-56,-269,24,124,-10,-43
-54,-258,9,32,-14,-47
-67,-267,2,-2,35,66
-64,-261,4,-35,-57,-24
-57,-243,7,-60,34,34
-85,-257,2,-42,-14,96
-37,-265,-9,38,-66,-7
-55,-241,-1,43,-8,32
-81,-249,-3,68,27,40
-78,-273,45,-47,78,-62
-53,-245,-5,18,21,92
-51,-261,-43,8,-34,67
-27,-268,-6,-45,1,11
-63,-262,6,34,-34,-14
-45,-273,36,-22,23,42
-0,-255,-32,81,-63,154
-62,-249,-7,38,-35,-35
-49,-249,-37,-117,64,-42
-22,-280,3,31,-24,4
-18,-250,-7,-52,-11,-54
-46,-262,47,-42,-18,99
-18,-273,6,-21,-24,78
-17,-254,11,13,-49,-46
-24,-238,12,-73,16,7
-17,-248,28,-10,-50,-17
-2,-240,1,4,11,4
-24,-252,6,-41,-28,-63
-8,-250,28,-77,18,24
2,-250,17,49,62,13
-42,-254,8,-2,-30,-88
24,-267,10,65,32,-65
8,-272,20,37,-35,53
18,-272,9,45,101,-77
16,-253,43,-58,-5,-68
37,-270,15,49,-9,-11
-11,-248,-21,-9,99,-35
28,-256,-6,-25,-62,0
50,-256,-17,-62,-35,3
29,-262,-19,-73,77,-41
16,-237,-0,-27,-1,-28
64,-249,-4,46,29,94
44,-246,40,-74,25,-61
18,-259,23,46,110,-40
79,-254,4,25,29,-47
39,-273,11,14,-7,125
17,-245,32,54,41,-34
25,-244,5,-13,50,50
65,-257,-17,14,47,-39
30,-246,-0,-99,-26,-50
49,-249,-11,-9,-25,-54
43,-269,2,-6,25,31
40,-275,-2,-22,-83,-27
33,-264,1,20,-63,-20
53,-263,8,33,-23,51
45,-250,7,11,-52,-14
22,-270,-21,-6,-48,10
46,-247,11,-37,-23,-3
56,-245,-24,-17,20,42
64,-264,1,-6,93,25
45,-253,-4,-49,-117,36
3,-248,-12,30,-32,35
66,-256,-24,-64,13,-5
43,-274,-2,46,114,-80
46,-239,3,-64,-30,15
60,-276,-6,-19,80,-39
32,-251,15,10,20,28
25,-244,3,-41,-29,125
30,-243,-16,94,45,33
55,-274,15,-6,23,-38
20,-252,-1,-14,35,-63
5,-250,5,-55,28,44
23,-244,-52,-43,35,-90
25,-247,-2,-71,-34,-24
20,-258,24,-24,54,-34
41,-254,-28,-24,20,31
40,-260,-28,46,-23,85
-2,-260,-17,27,68,39
33,-266,-38,73,-106,32
27,-264,27,-50,1,22
5,-242,10,-23,39,-54
-42,-254,-14,3,-52,41
15,-263,2,-98,-11,-11
-43,-254,0,28,-148,-22
0,-276,-5,-37,94,-134
-10,-246,-4,-48,41,8
-9,-257,6,34,-12,29
-42,-255,20,50,-34,-21
-10,-264,14,-35,24,76
7,-263,10,-65,-32,1
-17,-272,1,38,105,-51
10,-259,28,-1,-82,-29
-37,-250,13,-122,43,-88
-28,-257,-2,51,-6,66
-19,-273,9,-48,-44,-94
-58,-253,-29,-2,-62,-90
-58,-258,-24,-57,-10,-29
-30,-253,-7,-60,-70,24
-49,-279,-3,-94,-21,36
-17,-246,-16,107,-32,-28
-53,-255,10,70,14,-53
-26,-270,15,14,-44,-74
-66,-262,-41,-2,18,57
-34,-265,-30,-66,-62,57
-36,-272,-17,51,32,-144
-100,-233,-24,-9,-62,-28
-65,-251,20,43,-63,-56
-61,-256,-9,-36,-25,-76
-59,-269,1,-28,-48,-71
-32,-240,15,47,25,51
-69,-261,18,69,21,47
-36,-254,14,24,10,-45
-34,-254,4,19,10,54
-27,-246,1,47,-6,19
-39,-260,13,-8,-28,29
-17,-270,14,3,26,30
-50,-267,18,-18,58,-43
-24,-246,-32,71,50,40
-35,-232,-19,-40,30,-73
-18,-263,10,30,-17,-21
-32,-251,-18,-107,-15,-42
-14,-237,12,-76,-43,65
-38,-258,40,78,17,-33
-21,-268,14,-48,-51,28
-11,-253,-2,78,-20,31
-18,-263,2,-35,-46,24
-32,-249,36,72,-61,3
-31,-235,17,16,31,5
-6,-261,-30,-49,104,19
16,-257,-5,-4,26,17
-13,-260,21,-27,-58,-41
-17,-248,-27,45,22,1
2,-272,-7,-43,-16,60
18,-253,34,51,-3,-8
2,-262,6,19,16,35
16,-253,34,13,-27,1
-0,-256,5,3,40,-40
-13,-255,-5,28,40,-25
17,-239,-13,-16,-32,-47
4,-265,-26,-17,-24,43
48,-258,40,-24,84,21
28,-252,-23,70,78,-61
42,-243,-4,10,-71,-76
77,-255,-1,-27,-41,-38
43,-263,16,21,16,50
43,-239,8,43,31,-64
20,-256,37,39,27,-38
33,-261,-27,-107,76,44
66,-258,-6,-42,-37,12
37,-266,14,-106,-114,1
43,-259,15,37,-39,9
30,-258,20,-135,40,-40
67,-262,-24,-14,-1,-87
31,-255,34,-7,48,-97
77,-244,-2,-4,30,107
49,-256,-42,20,32,-73
35,-260,-2,-73,-36,-19
14,-264,-29,-52,-39,-20
75,-236,10,-16,-3,24
41,-245,31,25,-14,-77
52,-247,-62,-59,10,58
50,-251,-8,-94,-1,59
69,-252,26,34,93,117
31,-260,-4,-88,26,-19
51,-258,-29,-18,7,-42
49,-261,-12,-8,-38,-38
24,-269,-7,7,24,-39
47,-276,-24,2,20,-116
15,-257,7,-31,20,-29
29,-246,10,19,13,-91
47,-241,7,-4,74,-22
27,-263,-10,-6,52,-45
35,-253,5,96,-28,35
-2,-272,8,-9,-32,-68
40,-264,-6,16,-106,101
10,-245,5,17,9,-2
-24,-259,-14,51,46,-41
-10,-262,21,-11,7,51
19,-256,39,-34,15,145
-13,-261,12,43,9,-24
1,-275,25,-9,-1,-50
23,-247,6,-54,-6,35
19,-273,8,97,-0,12
-12,-271,46,63,-31,22
15,-258,-21,48,-30,-1
14,-237,21,35,7,-65
-16,-252,19,118,37,-83
-0,-257,-26,-8,95,-81
-25,-241,18,-40,39,-32
-48,-262,6,2,-30,93
5,-241,-41,-61,-40,-30
6,-260,14,-113,7,-18
-45,-260,-40,40,5,-27
-5,-235,7,25,25,13
-74,-246,11,53,-111,15
-10,-254,-11,29,2,57
-53,-252,40,-55,-16,-21
-59,-257,4,-83,-23,20
-85,-249,-2,21,-4,-49
-55,-252,-29,44,6,44
-39,-249,30,-42,23,-51
-69,-268,22,-33,-64,-42
-53,-253,-5,-2,-25,-50
-55,-250,-30,-21,37,-11
-47,-259,-39,-37,-119,70
-37,-265,-2,60,28,-2
-56,-250,25,16,-88,-30
-13,-274,-10,28,47,-19
-60,-257,7,7,4,102
-47,-268,1,45,-82,-73
-53,-253,-14,19,-9,40
-91,-269,18,20,-39,28
-75,-255,23,51,55,2
-40,-272,0,-99,-32,33
-43,-247,6,43,84,6
-10,-259,-6,-68,-98,-75
-31,-260,5,-35,28,-24
-20,-265,8,25,49,34
-28,-252,-14,-32,21,-4
-47,-279,1,24,61,35
-17,-262,15,23,31,-29
16,-243,22,139,13,-17
-16,-261,17,21,70,-33
-10,-268,-44,-0,41,-36
-32,-259,13,13,53,123
-10,-253,-9,-21,28,-53
-12,-259,33,12,-43,26
-35,-264,11,14,5,1
-14,-253,19,8,12,-33
-0,-253,-4,-48,5,31
40,-258,8,112,-46,-1
4,-255,-9,50,19,12
-6,-243,-12,9,7,-44
14,-267,-45,-26,71,151
-15,-266,6,57,-60,-27
-3,-251,16,-23,35,4
-13,-262,-13,-41,-38,95
-6,-238,-8,26,-28,-5
44,-262,5,65,-67,18
13,-256,3,25,-80,-13
18,-265,-2,-5,-47,-5
32,-245,5,-6,-39,30
35,-269,62,-66,6,-83
24,-249,-2,-15,-53,57
53,-262,-11,94,57,2
49,-234,-39,25,-12,51
71,-256,-28,-75,-28,-36
25,-257,5,39,27,-25
74,-268,58,-19,36,33
38,-236,-4,80,1,-41
3,-244,30,41,-51,-3
30,-252,-12,-82,-35,18
32,-259,25,-1,-92,-82
65,-250,15,48,6,2
14,-250,12,101,-21,-5
59,-261,-29,-21,-161,28
54,-253,-9,-79,92,-67
52,-246,-21,-18,-10,110
55,-250,-4,-17,-30,57
41,-246,-5,-31,-29,-37
35,-263,-52,-12,-40,20
-3,-257,18,51,15,16
46,-260,8,-41,10,41
40,-257,6,-65,-29,-27
41,-254,-12,-39,-27,-31
57,-240,-20,60,-91,-99
14,-252,-10,-36,65,-20
3,-242,-31,52,-8,11
10,-254,-22,-33,13,-27
36,-261,15,49,-33,0
30,-268,-7,114,-34,45
30,-256,11,-36,38,4
30,-255,-34,-17,60,18
23,-258,14,73,-37,35
4,-268,14,-71,-91,12
7,-245,21,96,-35,-42
12,-254,-40,105,27,43
-9,-266,28,-25,-50,45
-8,-243,17,5,-26,-23
17,-257,15,16,-16,-21
29,-259,-8,15,77,24
2,-264,-2,2,9,-94
12,-258,-37,38,40,131
-44,-260,-23,89,39,89
12,-266,-15,-9,49,-79
16,-257,-4,30,-123,-47
12,-279,1,51,14,3
-27,-272,20,50,-98,25
-21,-248,14,-16,-4,21
-56,-251,25,8,25,59
-24,-261,10,38,7,53
-41,-240,9,15,-2,85
-26,-247,-12,-43,39,-118
-42,-253,-19,-19,24,6
-52,-261,1,24,0,28
-28,-238,25,39,1,-67
-52,-265,-8,-12,-26,-88
-50,-271,-8,-101,3,-41
-43,-254,3,126,29,13
-39,-264,43,32,-88,-60
-63,-261,13,0,-39,35
-41,-262,-19,-107,3,-23
-55,-246,-17,-103,26,-16
-67,-251,2,27,38,19
-50,-250,-22,-50,57,120
-49,-233,15,47,-4,-57
-51,-248,-2,39,-64,-45
-49,-256,21,-20,67,-58
-62,-250,-2,-30,34,48
-37,-256,37,44,33,78
-39,-257,-6,-43,-76,-26
-17,-262,9,-7,32,32
-61,-259,37,-111,-44,-18
-35,-259,11,-14,3,-56
-52,-265,-3,-80,40,75
-50,-245,15,-29,-32,59
-32,-248,16,4,65,53
-18,-259,-18,3,9,18
-13,-254,-3,-26,24,13
-10,-259,-6,82,-50,-34
-38,-248,-38,114,80,-20
-47,-249,7,56,81,-12
-6,-238,18,-20,6,53
-32,-260,-13,-28,-25,-16
-21,-257,-35,-65,-11,12
-41,-245,-18,-40,29,-13
17,-257,-4,-3,-56,-47
-32,-262,-5,53,0,55
-27,-242,8,34,-9,-40
-17,-264,9,28,-67,21
-13,-257,7,51,80,46
21,-247,5,9,-32,1
15,-251,14,29,21,-55
-27,-256,12,-36,74,78
-0,-259,-2,29,54,-44
20,-252,14,42,-7,-99
6,-252,-18,-47,43,39
33,-255,36,37,74,-39
45,-242,9,-59,-39,-29
-3,-267,2,-39,-12,27
62,-239,3,-25,-9,-17
33,-257,27,49,0,-8
49,-252,-3,66,-90,9
70,-259,9,56,10,9
19,-243,6,-73,1,-30
45,-260,-13,-26,5,-60
19,-267,19,58,52,-33
62,-265,17,-37,41,-41
82,-269,3,-9,-2,-60
57,-264,9,2,45,-0
30,-261,-6,22,-78,62
31,-248,27,-17,5,25
72,-250,22,-52,66,-18
26,-240,50,16,-34,-107
55,-284,-6,-103,-8,-7
34,-253,4,-48,24,7
59,-268,-39,16,32,-15
52,-231,25,-34,-50,31
49,-242,21,87,-8,-51
79,-268,2,4,41,-65
21,-256,25,-58,71,-12
10,-277,5,46,-25,25
60,-250,5,-39,40,-15
26,-270,11,39,7,-52
24,-240,-13,-45,-5,47
40,-260,32,-34,-74,37
41,-252,26,-52,47,-62
39,-253,1,72,22,31
51,-244,-5,-33,-6,-2
51,-266,-2,-24,-30,66
29,-248,4,16,74,5
61,-261,20,65,42,-5
50,-249,-8,-67,-11,3
-25,-250,-10,-43,-53,-41
8,-250,-18,25,-14,-27
13,-261,27,-45,-20,10
-1,-259,17,9,57,-17
-3,-251,4,23,12,-94
6,-237,-17,-8,67,-79
-40,-251,-0,25,38,-72
8,-265,25,41,98,54
1,-243,49,-107,53,4
26,-272,-18,-102,-41,84
-7,-259,9,24,47,-8
-34,-258,11,-14,0,-51
-27,-258,29,-5,27,5
3,-246,-4,-57,-44,9
-7,-251,21,120,7,24
-16,-249,14,1,-8,-2
-14,-261,-1,11,79,-47
-27,-266,9,53,101,-2
-39,-263,14,-9,-46,43
12,-248,4,-21,-54,-105
-34,-266,18,23,24,6
-40,-259,20,38,-17,14
-41,-272,-9,-3,-10,57
-44,-249,34,12,-29,17
-39,-252,-47,-7,10,36
-64,-248,-22,-47,-76,53
1,-261,-5,-66,112,72
-51,-246,13,22,-56,1
-49,-256,23,-30,22,-17
-24,-253,14,-49,89,-46
-53,-249,32,14,2,-40
-42,-246,6,39,28,92
-46,-254,8,-17,-11,-59
-22,-280,-22,-29,75,-6
-69,-262,-16,-59,-5,-84
-68,-247,-8,-21,-68,74
-19,-271,13,-31,11,-83
-34,-246,-19,-10,-14,-30
-53,-249,26,-57,-73,-55
-47,-265,12,56,-34,-10
-42,-259,22,29,96,54
-29,-246,3,26,-10,-29
-35,-253,-14,73,-104,-37
-36,-247,2,-61,2,2
-33,-266,1,95,41,13
-43,-245,-9,-12,-8,-56
-18,-248,-18,76,-4,-11
-37,-255,-2,72,62,-26
-36,-259,14,-15,88,-10
-18,-239,-4,-46,58,-12
-10,-261,-8,18,63,-83
-1,-253,-22,-30,21,-12
5,-247,-6,-8,43,-48
-31,-263,4,146,35,6
30,-251,13,-4,10,-32
-20,-254,-4,-51,-68,1
10,-269,-4,24,0,61
-0,-5,-1,0,9,-60
-3,-3,2,12,24,-6
4,-0,2,12,-21,18
0,-4,-1,-37,29,82
1,-0,-2,39,18,-19
2,2,3,-32,-4,46
-1,1,-1,48,82,47
-1,2,-1,22,16,-52
-0,2,-0,-14,2,-9
3,-1,1,-80,-29,-16
-1,1,-0,49,37,-24
-1,0,-3,15,13,-7
-1,-2,-3,-104,22,-28
-3,1,-1,49,82,-27
1,-2,1,-44,17,-8
-1,2,3,-105,-54,12
3,0,2,-60,-41,-78
-3,-0,2,1,54,50
2,-3,-2,9,-18,16
3,-1,2,84,25,35
273,-70,91,-34,-76,2322
280,-42,100,41,-137,2634
392,32,132,-47,-98,3556
517,144,151,-97,40,5045
680,300,237,-14,35,7030
932,484,334,-94,-27,9420
1202,668,462,-17,92,12102
1486,919,568,28,-14,14951
1712,1135,659,-19,-16,17834
1975,1359,769,-34,2,20617
2214,1551,890,42,68,23167
2427,1736,997,-89,24,25368
2573,1866,1039,-46,3,27115
2725,1948,1066,68,-17,28328
2768,2006,1066,40,-36,28948
2742,2014,1091,30,53,28948
2700,1967,1015,48,18,28328
2578,1851,1006,-50,-51,27115
2412,1725,909,-87,7,25368
2227,1556,841,-19,-18,23167
2002,1359,782,25,27,20617
1693,1143,687,30,6,17834
1418,924,586,54,35,14951
1156,699,495,12,-3,12102
932,487,362,17,-15,9420
662,289,281,24,13,7030
511,148,153,65,-19,5045
339,26,140,99,48,3556
228,-45,102,-49,25,2634
232,-79,121,5,-38,2322
258,3,3,-49,97,25
263,1,2,-16,59,44
261,1,-2,48,32,73
257,-2,0,42,-18,78
252,-8,-7,-35,0,-66
257,9,-8,-7,-63,-45
268,2,-3,10,23,39
265,2,2,24,19,-159
260,3,1,-31,-18,10
260,0,-8,6,22,-12
258,5,4,-37,55,60
254,4,2,106,-29,101
249,5,4,-97,-22,-24
254,-3,-2,34,-17,7
258,-2,0,-2,2,3
259,0,-4,7,75,36
257,-6,7,54,11,-99
255,-1,-3,18,16,-41
255,-7,2,28,33,-34
261,2,1,34,47,-13
261,4,-0,-56,24,43
253,0,5,-56,34,0
261,10,-15,-21,-24,-117
253,2,-5,43,-33,113
260,5,4,66,55,2
248,-3,5,1,15,-38
244,3,3,68,4,86
256,-4,1,-16,2,-54
247,7,1,-36,18,-87
258,-1,-3,-53,-2,12
257,-4,1,-4,-59,0
247,3,-3,-52,45,40
263,10,9,11,23,-28
254,8,-3,-59,90,-28
259,-1,6,-66,-59,32
264,-4,7,-42,12,-29
252,-5,-10,-42,-52,-3
256,-5,-10,-7,-34,-3
257,6,8,15,16,22
261,-1,5,-21,-5,-74
257,2,5,51,-12,39
263,5,-8,-43,1,39
252,-3,-2,47,10,-12
254,-6,-7,56,79,-133
257,-7,0,7,75,6
259,4,-1,-23,25,-25
256,1,1,-1,33,-1
261,0,-4,172,-39,-2
239,4,-6,65,135,5
254,-0,-0,-48,73,-19
258,6,4,-60,3,-68
263,1,1,-59,29,-13
253,-4,-3,-0,-5,-38
259,-2,1,-16,44,-12
254,-6,1,-33,66,-19
259,1,-0,25,-60,-83
262,-3,11,23,-80,-9
251,11,4,-7,-20,24
255,-4,7,107,32,34
249,1,1,29,-33,106
254,-1,3,-39,-16,47
255,4,1,26,-12,42
249,-4,7,-9,0,-4
253,5,-4,6,15,50
253,-3,-3,117,-59,41
249,5,-6,22,33,-9
245,-4,-3,-9,-67,-31
261,6,1,33,-23,-21
251,10,-12,72,53,-31
251,-7,0,-159,-66,1
255,-6,1,25,-63,74
253,-7,0,-18,5,-80
250,2,-8,-29,-59,26
256,-8,4,6,58,-13
261,4,5,-26,-74,40
263,-3,4,-70,97,46
253,3,-0,65,-48,18
256,-6,-1,54,37,42
262,3,-1,-14,50,8
255,-0,2,-86,-27,45
261,0,5,62,-33,24
258,-2,-2,27,23,8
257,-8,-6,3,57,89
256,2,1,-51,-48,13
266,-1,-6,76,-19,-88
255,3,6,-24,5,-6
257,-4,-11,54,-61,15
258,7,-5,73,-11,84
256,-1,4,-8,56,24
257,-8,2,-36,14,27
254,1,-1,-56,-11,47
254,3,-11,-3,-29,22
251,-1,-4,-5,-12,-11
255,2,2,6,-20,22
259,3,8,12,39,48
255,8,-8,-5,-16,-46
259,-10,0,41,88,-104
261,-4,-7,-31,75,-32
246,-1,4,-13,20,-110
259,12,-7,-20,52,-66
263,11,-5,-15,-2,40
262,-6,-3,-44,54,31
251,4,7,32,-31,-8
258,-4,-2,3,90,-35
251,1,3,13,33,1
260,-4,9,-0,-27,-5
263,3,-3,19,15,-42
267,2,5,-78,80,13
245,-5,-2,-101,-13,-12
256,-5,6,52,4,-26
254,-2,-6,-57,25,-1
255,3,-3,100,-4,-3
269,-6,-0,-53,-6,16
261,1,-3,47,18,34
240,7,5,-124,-27,-67
252,-0,-7,56,35,-43
253,-9,-6,23,60,48
250,5,4,78,-22,-56
262,-3,2,25,-52,-28
254,-3,4,-1,-57,22
258,6,-6,-26,-78,24
255,4,-0,1,33,-67
253,-3,-5,35,15,-62
256,2,10,-10,56,45
253,2,7,21,34,26
251,4,-3,-55,-29,20
256,-5,-1,-6,55,13
259,2,-3,8,-92,6
261,-2,6,39,34,13
253,13,-1,31,-28,4
258,-8,4,48,-52,18
244,3,7,38,-4,14
257,-8,9,-37,-4,-74
257,2,3,-23,-54,-65
254,-8,-16,-127,-50,-78
255,-2,-1,-65,-33,48
255,-0,8,69,-35,68
256,-3,-1,-66,-20,51
248,6,4,37,9,79
254,6,-1,-14,76,-13
264,-0,7,-15,49,-19
247,1,2,78,20,-26
255,-7,-7,-35,48,-60
255,-1,-4,33,42,65
250,-1,5,20,1,60
259,-4,-5,-8,-7,-69
258,10,3,104,-8,-68
251,-5,-2,-59,34,-28
255,8,0,-54,16,-33
255,-4,-3,31,-46,16
264,-3,5,-51,63,-28
257,-3,-2,22,-57,-62
258,-8,12,-25,-71,-119
247,-6,12,39,130,-34
251,-2,-2,-53,34,-20
258,1,-1,9,-72,47
250,3,-2,21,33,4
253,6,-2,-9,20,-47
258,-6,2,-43,-54,68
261,2,1,-25,-67,-27
265,5,5,-8,-36,-127
253,-2,4,-11,22,56
255,0,-8,51,-20,-9
261,3,-1,-27,-18,88
260,5,8,28,15,22
251,-4,-8,19,56,-17
253,8,3,37,26,-42
256,13,-5,-41,14,58
259,2,-11,-50,27,-17
254,5,1,4,25,66
262,-5,-2,66,55,-66
254,-0,-2,81,-15,-63
258,5,-4,73,-71,23
247,-1,-7,-62,9,29
257,-4,-9,61,-116,68
247,-4,-8,-8,28,-6
254,0,-5,57,25,24
254,-4,-2,-30,20,58
263,-4,9,-25,-78,-20
257,-6,-0,56,93,77
256,-4,2,8,-49,18
257,-3,-1,-36,8,-34
258,-2,4,-3,-20,59
250,-4,-8,12,-47,-25
258,15,-2,13,-2,-75
253,3,5,41,-29,20
258,-7,-1,95,49,-7
251,2,2,95,59,54
247,-4,4,25,37,-23
253,4,2,6,18,-119
254,6,2,61,82,-39
251,-1,8,-79,46,21
244,-12,-1,14,-39,-98
254,-1,-3,64,-9,12
261,-5,-4,-44,-24,-63
254,7,-3,-10,20,-40
254,-9,4,-49,-38,21
260,6,0,-5,-7,-57
255,-2,-4,24,-14,74
255,6,-5,8,-41,68
262,1,2,74,-16,66
259,8,-3,35,-17,-61
263,-3,-7,-6,-2,-26
254,3,8,-39,-16,-17
253,2,0,0,-20,-37
258,-0,-1,-8,-18,-72
253,-0,2,-3,-37,-6
261,7,-7,1,-7,82
258,-1,2,-56,26,16
255,-3,-5,20,72,-5
260,-2,2,-26,41,-10
265,-10,-2,-34,13,48
258,-11,2,-15,25,-38
249,-9,2,79,14,54
257,9,2,-27,-16,-57
265,10,-3,38,5,-60
257,-2,10,100,22,48
258,-5,-5,-88,1,-60
255,1,-1,-7,-43,-46
257,1,4,21,-66,57
259,-0,2,-57,-65,-4
257,-8,7,-2,-4,-69
255,-1,5,36,28,-88
253,1,5,33,53,-34
259,-1,-2,31,76,38
251,-1,-8,-31,33,39
257,-2,-6,-11,-46,-3
262,-0,-3,-38,66,-59
248,8,11,37,36,7
254,14,8,28,-6,-42
259,-2,-1,-6,-47,-6
258,-6,1,8,-29,31
258,-6,-7,-17,-13,-9
246,3,5,64,44,131
255,-6,6,47,107,-1
260,0,-7,93,15,64
251,1,0,90,3,-10
251,1,-2,-6,14,25
255,-3,-2,-92,0,-18
256,3,9,-9,3,17
254,6,3,16,-23,-53
261,0,8,91,-25,1
262,4,9,-35,2,3
255,5,1,-94,-11,18
270,-4,1,-66,-25,105
261,0,-5,3,17,-47
252,-5,2,-13,-58,29
258,-4,0,29,51,6
255,-8,-0,-84,76,2
252,6,-3,-14,-2,35
261,1,3,-15,-28,31
259,12,9,34,50,-36
263,7,-0,-50,-23,19
250,3,9,-55,-27,107
252,2,-7,11,28,23
253,-3,-3,-43,-36,-56
260,2,-9,-81,45,19
260,-2,-2,-65,-90,-78
254,1,-6,53,-35,53
257,-6,0,53,-70,10
257,1,12,53,12,43
263,1,11,-14,-49,5
253,7,-6,5,4,-82
254,0,5,-21,39,-10
253,-0,3,-27,-14,22
261,-11,0,-77,-98,-72
257,-6,-6,8,27,-13
254,8,-1,26,85,4
252,-4,14,-42,-35,31
262,-7,2,15,16,-19
259,12,-5,22,28,-76
249,2,-4,-50,-19,103
261,3,3,-21,17,12
261,6,-11,17,-57,-1
258,3,5,-55,41,-28
260,5,-0,70,-35,-4
258,6,-6,-19,-7,-62
259,-4,-0,-64,-91,83
257,3,3,7,-57,59
260,7,-0,-35,16,1
257,1,-5,-54,46,-62
258,4,-1,40,-41,7
248,-0,2,-2,18,-9
252,0,7,-114,-126,-19
248,3,9,-78,-47,-23
256,-3,-6,-22,36,-40
256,0,9,3,56,54
256,-0,6,-129,-19,-113
253,0,-5,-16,51,43
251,2,1,-49,-75,58
245,0,0,69,-1,-73
253,-6,2,-0,29,100
261,0,5,24,-55,41
257,3,-0,-12,-6,-27
246,2,1,-25,100,-19
257,3,-19,-95,10,-48
263,3,3,12,75,67
257,-2,-2,53,36,-65
256,8,3,-82,-29,54
260,-2,-4,-16,-21,35
256,3,-4,1,-55,-59
256,-3,-11,-9,-47,69
256,4,5,-82,-12,-11
258,1,-11,32,-46,-33
255,-4,-2,33,33,16
260,-1,4,11,-0,10
255,-9,4,31,85,-74
259,1,-3,54,-6,46
266,5,7,17,10,30
263,-4,4,-19,-47,-43
253,3,-3,78,-12,37
250,-0,-6,42,-120,-90
252,2,9,26,-61,-1
252,-4,-3,44,0,6
258,-0,-1,-40,9,54
252,-4,3,40,-36,63
248,8,1,22,3,-12
264,-5,-3,-72,-53,25
261,5,-6,-69,10,4
252,1,2,-23,-63,-30
247,-2,6,-42,60,19
254,2,1,-22,-16,30
259,4,1,133,-111,-3
254,-6,-7,29,-88,-21
257,3,8,-33,-21,20
263,5,-7,-75,15,-39
252,5,11,19,-18,-20
254,10,4,80,58,-31
257,9,-3,42,-147,-41
254,-3,-3,38,77,40
258,-1,-0,-46,-15,-22
257,6,5,79,-34,8
255,5,-4,19,-55,-1
246,8,-0,-83,4,-15
263,8,-1,69,68,-57
263,-0,-4,-45,10,-51
255,-0,1,68,32,116
258,7,6,-129,-19,43
257,-2,7,58,-40,-54
249,2,6,74,75,23
256,-1,-4,-27,31,-128
258,-2,5,60,-15,45
259,-7,-8,-37,-7,-80
262,3,3,-6,30,64
267,-5,-5,14,28,28
262,-5,4,13,48,-87
262,7,7,-13,28,-34
260,-1,3,64,-29,19
258,3,0,61,38,-53
261,-9,-6,27,42,71
254,-1,4,24,-35,-1
255,8,-3,28,-32,-35
258,-5,4,-4,63,43
253,3,-0,19,91,-111
251,1,-11,-35,67,28
256,-2,1,34,-74,57
263,0,2,63,-40,-34
257,0,-0,4,-14,-12
259,-5,-7,58,-26,-22
264,-3,-9,-54,-76,81
254,3,1,-71,-28,5
260,1,-15,-0,-5,46
256,1,-9,51,32,8
263,-2,4,-0,-3,30
259,-2,3,40,41,-6
250,-5,-3,-90,8,39
259,-6,-2,101,85,27
255,-6,-3,48,-83,15
263,0,-6,8,-127,-12
255,-12,-7,79,19,56
260,-2,-7,4,99,-6
253,3,4,-9,-10,-26
253,-5,-0,20,26,67
254,7,2,-85,-44,-15
258,2,3,-12,39,5
257,9,7,39,-19,6
255,-6,0,-81,-0,4
260,2,-10,-27,1,23
261,3,-2,-85,38,89
261,-2,5,-48,-41,-59
251,-1,5,1,-48,-23
260,-3,-10,25,-71,10
264,3,-5,51,78,94
257,1,1,8,29,5
254,-5,5,-14,-26,-24
256,-5,9,-10,85,4
252,-10,4,-36,-7,4
260,-2,-3,12,-35,7
265,1,-6,-31,-32,-23
252,2,-3,-32,-7,-36
254,-3,0,40,-3,-37
254,2,-7,-77,-47,-65
259,5,-1,8,20,19
250,3,0,117,-88,-2
247,8,1,-81,31,-22
257,-3,2,-20,-53,-56
257,-7,-0,-34,72,-13
255,1,0,4,-82,32
258,1,7,76,-34,-2
257,-5,9,13,-68,37
254,6,0,4,-27,63
263,-8,1,-77,15,72
253,5,6,-25,45,61
259,9,1,134,-2,-36
257,0,1,-30,58,13
254,0,-0,38,13,97
257,-0,-3,-15,-31,16
249,4,-4,36,31,41
254,6,2,24,97,-10
253,1,7,58,20,8
255,-2,10,-30,10,-31
258,-4,-0,-20,1,-60
250,-4,4,16,-55,9
262,-2,-1,14,-4,-17
262,-8,-2,-13,-62,52
248,-10,-9,-94,23,4
252,3,-6,-76,-27,58
255,3,1,-68,-45,-8
257,-7,1,38,-2,-16
246,-1,6,16,-35,-82
256,9,4,-74,-52,-5
254,1,2,-1,17,-10
257,7,-4,69,63,53
256,-7,-1,-18,22,33
257,-1,3,2,-75,45
256,-2,-5,-6,67,-59
260,2,-5,-23,-52,-19
252,-7,-5,49,-66,-32
258,1,-4,-9,-12,59
256,3,3,13,69,142
260,-4,3,26,27,9
262,3,8,28,41,-5
246,1,-1,30,22,-21
253,-1,-9,37,23,38
259,1,-2,12,-49,-73
247,0,-6,-48,112,28
248,-0,2,75,50,12
253,2,-8,-49,93,-11
266,0,4,-29,-3,24
247,7,4,-70,65,-29
262,-3,4,-70,-85,-19
255,4,-0,11,14,-8
252,-2,6,-89,49,34
255,-7,6,9,1,37
263,-8,-11,-33,-58,37
245,1,1,32,36,-6
257,-1,3,1,-78,-16
260,5,-4,22,38,94
257,-3,4,18,3,-15
253,-7,9,-39,-74,-21
263,2,3,8,104,45
255,2,-3,-20,-19,32
259,6,-3,-29,-42,-10
262,-0,-4,-3,-32,-17
257,4,-0,54,21,-5
264,2,-2,-68,-3,-61
256,-3,3,34,91,100
260,-1,-0,-17,-1,-103
257,-1,-2,-10,-27,28
253,2,-9,-30,14,-58
253,2,-2,7,41,3
257,4,2,18,-74,26
257,-3,2,26,-2,-67
259,8,-4,79,73,-3
259,8,-3,22,30,-59
255,6,3,59,94,51
255,-8,-1,28,99,-17
248,8,5,60,11,22
263,2,1,-38,47,52
251,1,0,26,3,39
256,0,1,41,3,-40
254,-2,4,95,39,-16
256,5,6,-12,43,49
246,-4,10,86,49,17
256,5,-1,-51,81,42
259,-3,-9,71,12,-15
251,-5,-2,-26,24,1
261,-1,-4,61,32,-63
251,5,8,7,-13,30
253,6,-2,-5,-70,26
249,-6,6,47,-15,38
254,2,-3,27,-3,-14
259,12,-4,-10,71,49
252,-5,1,-47,70,17
250,-4,-1,-36,-67,-71
254,-2,-1,60,13,26
258,2,-1,67,-31,-23
256,-1,13,-5,-22,48
261,-2,-3,-32,-51,62
254,3,-1,9,5,-19
256,3,-3,-15,-20,17
256,-3,-3,-52,17,-76
256,-1,-8,30,-36,-23
249,6,4,2,18,68
253,-2,-8,-60,-34,12
262,7,-4,-63,4,27
257,-3,6,-57,-59,5
256,11,-1,-10,64,12
244,-3,1,69,74,-36
247,6,17,41,35,-45
254,8,-12,9,-27,-8
262,7,-7,-92,-57,-16
265,-7,-3,-7,92,21
242,-2,-2,65,10,94
256,6,2,-39,-8,21
259,-13,10,6,30,4
259,9,-9,19,-38,89
266,-4,-2,42,2,80
255,3,2,17,-69,90
248,0,-2,-5,45,3
254,-6,-3,-7,16,51
262,-1,-12,6,95,6
250,-3,-4,-140,-13,60
251,1,3,33,-64,7
252,5,-3,-68,-129,-79
261,1,-2,-83,-31,-71
241,-1,8,-29,-35,-15
246,-0,-4,-68,38,-31
251,4,3,14,-5,-7
252,3,-6,19,-16,17
257,1,2,-62,-44,-63
254,1,-12,-121,-23,-11
252,-6,-3,-40,54,41
258,-2,4,27,79,8
256,4,-0,97,116,-23
247,-2,-1,-37,56,9
255,-2,-6,65,-97,21
261,-0,-3,-3,31,-16
254,4,4,-6,-56,-12
251,-4,-4,27,2,46
255,3,-6,135,-38,19
258,-2,2,88,-30,40
256,-5,0,-60,-8,-10
258,6,2,-10,18,-39
253,-4,5,21,-19,-34
260,3,-6,-18,13,22
252,0,-0,-87,7,-6
266,1,1,-62,-25,-63
257,3,-3,-38,17,-6
256,-1,0,-16,57,-2
256,13,3,-91,8,13
254,4,1,-9,-11,-69
255,5,-2,-80,90,-76
259,-1,7,38,-12,46
258,5,-6,-18,7,17
256,-0,-4,-16,-0,-78
250,-2,-1,-10,-11,97
251,6,-7,-64,23,34
261,-7,3,13,-42,-11
262,-2,-1,8,-51,54
250,0,9,-37,-2,12
259,-0,-3,5,24,42
255,-2,2,59,-8,47
259,-2,5,72,7,-53
255,4,6,-30,-33,40
255,8,-3,-34,65,17
261,-5,2,-34,-41,-88
259,1,-1,49,58,-13
251,-3,6,-36,31,-3
260,-3,3,-33,-66,41
259,-4,0,13,41,-34
255,0,0,-5,68,-55
256,-5,6,25,-33,40
261,4,8,75,12,-43
263,1,-2,-14,7,62
256,1,-6,24,16,-50
252,3,-7,-0,39,26
251,0,6,78,-23,17
262,0,0,24,-9,-23
259,5,-2,43,13,-42
255,-8,-5,-28,-19,25
254,3,1,48,16,-42
260,-7,-4,59,-22,-22
260,-5,-1,-138,-8,-26
263,-4,0,48,10,79
262,2,10,-13,-56,-16
266,-7,-4,-33,58,-1
256,3,1,26,57,-48
261,10,-2,33,-93,-31
255,-7,2,17,10,-64
255,-1,-4,13,9,-53
256,1,-2,-3,-39,-22
257,-1,-10,76,10,7
259,-4,-7,-26,-62,12
263,0,-1,-6,-23,-46
244,6,-1,12,111,62
256,-4,-3,-24,59,-57
255,0,1,-3,-50,35
253,-7,-2,-47,46,-6
261,5,1,-15,-31,-96
251,-1,-1,66,3,-17
259,7,2,-46,90,-5
264,-1,1,-52,81,48
249,-7,1,18,23,-26
256,1,-2,52,-73,43
258,-5,-8,-57,-62,28
252,-9,-6,72,30,-16
252,2,-3,-3,30,46
252,-5,6,37,52,8
259,2,-3,-41,-46,84
251,-2,9,37,19,-9
248,1,-1,-48,-35,1
265,-1,6,33,2,56
257,-2,3,-23,-13,-46
263,0,-10,28,-18,17
254,1,-5,-18,17,69
252,0,-2,18,-71,-19
257,6,2,-1,-10,73
268,-0,4,59,-62,-8
256,5,-1,33,100,5
251,-9,1,35,-39,-23
264,-1,2,-28,-8,11
246,-0,2,-2,5,105
261,9,9,16,83,-4
259,-4,3,-116,-3,-1
252,-2,-4,65,16,61
254,-2,1,-25,39,24
256,-5,6,42,-5,110
252,2,-8,4,2,55
256,-3,-5,57,-63,-54
247,-1,3,75,69,47
258,-8,6,22,-61,57
258,-6,3,93,47,-29
262,-5,3,47,-23,-38
263,-0,2,94,25,74
263,-2,3,26,-5,67
255,5,-5,-50,-39,-23
251,-2,3,99,-94,22
250,-3,2,61,-52,5
251,2,-4,-16,-60,-15
251,6,-5,43,-22,15
247,3,-5,-34,2,-10
258,-2,-0,48,49,29
258,6,3,40,66,-5
257,7,1,43,44,34
255,-3,-5,41,37,-94
253,-2,2,-36,-13,-34
259,1,2,20,-61,8
255,6,1,-21,64,61
246,-3,9,4,-59,-46
257,2,7,12,-79,22
254,1,4,-35,66,55
251,4,-1,-128,50,-14
261,1,2,-2,-76,15
253,-5,-3,27,-24,36
262,-1,-6,29,-18,20
255,12,-1,-133,63,109
252,-1,-5,40,6,26
256,4,2,-10,35,7
256,-2,3,44,25,31
257,-3,-3,15,4,-8
261,-3,3,16,-24,6
261,3,-1,103,-61,-12
255,2,0,41,-27,-38
248,0,3,73,131,-3
250,-2,3,-43,-71,1
256,2,3,67,15,-2
262,-5,-7,48,-50,39
259,0,-2,-108,94,-29
257,-2,0,-42,-21,-90
252,8,6,-12,-33,-13
253,3,2,-19,-1,-2
258,2,-7,35,-48,54
260,-10,4,77,-2,-1
257,-3,4,26,-51,-93
250,-9,1,73,20,-45
259,3,4,-16,10,-9
255,5,-0,-25,13,3
260,9,11,41,8,-67
260,-5,2,-102,38,127
261,-2,11,0,14,20
259,-6,6,-37,63,-1
259,9,3,2,16,-56
257,-2,6,88,52,-10
256,-2,4,-94,40,-38
259,-4,-3,-8,78,-5
262,0,2,13,8,-43
259,-7,3,-41,54,108
257,2,-3,115,-24,68
255,6,-1,47,64,21
247,-1,-1,-15,22,7
257,-6,-2,35,46,48
250,-1,-2,9,-121,28
251,3,4,-27,-34,47
257,-1,2,43,72,96
256,-5,-7,12,-31,-34
267,-2,2,-36,50,-102
261,-2,-4,-10,-30,7
251,6,2,-21,15,-43
261,-1,3,14,-79,62
254,-3,1,-8,-21,120
256,6,5,98,-39,-44
262,-3,0,-24,101,118
253,-1,-4,-53,-67,30
255,7,0,-8,-3,59
253,-2,-1,-25,-66,-54
253,4,-4,27,59,-11
260,12,-1,-4,-34,-2
266,-3,-3,34,-10,-8
256,1,-4,-76,-85,32
261,3,2,-31,31,12
257,6,-4,11,-78,111
263,1,-5,53,-21,26
259,-4,-2,-7,51,-6
261,0,-8,95,-29,-31
262,3,-8,14,-60,-16
250,3,6,30,40,55
260,5,-6,4,-94,-45
248,-8,0,-34,1,-127
256,-2,4,-66,-36,-29
255,9,0,-25,29,27
267,0,-2,13,-49,38
260,1,-1,97,69,57
265,1,1,23,82,28
261,-2,2,-43,-28,-17
252,11,4,-8,-44,-74
251,6,7,49,-73,-40
251,7,2,31,-105,34
254,-1,-1,-54,45,34
255,1,-6,6,-69,92
253,-2,0,-39,-12,59
261,-0,-2,-33,-78,-8
258,-2,5,21,-25,61
258,1,-4,30,-125,58
263,7,11,-63,74,2
255,-6,-0,10,-86,8
260,-3,-9,-21,47,22
260,4,1,-8,-3,1
253,6,8,-1,-60,-79
256,3,3,-52,19,-90
257,3,-4,50,-35,54
264,1,8,14,-47,-25
252,3,-1,-42,21,-32
259,-1,3,8,-44,23
255,-8,-2,19,5,194
258,7,-1,10,-69,5
264,9,2,49,-45,52
257,-8,-0,-56,4,-12
258,0,5,38,59,35
256,-12,4,-78,-50,-5
248,8,2,38,13,67
262,-0,4,-46,7,-14
253,-3,-5,-35,11,-79
252,3,5,12,30,12
254,8,-5,9,31,-52
249,-3,-2,7,-66,7
256,-2,5,-96,60,25
249,-7,2,31,13,42
254,-2,9,22,-70,42
260,-1,-9,80,-38,-41
250,-1,-2,48,31,-12
250,2,-9,-49,43,66
257,0,-0,1,-2,20
253,-3,-4,-71,58,-39
263,1,12,-86,26,13
260,-2,0,27,-43,-18
254,-5,5,3,-3,-15
251,-5,4,13,-31,-1
264,-3,-1,-27,-41,20
262,-8,-1,-13,55,-93
252,-1,-1,16,144,90
256,1,10,10,-43,113
244,0,4,66,45,23
255,8,7,-50,23,39
267,5,4,-29,77,-61
256,0,14,16,44,-45
262,-8,7,101,28,-0
249,-1,7,25,25,-45
262,5,-4,-42,2,13
258,9,4,-41,-79,21
258,-10,-1,-47,66,22
252,-9,1,39,-22,61
265,13,0,109,-23,-38
254,-0,5,-1,-13,-111
256,2,13,-71,-75,-34
255,-1,5,-13,2,11
257,-2,-1,20,-22,-21
252,3,-5,75,-18,-45
260,-3,8,30,34,-72
249,0,3,-51,10,-53
260,7,-0,22,15,-6
262,5,1,75,-126,59
260,-8,0,-12,53,-53
251,2,-3,94,-10,70
252,1,-6,7,92,16
257,-2,2,-55,-60,67
254,-3,-1,-46,-36,-31
258,2,1,71,52,8
253,3,-3,0,-10,-17
248,-1,-2,-42,-58,-90
264,-3,7,-14,-19,34
253,-1,-1,67,-20,-14
250,-14,-11,-8,60,-50
257,8,4,17,-18,14
263,0,-4,11,-51,23
252,-4,-2,-48,29,10
248,9,2,-13,-1,41
254,4,5,47,36,-24
258,6,3,16,13,-3
248,-3,6,5,-21,-23
256,-8,-2,93,69,-29
245,3,0,-58,17,52
257,1,-2,59,28,-41
252,7,-2,4,-18,-41
255,-2,-3,-99,-5,27
248,-3,1,-65,33,-54
263,-1,0,-13,-52,-74
254,-9,-6,53,-31,-40
253,-2,1,25,40,43
258,6,-7,-4,17,-22
253,-2,3,60,20,41
263,6,-4,102,-24,62
259,-3,4,11,-44,33
260,-7,-3,61,-110,14
258,-6,3,2,85,-45
260,-4,-4,82,-34,-68
254,-1,7,13,-38,-8
261,-3,2,-58,-53,66
259,2,-4,-39,-30,63
267,2,-3,26,-26,4
248,-0,-11,4,50,-76
253,10,-0,-12,18,-13
253,4,-1,-45,25,-2
256,-4,1,47,14,-81
250,-3,-5,-46,27,37
253,-1,12,28,-7,61
248,5,5,16,-49,36
261,9,8,-36,21,-49
243,1,-8,-10,44,-53
252,2,3,-22,-31,54
254,2,3,-3,22,-55
255,11,-8,-12,-14,35
253,1,-1,107,10,14
259,7,-2,-20,19,44
266,-2,3,41,-2,1
261,-1,-2,18,-8,1
247,0,-4,124,1,76
254,1,3,-13,-2,-5
254,-2,3,-27,18,104
254,7,-0,32,-31,-21
250,-5,-1,46,-28,24
254,12,6,-3,-17,-44
247,1,5,38,27,47
254,9,-3,14,43,41
259,2,-2,17,80,-56
250,-8,3,-61,-12,57
266,-0,-0,-66,60,47
259,3,-1,-33,108,-31
257,-3,1,72,-68,50
260,1,-2,-48,22,60
260,-0,-0,-7,-59,-37
254,0,6,2,79,-17
251,-3,4,1,47,9
247,-6,-5,-21,-11,1
249,-2,-0,-67,12,55
257,-10,-1,-19,21,-53
252,-2,-3,7,-7,-13
250,3,-14,34,7,1
251,-4,-3,-58,102,49
259,3,-1,4,-124,-28
253,1,-8,-68,31,106
260,-3,6,-9,16,1
261,-1,2,-21,116,-0
261,3,3,9,67,-40
257,-3,-3,69,-9,-28
261,8,-3,-8,-93,5
265,2,3,-43,-31,73
255,2,-1,-20,-2,-5
257,2,3,57,46,-59
267,9,6,-33,-37,17
262,-9,0,10,-27,-76
259,-2,-2,-131,17,-10
251,10,-3,88,-24,46
257,0,-4,-29,2,16
257,-8,0,-39,89,-61
254,-6,-8,59,29,-21
257,-0,4,56,29,19
254,-2,-3,-51,-41,-51
250,-7,-6,49,66,-74
260,3,-6,-5,12,-19
258,6,-8,-36,6,-36
256,4,-3,60,56,-49
258,0,9,-24,11,-17
249,-2,4,80,7,22
257,1,-5,70,92,-11
256,3,5,-67,35,19
260,-1,-2,-53,-27,61
254,-5,-9,47,33,94
250,2,11,-26,36,-24
254,5,-1,-72,21,52
249,-2,6,12,-21,-19
256,4,1,5,-135,-36
258,-2,6,-5,18,76
251,-4,2,-61,-58,-31
255,-7,2,3,64,-31
268,-0,7,25,-42,3
262,-1,-10,-24,-58,-60
259,-5,4,72,20,93
255,-2,3,-11,-58,-4
254,-6,-4,-33,-33,-11
251,3,-8,32,41,30
251,-7,-7,-24,20,10
258,2,-3,-41,25,-121
255,1,8,120,21,-48
253,-3,9,15,-40,-2
258,6,-4,-25,-130,-25
254,1,-3,36,55,15
258,4,7,49,35,32
246,-2,1,-12,38,-92
257,2,-0,42,47,-26
258,-2,3,-4,39,88
260,-18,-7,-71,33,22
252,5,3,52,-9,1
265,2,-3,-56,-45,78
251,2,9,115,-6,38
256,-2,-2,-17,33,-31
255,-0,-9,-55,125,99
265,1,3,9,-20,-76
255,-4,5,35,-53,8
253,-1,2,-32,-35,-8
256,4,-0,30,56,-105
257,8,3,-40,-62,-72
263,-2,-1,15,29,-99
258,1,-1,-4,25,28
252,-9,-2,-55,11,-33
256,-4,4,3,82,-22
263,4,6,-9,-22,21
265,1,-7,-84,-42,30
259,3,-4,-52,-19,-23
242,-3,-5,26,-31,64
257,0,-8,-6,-5,-10
262,4,6,1,-125,77
247,-1,5,91,-12,11
255,6,1,7,71,10
259,0,-4,-58,-66,41
260,-6,-5,-46,2,25
245,8,-7,70,-78,47
260,-6,5,-54,-79,-67
262,-1,-1,-92,21,-51
252,-2,7,41,50,-29
248,1,-1,3,26,-27
262,2,-4,38,17,29
258,-1,-1,-11,30,-58
252,-2,5,-71,31,44
252,3,6,-1,-6,-14
271,-8,-0,6,54,-49
250,-0,-7,-16,-27,28
252,-5,2,61,2,11
258,-3,6,43,37,-62
255,3,4,-15,-53,-31
263,4,-2,38,59,-36
262,2,1,-6,2,-142
250,-3,-1,56,15,48
246,1,-1,-50,-71,75
260,0,1,-25,-69,76
259,-0,0,-36,-41,36
257,6,2,23,-25,-30
256,-2,8,46,2,-65
260,3,-4,-49,-62,-4
257,-4,0,31,19,37
252,-4,-5,45,-40,-7
255,2,-0,51,-39,11
257,3,-2,7,-35,24
249,2,-3,42,-21,-86
258,8,-4,23,126,-21
265,-3,6,-50,-5,74
251,4,-7,15,10,-64
257,2,2,-36,20,26
258,-14,-3,-4,-62,68
261,-5,7,25,8,113
251,-1,-2,-20,-48,53
255,2,4,-23,-44,-25
261,-8,3,-47,58,11
268,-0,2,44,33,-184
253,2,-2,85,-36,70
259,1,-0,-72,-61,13
258,7,11,97,-48,-22
256,11,-6,17,4,-10
258,5,4,85,-57,73
251,-4,-4,44,47,-12
264,3,3,18,-57,31
251,-3,-1,21,49,91
253,-9,1,3,78,7
263,-6,5,-44,-34,-4
252,2,-5,-66,80,-17
254,1,-8,-39,-33,-54
259,2,0,55,33,-0
258,4,-7,48,19,3
248,2,-5,-11,25,-74
258,0,2,1,-29,-12
257,-7,9,-18,31,-7
266,-0,4,22,-122,100
252,2,-9,-54,46,-63
255,5,-1,12,-32,38
250,1,-1,142,-37,23
257,-2,3,47,76,13
256,1,5,33,-62,31
259,-1,-2,-27,-10,65
256,9,1,-27,25,-18
250,-10,2,52,-27,-26
248,-0,8,46,-10,-18
260,-7,3,-39,-11,-71
255,-2,2,-52,-44,81
249,3,-2,-57,-29,-19
255,-3,-4,-32,6,-10
260,-0,5,-55,-11,-5
260,-5,-5,36,54,-89
257,7,2,42,8,30
249,-2,6,20,29,-24
252,-2,-4,-23,-109,-3
253,1,0,85,-60,-22
250,1,1,29,-45,-74
248,-8,-6,10,-6,0
260,-1,6,20,41,23
257,1,3,-9,81,50
260,2,4,-93,-16,41
249,-9,5,-14,-17,-35
260,1,-1,107,-35,9
260,7,-3,-45,44,-20
255,11,11,-28,-8,17
261,5,2,60,20,53
265,-12,7,-33,19,45
256,2,1,102,17,-7
261,-3,5,-35,0,7
261,3,10,-48,55,-19
262,0,-6,-89,71,53
267,3,-2,-75,1,72
256,13,11,-5,-112,-5
255,1,1,37,-47,-19
260,-5,2,9,58,52
257,-3,-3,54,-45,9
255,1,-2,-28,-7,34
265,-3,2,-21,3,14
252,-3,1,-98,-24,80
254,-5,2,30,-42,-14
243,1,3,-23,43,-56
253,-1,-4,-2,-24,9
255,3,1,-32,-1,-12
256,1,-2,4,-60,13
252,-4,-1,-71,1,12
260,3,-5,-75,3,7
258,-3,-6,-33,12,-82
258,2,0,-43,30,60
257,-0,7,-50,20,20
254,-2,1,23,-63,6
255,-2,5,34,30,-8
255,6,-2,24,1,-10
259,3,-1,5,-29,8
265,-4,5,25,22,-57
251,3,4,-19,-71,-72
244,3,-0,30,91,71
258,-3,4,62,8,16
253,5,-7,38,-55,-21
257,5,-6,25,-10,13
256,0,-5,7,-14,-12
253,-5,-1,-37,-116,20
253,-4,6,-39,-37,-38
254,5,3,22,30,28
263,-1,7,34,45,20
255,-4,-1,16,-48,-4
261,-8,-10,31,-124,-53
260,-0,-8,-31,98,25
261,-6,10,97,-109,87
250,-2,4,27,18,-55
264,2,-3,-20,-11,-39
250,5,5,-151,0,-62
257,0,3,100,40,79
248,-1,-3,-100,-71,-101
258,2,4,133,-24,58
251,-13,2,-54,-47,81
258,3,4,-1,-45,16
248,0,-2,-27,48,42
257,-0,-1,15,12,-30
252,-7,-3,122,40,7
258,1,-1,42,-38,8
254,-4,-2,-40,38,-66
249,2,6,69,6,-63
253,8,7,11,72,87
266,11,5,-37,75,19
261,-2,-4,-1,-22,5
260,2,-2,-59,-54,20
259,3,2,-17,35,78
253,-3,2,49,40,-5
264,-5,-6,7,-102,-7
257,0,-9,-30,-20,-36
255,-1,1,-49,-41,-58
250,6,-6,-43,-26,-6
256,-1,-8,5,-32,108
255,8,7,-21,-28,-23
252,7,2,-120,-42,19
254,-6,10,-42,47,-53
249,-5,6,18,-30,-17
256,8,0,-44,-55,-35
258,-1,3,-4,-8,52
249,4,1,-71,-66,-23
242,-10,-7,97,63,12
256,-2,-1,-5,34,-94
251,-1,9,-47,-73,25
254,-2,-10,0,65,-20
259,6,-6,-32,98,-14
254,4,-4,14,35,29
254,3,3,44,36,-17
258,-3,-2,114,7,29
259,-6,-13,108,-14,20
246,9,7,-33,-11,-90
249,-6,-1,42,-71,111
258,3,0,39,-16,-69
260,-8,2,9,47,-41
255,-3,0,-76,-19,50
265,-10,2,-62,-16,13
259,4,6,-59,-44,33
252,9,-7,9,-56,-10
252,-2,-0,-44,-44,67
254,-5,-3,-44,40,91
260,4,-0,18,-32,35
250,9,-0,58,76,16
264,1,-13,-10,46,-2
256,2,8,1,-30,-43
257,-9,2,-50,-14,-67
259,2,-2,-25,11,29
256,3,-1,11,-31,-20
252,-3,3,21,52,17
255,-8,0,35,81,-15
252,-5,11,-10,-17,95
256,-6,1,-48,-43,-5
261,9,5,74,-30,-52
254,-9,-6,46,62,2
254,-4,-6,39,-41,15
254,3,-0,28,39,11
247,-1,-10,24,-123,-20
250,8,-0,31,-65,-17
249,4,1,-32,56,23
258,-3,9,47,-23,43
260,-8,3,-15,-6,3
261,-10,2,-37,39,17
257,4,-0,27,8,20
254,-2,-9,-29,6,0
260,-1,-2,13,-47,-20
252,-3,2,24,87,51
269,-9,-3,59,17,7
257,11,-0,-81,-8,77
255,4,-12,-30,10,-33
255,-8,3,37,-32,8
259,-3,-6,-11,-8,90
250,-1,0,12,39,-42
262,4,4,29,-7,-23
251,-2,-3,-3,28,41
248,2,-1,103,-13,12
258,3,3,-26,-27,138
263,3,4,9,-4,74
250,-3,1,-16,-31,16
257,4,7,25,-28,-82
254,-1,7,21,43,-59
264,-6,-1,41,53,-73
252,-2,4,23,-60,-1
256,0,-11,-4,61,6
257,3,6,109,-11,-21
258,-4,-2,-145,20,45
253,-10,-9,-37,16,-33
255,2,-4,82,-41,98
257,5,4,-30,-6,54
258,2,-1,-23,32,-34
252,-6,4,59,26,38
257,-5,7,13,-6,-35
257,-2,5,9,-49,-28
259,7,10,24,39,38
258,8,1,-26,-24,-10
259,-5,-7,-88,33,49
255,2,1,-45,26,9
252,-5,6,45,47,-27
256,-3,1,-6,-17,-81
254,-6,-3,-4,-45,115
258,8,6,44,-108,11
262,-3,-7,-18,1,23
261,-13,-9,-39,-72,-62
250,3,-8,-61,-45,29
251,-6,3,-35,-56,-52
255,6,3,-2,55,40
265,0,6,47,-116,-8
251,0,3,-17,-13,13
258,-1,1,7,16,-1
251,-5,4,-11,-34,33
262,-1,2,28,-25,75
250,9,7,15,28,3
249,-0,3,45,-36,-72
260,0,14,15,-12,42
262,9,-9,-6,-60,34
259,-8,-2,12,-18,60
263,-8,2,-13,-24,31
257,1,4,6,26,37
258,4,-4,-21,-70,17
254,-1,-9,-27,-23,-0
254,-7,4,-78,-20,-38
264,1,1,-30,68,-40
261,7,4,21,15,-85
247,0,1,-12,-61,-4
256,-1,4,-28,-88,-34
253,8,-9,27,-51,1
250,0,-1,24,-29,13
260,-6,0,100,-13,51
251,2,4,22,38,1
258,1,9,-42,-39,59
249,-10,-4,30,-36,-22
250,-3,6,2,-63,96
251,-0,18,-17,-54,-69
254,1,4,3,51,-22
254,-8,0,-21,-11,-52
255,5,4,-40,21,32
251,-5,-8,-25,19,5
254,2,-4,-43,17,-12
261,-10,-7,-141,-12,-108
252,2,2,5,-54,-40
268,-9,2,-109,24,3
260,6,0,-4,-50,-12
255,6,5,5,-30,-16
259,1,-2,-35,-1,12
250,-1,-1,68,-80,-18
259,0,6,71,11,44
258,-3,4,-55,-4,30
254,-0,8,16,-6,-75
254,-2,4,-19,-3,26
263,-4,-0,-55,-53,-22
260,-0,-6,-69,67,74
259,-7,-4,27,-53,-47
259,-4,-4,52,-5,-1
259,6,-7,75,-0,-84
255,-2,-8,9,14,-68
254,-4,-9,25,23,6
256,-5,-2,2,-2,57
252,-0,-1,-57,-60,-4
257,-4,-1,-3,49,-26
260,-11,5,-5,-16,9
253,-0,1,2,12,35
258,-1,2,-61,115,55
264,8,-4,6,-5,85
259,-6,3,-39,44,49
255,5,-1,23,2,-14
260,2,-3,31,-48,64
253,-4,7,56,9,-44
257,5,4,-61,-28,-72
257,2,-2,3,46,-10
256,4,3,4,-0,48
260,-6,0,80,-41,46
255,-0,6,12,-41,-51
255,1,-0,109,20,63
256,6,9,-67,-48,-35
250,-1,-1,28,-21,-27
261,2,2,-116,-61,10
252,1,-15,6,1,-29
242,-3,-4,-98,21,50
257,1,2,-28,-8,28
261,4,2,-78,-81,-28
255,5,-4,62,-21,-99
258,6,3,-26,-82,28
263,2,-3,14,-45,3
252,9,-6,-25,-9,49
245,4,0,24,2,-59
255,-2,10,66,12,-63
251,-7,2,-63,16,31
259,-3,4,60,-80,-60
257,9,-7,16,-51,2
260,-6,-7,-13,-8,-37
261,-7,-5,-14,-54,27
252,2,-3,52,34,-20
259,-6,2,-37,-11,-30
259,-3,10,-27,32,127
255,7,-6,8,42,60
258,5,4,-47,-3,75
257,-11,-2,-14,-54,25
256,-5,-4,15,-76,64
254,8,3,-33,49,-82
254,6,5,-36,-64,-53
261,-5,-4,-20,-11,-25
244,-2,-6,43,4,-34
266,2,-6,-25,-23,89
257,2,-6,-5,43,38
252,-1,-14,83,6,101
262,7,-6,-96,-128,21
255,2,-2,6,4,-59
259,-5,-0,-82,52,-31
254,-5,6,-46,-37,-17
260,-9,-4,-85,5,-44
255,-4,7,41,21,16
261,-3,-6,29,-66,17
262,-3,-3,-88,-51,9
251,6,-4,-80,-38,53
252,10,-5,-22,75,-20
259,-8,8,-14,0,45
261,3,5,19,118,-21
259,6,7,-85,-47,117
243,-10,-12,-95,-94,13
260,1,-2,-48,28,24
249,-7,-7,-83,-2,-67
254,0,-2,64,22,-29
252,-2,0,67,-20,-66
254,4,15,17,21,-32
258,-0,3,-51,58,-29
255,-13,-2,-34,-12,23
256,-1,-0,18,-9,65
248,-2,-8,-51,37,34
250,-10,8,-29,-66,15
257,-10,-5,-54,28,-48
265,-8,6,49,-20,-21
255,-2,4,-79,17,-35
247,-6,4,12,33,-3
252,-0,3,70,9,-25
257,-5,3,59,-23,106
247,9,9,-62,65,41
255,1,-8,14,-47,10
248,-10,7,25,-32,-21
260,-1,-4,3,-28,72
256,3,-1,-2,10,-46
263,2,-7,50,-33,81
245,6,-7,-50,-43,5
251,9,8,16,50,50
255,5,4,-37,-84,-19
265,-5,5,-40,36,-43
258,-1,4,-32,-33,64
260,-10,-8,-10,-11,61
256,-2,2,-44,-84,-39
264,-4,5,12,1,45
245,4,1,61,15,-33
256,-3,-2,-43,-2,28
247,2,1,23,84,-37
250,-5,11,-1,57,-14
253,5,-3,62,138,-46
257,10,2,57,5,2
252,7,2,1,31,-39
255,4,-9,25,-100,93
248,-5,-6,27,-51,53
264,-2,2,-37,63,-88
253,1,-5,16,-122,24
248,-3,7,68,14,27
256,4,-3,4,26,-41
254,1,-0,-66,10,-16
264,10,-4,-12,37,48
245,4,3,-30,10,26
258,5,1,-43,45,3
258,1,-0,-17,-19,2
249,-1,-7,-52,14,36
255,-3,6,-84,-102,-72
259,-1,-5,82,23,79
252,-0,4,105,8,26
256,-0,-1,-68,-57,22
260,7,1,-15,83,13
261,-6,-3,124,96,28
260,10,7,-40,62,95
255,-0,2,-93,-87,-46
255,-9,-5,-44,-47,-62
263,5,1,49,8,-46
257,-1,-0,32,-61,-91
260,2,2,6,-27,31
252,-4,-3,40,-96,-27
247,0,1,80,11,-30
252,-0,-1,-42,-8,34
247,2,-4,28,-10,-55
254,-8,-6,45,-8,-22
261,-1,-2,71,47,-28
255,2,-4,104,-5,29
265,-1,-1,-2,3,23
257,11,-1,-80,-19,108
256,-6,15,24,-93,67
261,-1,2,-116,36,31
261,4,-4,-54,101,-143
260,-6,-1,-55,15,-39
250,5,-0,26,76,54
261,4,2,-51,45,-37
245,0,2,36,-3,48
261,-1,1,-5,-39,4
254,-1,-9,-27,-44,-2
252,-7,-3,9,-42,3
261,4,-11,-49,105,37
254,2,-4,68,-8,-2
253,-2,3,26,-47,-71
262,4,-4,37,13,-101
261,-4,-11,-1,59,-19
261,-3,4,64,60,22
257,1,9,22,58,47
258,4,-3,-22,43,-43
247,-0,-11,6,50,96
256,-6,0,84,27,-1
241,-4,2,83,18,115
250,-5,-2,16,7,-0
253,2,-6,-11,25,3
253,-2,5,-3,48,-36
251,5,-1,-99,99,79
253,2,-3,-53,42,3
249,7,2,-6,-70,-73
255,3,-4,74,32,-1
254,10,7,-22,-12,49
256,2,1,-96,-24,71
263,-7,2,-118,-7,4
259,-7,6,31,8,-33
247,1,4,-74,37,74
249,2,8,21,1,20
250,1,0,131,-140,-20
260,-0,3,-13,-29,63
259,-4,2,-7,34,130
264,-8,1,-24,-18,81
265,-9,-4,-17,66,-27
260,5,8,-17,1,-58
256,5,0,5,-45,48
258,-3,-4,22,4,-48
260,0,-2,6,-5,80
250,-0,4,-15,-55,36
256,0,1,110,43,58
253,5,-4,18,-66,-78
258,1,-1,-9,-77,73
250,1,5,-64,24,-57
252,5,-1,-47,50,-31
253,6,2,-100,43,46
247,4,3,42,38,70
258,0,-2,-9,-58,24
252,-7,3,-39,-0,-47
256,5,1,72,-28,-51
259,0,6,-27,23,13
250,-2,7,-29,20,-34
260,-1,0,-74,-25,83
265,-2,0,-6,84,59
249,5,-4,-3,58,44
259,2,6,-29,-45,54
264,4,-3,-75,36,65
256,-4,-2,-29,13,-45
261,1,-4,-88,78,1
248,0,4,19,-78,21
255,-0,-3,-6,-63,-7
250,-2,1,-31,-109,-53
261,5,1,54,60,5
262,-2,-2,30,84,-109
253,1,5,-18,5,-9
254,-1,2,50,110,8
260,1,3,-54,-57,14
258,5,8,-37,10,-52
239,-3,2,36,42,64
263,8,-0,-5,-89,53
254,3,3,-14,-38,-100
262,-2,4,34,66,74
263,-3,-4,27,-22,8
254,3,-2,34,-40,-37
257,1,7,53,-9,60
258,10,4,5,19,23
263,4,-3,-121,-18,-1
257,-2,-3,-23,-56,-16
258,-2,-1,22,60,58
263,-3,-1,-12,-36,-33
258,3,-8,-102,3,53
249,-8,4,-84,-2,60
246,-6,-4,-29,75,23
253,-1,-7,23,32,21
257,2,0,57,113,-40
261,0,-2,-60,-66,3
