35,-272,29,-23,-94,-76
25,-254,13,9,-5,-64
-20,-249,-2,-93,25,-51
22,-258,4,45,-48,-19
37,-253,-16,-3,18,15
62,-251,-7,-10,34,-1
17,-259,17,-65,-35,-37
4,-249,4,-53,58,3
11,-281,-37,-37,-5,66
62,-270,-11,58,29,-3
30,-244,-10,-22,31,-63
30,-255,-9,-19,43,22
33,-266,30,-67,-28,-17
59,-267,-2,-29,23,-38
35,-247,23,-21,98,57
7,-258,7,22,69,42
51,-264,-31,25,124,-55
52,-259,-25,-45,25,-0
4,-261,-7,12,-10,-7
42,-256,11,77,8,88
69,-255,32,46,40,24
55,-274,-28,82,-66,-13
42,-262,-26,-11,-22,42
55,-246,6,-64,-20,67
13,-256,-14,-55,1,133
59,-257,10,107,-19,-20
38,-267,-28,-18,-21,-31
27,-255,8,-75,-39,21
88,-241,17,-53,-15,-96
27,-262,16,47,27,8
72,-257,-16,23,-87,22
18,-243,-20,48,50,-81
71,-251,15,54,-1,106
26,-253,-6,29,35,-75
34,-271,-6,17,110,-40
38,-255,29,-5,43,-108
73,-253,-43,40,24,52
28,-251,16,-21,-44,-11
30,-248,18,-17,-4,-43
51,-250,1,30,-96,-11
45,-268,4,-26,35,34
28,-266,-9,-51,-14,-76
17,-255,29,-22,41,-6
7,-252,-35,15,20,29
33,-258,-1,-37,-32,-36
-5,-250,11,-19,60,77
45,-253,9,-80,11,-35
53,-254,-10,-7,55,12
6,-258,-26,40,37,-25
-6,-248,-29,-64,-34,-7
-36,-243,-8,8,8,7
-1,-268,-48,11,-6,-15
-45,-253,-8,17,7,33
-2,-248,-5,39,38,-63
-13,-257,-4,-34,-37,-4
-21,-265,-5,-0,-75,58
-13,-242,30,37,-47,58
-29,-241,-13,-49,-87,1
-2,-279,-3,35,18,64
-31,-265,-16,12,114,-17
-7,-251,-22,52,-38,23
-54,-256,42,45,-28,-38
-22,-276,5,-34,108,-11
6,-255,-22,79,12,88
-64,-270,14,28,40,11
-15,-253,12,-2,-40,54
-8,-257,38,77,82,27
-50,-279,-14,-113,66,-3
-51,-258,22,-4,1,-10
-11,-248,-4,11,11,74
-21,-258,7,0,-19,24
-65,-238,34,75,-26,48
-41,-249,2,-24,22,13
-53,-260,8,-25,28,80
1,-258,-46,-15,-79,-55
-31,-263,16,66,49,16
-84,-261,10,7,-22,31
-53,-265,9,-10,81,-33
-43,-262,6,60,8,-12
-81,-251,4,-54,-24,34
-64,-254,46,-26,-34,-1
-42,-250,14,64,90,-34
-50,-252,-10,84,19,-6
-14,-267,59,92,71,-32
-39,-266,-23,-67,137,4
-54,-243,-19,-90,-72,-11
-51,-254,-27,-2,23,53
-30,-249,-7,-58,43,-57
-48,-267,-27,85,-65,46
-16,-277,9,26,-58,24
-63,-253,3,-44,-38,-13
-32,-261,-8,-61,-28,71
-20,-260,-9,-15,29,-26
1,-251,-22,-24,-74,101
-17,-252,-26,123,-13,-33
11,-264,0,-19,-30,20
-3,-277,19,-34,11,-23
-32,-240,-23,-56,34,-12
26,-250,8,-12,-52,-7
-32,-257,-14,37,11,-51
-18,-257,11,-39,23,20
-9,-256,6,77,-66,-6
-9,-252,-31,12,5,-93
38,-258,35,27,-79,6
3,-244,-16,-48,43,30
-5,-282,-9,24,27,82
21,-230,-27,-8,71,-10
37,-256,12,5,51,7
-2,-262,-51,56,29,60
12,-246,-12,36,-54,-27
60,-259,10,-71,-56,-116
43,-247,11,27,-57,24
18,-253,41,33,-77,21
30,-260,16,35,-7,-143
76,-245,25,13,90,-98
31,-260,-14,-19,100,-31
48,-245,-25,31,54,3
85,-266,3,-51,6,-6
23,-254,3,29,-26,4
32,-258,-8,34,32,-51
67,-273,1,21,-33,144
63,-272,-39,31,37,30
59,-258,-14,11,-34,-9
54,-278,5,-52,23,40
66,-239,-7,-29,-10,22
55,-250,-5,-38,-94,55
30,-254,-0,-4,4,64
36,-255,-4,-58,43,91
47,-258,15,-73,-7,-17
61,-252,3,-70,-55,-27
45,-249,29,28,-27,64
60,-244,13,6,-71,-1
38,-247,13,81,106,91
26,-259,1,79,12,52
49,-235,10,8,78,-42
16,-246,28,-0,-3,-14
30,-249,-26,-25,-95,21
46,-235,-38,-11,24,-8
14,-254,-30,51,-16,33
23,-266,-1,-51,-110,101
28,-249,-7,43,50,49
-1,-256,-6,-88,52,-87
-4,-235,-43,-22,76,56
24,-248,4,38,136,-54
33,-239,-30,53,-34,-19
35,-270,-10,-9,23,17
45,-250,-19,45,17,-101
-24,-243,-0,56,-68,35
35,-275,-11,47,-20,-5
27,-278,21,36,-14,16
-29,-264,-2,12,-0,64
5,-248,-30,-51,-27,56
-28,-255,11,25,-9,8
2,-260,-12,-85,110,-36
-29,-264,22,-98,-53,50
-13,-248,-0,85,-25,74
1,-252,-28,-1,-33,-66
-28,-241,-25,-15,-60,-45
-39,-242,32,-3,32,-70
-51,-247,-2,-10,-39,18
-21,-258,9,90,43,29
-20,-249,10,1,-12,4
-14,-240,-25,-6,-16,21
-26,-269,-12,23,-105,-48
-38,-261,-19,-2,9,-29
-52,-267,-33,-35,12,-74
-77,-256,-45,11,-65,-57
-42,-253,43,-2,-12,-9
-83,-269,-26,-40,-41,-37
-48,-257,27,-18,-40,73
-63,-252,-29,-48,-42,-22
-50,-248,14,-6,-21,-1
-33,-255,27,-65,-58,50
-53,-292,-10,-102,8,-40
-73,-272,-9,20,-21,-41
-29,-263,10,-6,59,76
-77,-239,27,30,-85,-8
-45,-260,-27,-23,13,-7
-92,-255,-0,-27,18,18
-64,-279,-2,23,-67,2
-81,-252,13,24,115,1
-44,-254,13,-18,-94,-51
-53,-275,18,11,-30,7
-53,-265,4,-31,21,-4
-50,-274,-10,-4,-69,-10
-26,-264,7,3,-67,21
-34,-264,7,-42,-51,44
-23,-253,16,110,-51,-10
-38,-267,18,13,3,33
-13,-257,1,-32,83,-16
-40,-246,-7,-7,-0,-2
-21,-229,6,-23,-46,2
-39,-262,13,53,-23,-110
-23,-258,21,31,47,79
-17,-257,-28,14,49,14
-46,-256,27,-35,66,20
14,-257,4,27,30,-16
-9,-261,-60,4,90,-28
-31,-244,9,-15,13,-89
8,-253,-42,-29,-7,-18
-12,-247,34,-41,20,-56
-18,-260,16,10,-25,61
7,-248,5,-6,81,-8
32,-241,1,-9,-64,47
34,-252,8,-8,10,1
35,-260,19,17,-42,-44
24,-244,-50,1,77,-46
14,-226,21,-10,-37,-4
17,-254,-46,29,-29,18
27,-257,-31,-41,-11,-46
21,-272,-5,117,2,42
22,-263,12,-25,6,61
76,-253,-15,19,-8,48
21,-248,-27,17,-39,-13
43,-270,6,-25,-63,-1
32,-254,-9,3,34,-71
21,-259,-3,-18,57,-20
43,-248,21,-33,-70,1
48,-270,-16,11,10,-80
52,-257,-16,53,82,95
46,-254,30,-15,146,-88
35,-227,-17,-30,-1,-123
106,-242,-7,-48,-49,-73
36,-236,12,-1,17,52
74,-262,15,-6,15,-53
38,-261,-7,59,-28,26
44,-251,20,151,97,39
15,-241,28,-23,58,79
66,-243,-6,-85,22,65
57,-248,-2,24,-60,-91
32,-258,31,32,-13,96
4,-246,-5,62,22,42
45,-264,-18,65,-34,-54
40,-254,-16,95,68,95
13,-257,-14,100,-59,53
74,-276,-12,-23,31,-38
45,-254,3,23,45,-85
21,-269,56,-25,-13,-42
17,-255,15,-54,-114,32
29,-263,-3,-10,-34,35
-14,-254,-27,-118,119,76
48,-258,-11,22,74,-19
25,-272,1,-28,18,-42
3,-252,2,-36,-26,13
11,-244,-18,43,-41,-110
38,-256,-0,-128,45,27
-17,-261,-28,109,-70,112
10,-238,-17,-39,61,31
-9,-247,-3,-46,-24,5
22,-259,7,27,-9,13
-21,-252,-6,-10,16,50
9,-249,-0,7,-20,29
-19,-248,9,9,6,69
-10,-239,35,-32,-38,-8
-45,-247,-4,-75,22,-86
-24,-246,-2,-65,50,89
-12,-257,11,65,-3,-19
-30,-284,41,3,30,-64
-20,-251,1,3,57,6
-22,-252,38,-11,-13,-41
-35,-255,-18,24,-38,-11
-68,-255,-5,33,144,12
-32,-253,33,13,49,-106
-45,-265,-2,-33,37,-5
-47,-261,12,10,9,85
-46,-254,-27,-71,-19,13
-4,-260,-21,42,26,-29
-66,-243,26,38,18,-67
-17,-261,-12,-73,120,-0
-32,-261,-20,44,-11,-66
-14,-243,52,35,-28,-7
-54,-253,-12,52,-13,-26
-34,-259,19,7,30,-1
-73,-240,-17,-52,60,60
-54,-255,-3,56,-56,-44
-60,-249,5,-46,1,14
-46,-272,17,-3,-8,-8
-90,-265,13,113,20,-8
-32,-255,-17,40,0,-50
-66,-269,-34,-2,44,-112
-37,-262,43,21,17,-36
-35,-263,-28,59,-4,33
-35,-245,-5,-32,-10,3
-61,-270,-18,12,-4,44
-33,-246,4,-37,31,24
-35,-265,-5,-55,20,-61
-75,-258,8,38,-116,31
-78,-254,14,-27,-12,-29
-22,-268,-9,47,-42,-27
-1,-252,-38,-38,-22,108
-43,-255,15,-12,-8,-74
-37,-256,4,107,-30,16
-18,-259,23,8,-72,-26
-11,-249,-22,2,41,-25
15,-238,-36,2,20,59
-26,-261,-3,-43,13,10
-0,-268,-18,9,-46,29
-3,-253,-21,-41,-18,-34
-38,-258,38,19,89,15
-8,-260,-9,-34,-26,-10
-21,-244,-16,-40,-1,14
-5,-276,14,-53,-64,-9
-5,-279,15,26,-22,57
1,-263,-9,-2,-35,-24
43,-244,23,16,-71,36
9,-245,14,-45,-48,43
-11,-265,37,-19,16,5
4,-257,-38,-41,-25,-38
37,-234,-11,42,-41,-36
25,-253,-13,77,33,-24
25,-257,25,-15,-3,-6
72,-254,45,-45,-37,-27
33,-263,41,1,-13,-30
56,-259,34,-30,31,16
31,-244,6,-7,-20,8
36,-249,-3,42,37,-72
57,-242,-30,-67,-21,32
60,-242,1,5,16,-31
65,-256,9,72,-42,-21
62,-254,-3,8,-52,-17
28,-268,24,3,39,75
36,-268,-12,-24,-17,21
33,-270,12,-18,-25,62
56,-257,-18,91,28,50
60,-261,-20,50,-56,9
91,-250,28,55,-3,123
52,-268,18,79,0,16
61,-247,-20,52,25,38
62,-256,-32,-9,46,-33
62,-244,-10,-65,-32,27
26,-278,-18,-90,-102,47
61,-260,14,-48,-60,-44
49,-247,1,-43,74,16
16,-261,18,62,-53,-11
56,-257,-18,109,-27,-28
60,-246,10,-81,31,-44
28,-248,44,-57,-16,-20
23,-250,-17,21,22,6
28,-255,-21,4,-65,-23
31,-266,-24,-45,-66,18
-3,-271,13,-43,92,-39
11,-265,-21,15,13,22
53,-245,-30,-3,101,-73
-4,-264,31,12,-10,47
-16,-274,20,-31,-24,-0
-26,-266,-36,-22,-22,58
-0,-248,33,47,-4,-67
1,-264,-7,-43,4,-11
33,-257,-14,-25,56,-9
-28,-261,-18,34,-54,26
15,-241,-8,-22,39,92
9,-263,-3,33,19,20
-1,-260,-9,-21,40,69
-12,-260,15,-57,25,21
13,-269,-5,27,-50,40
-56,-258,-14,-12,-61,50
-54,-253,13,53,73,24
-46,-269,20,-43,-38,151
-69,-258,-17,33,-22,-35
11,-271,43,64,29,-47
-29,-249,-2,120,34,45
-59,-265,10,-0,78,-33
-15,-251,-0,-1,52,26
-29,-256,56,-64,15,-26
-59,-281,-9,-60,-1,-5
-46,-261,-26,30,42,-52
-65,-255,-10,36,-125,-56
-50,-245,16,5,-67,-73
-23,-246,-35,61,-61,-75
-103,-240,23,-41,-26,-60
-30,-244,5,-58,50,-5
-38,-263,-39,10,55,-60
-56,-254,-18,-57,38,-74
-56,-253,-41,-38,-50,-13
-63,-265,-9,11,-21,1
-55,-242,-16,-8,74,14
-66,-267,5,-37,-6,39
-60,-255,-1,-57,1,38
-36,-249,51,75,-5,-60
-20,-245,-15,17,-6,12
-24,-263,14,75,27,-41
-41,-263,-21,46,0,-31
-40,-233,-52,105,30,56
-33,-258,11,23,-11,-17
-77,-263,-5,15,23,-75
-39,-253,-27,-14,42,3
-40,-255,-4,25,29,-2
-20,-249,6,-25,33,-37
-32,-271,-2,64,46,28
-17,-256,33,-79,2,-37
-65,-246,9,-30,-30,-63
7,-270,28,98,-4,15
-11,-238,-4,-40,1,52
-30,-255,-1,-3,-61,5
-8,-257,16,-37,59,-27
-18,-253,-26,49,2,-25
-12,-268,28,-53,14,-68
-21,-254,25,-41,-11,-75
39,-249,-50,-72,-35,-50
-12,-251,-21,-4,66,30
-38,-279,-4,-1,-11,57
2,-243,-29,7,-114,-36
-39,-249,33,36,9,39
17,-256,47,-13,59,-66
30,-258,-2,0,-33,-6
24,-252,3,-11,54,-17
5,-255,1,-37,74,-15
4,-264,-20,48,32,-1
57,-268,21,-29,134,-62
27,-257,7,-15,-47,-11
39,-256,3,143,47,63
6,-270,15,2,16,-23
52,-251,19,58,77,-34
38,-254,-35,-32,19,42
60,-258,-8,53,129,-8
26,-254,19,-24,16,-64
70,-263,-2,60,-89,54
27,-267,-10,79,-54,-46
32,-246,-20,3,-8,-17
17,-254,-42,34,11,-97
68,-260,3,29,39,-23
48,-243,19,83,-23,22
66,-249,-17,-10,51,-30
64,-254,19,-42,-45,22
33,-240,15,-83,71,86
33,-252,2,16,-19,55
37,-245,4,102,53,-49
99,-277,34,-14,42,12
58,-235,21,-49,-63,38
41,-259,35,35,6,-3
82,-242,8,19,-20,-23
-3,-261,-2,22,44,-34
90,-274,-14,73,21,-69
42,-268,-34,4,12,-54
77,-247,22,14,97,26
74,-256,20,19,-52,-66
51,-256,6,-37,-40,12
36,-255,-19,73,43,100
21,-242,-32,25,-5,27
58,-250,-10,39,15,-27
49,-268,-15,74,-53,-76
51,-267,12,-57,14,-58
54,-252,-9,-19,52,-16
9,-254,-29,46,57,47
49,-254,39,-15,24,30
21,-267,-20,25,-16,-9
-3,-261,-21,5,1,32
12,-247,5,56,-35,-0
5,-253,31,-79,-14,96
7,-260,9,-48,35,21
25,-266,7,-85,59,45
28,-278,5,-70,-10,51
-14,-265,8,17,25,-21
-28,-249,-17,-87,-11,-2
-9,-254,-26,-78,-32,25
-27,-258,12,-6,-50,-33
-37,-254,-8,-48,-30,15
7,-241,-39,-51,-11,51
-3,-258,-5,32,-30,1
-20,-247,24,-7,-21,6
-2,-250,-26,-17,33,73
-29,-280,-30,-77,20,31
-15,-264,10,-4,-35,28
-54,-262,-9,-6,-99,46
-41,-271,14,2,71,-21
-56,-242,-7,53,-12,68
-36,-247,27,-61,-14,-37
-34,-252,2,-23,79,3
-84,-257,-6,3,16,91
-25,-265,40,47,-21,11
-24,-256,29,-4,-66,25
-40,-252,1,8,-0,82
-37,-261,-9,5,-45,-22
-32,-257,-27,73,25,-44
-81,-261,5,-28,37,-140
-25,-234,49,35,-14,-22
-77,-237,10,59,16,-7
-65,-263,-4,-46,-64,-41
-54,-242,-46,58,-3,44
-73,-246,-9,-2,-125,-14
-37,-259,-35,15,54,42
-20,-267,7,64,-13,-53
-38,-262,-12,17,130,-20
-47,-259,-2,57,-53,-144
-36,-254,-27,31,-26,-62
-32,-257,-35,13,-61,21
-68,-253,-15,3,23,-0
-41,-264,6,51,-138,38
-57,-260,48,12,-38,-30
-41,-256,13,21,65,-30
-1,-248,-34,76,19,30
-34,-250,21,-67,-2,-68
-32,-246,-7,-48,43,53
4,-259,1,-5,-62,-21
-18,-246,-7,-74,-32,-47
-44,-245,37,-102,-73,12
-7,-259,-12,-16,-57,109
-12,-254,-25,6,-49,-77
-15,-257,-6,-27,-1,-95
-15,-254,18,35,-29,-43
6,-262,10,-70,42,-85
25,-259,-28,-2,30,-35
4,-260,21,54,-68,1
20,-268,16,-51,22,66
24,-260,-23,45,-21,-43
40,-263,-33,72,30,-19
41,-249,-5,63,-32,23
5,-255,-15,127,32,27
29,-252,-22,115,-42,-38
36,-261,26,-11,12,11
36,-264,36,48,-6,-9
22,-253,12,-31,69,-19
32,-246,47,-9,171,68
60,-262,-9,-8,83,-74
30,-257,-17,61,-54,51
22,-269,-9,20,-37,-42
61,-265,29,-14,72,15
19,-260,13,-55,-23,8
20,-268,-18,2,-31,-79
34,-256,-10,-47,-51,87
37,-247,-34,-12,9,-26
58,-278,17,13,84,-15
72,-249,-15,-62,44,69
66,-260,-36,36,-26,-38
39,-253,24,-30,41,-55
25,-252,-12,73,-94,-22
45,-270,-34,-71,-35,-41
39,-240,-12,-85,83,120
22,-257,29,-14,25,88
43,-228,-17,31,-31,33
45,-248,4,-29,38,-35
35,-266,8,-33,-18,30
50,-260,-0,-40,102,-58
43,-246,25,-84,33,71
96,-247,22,-31,7,36
25,-260,24,-14,-53,-2
17,-255,4,-1,27,-21
3,-253,-18,-26,86,-14
25,-254,2,89,-60,7
56,-266,-21,40,-13,-67
22,-241,-33,-107,-12,-31
44,-255,-13,-103,39,142
34,-266,-4,-22,-18,55
7,-247,-2,2,10,-4
-2,-279,3,20,-0,96
25,-261,-13,-3,13,-8
14,-252,-6,-48,3,-69
37,-267,4,16,-36,-17
-7,-279,4,2,-4,-32
-4,-254,-13,47,31,-7
-2,-265,3,-57,0,36
-15,-257,21,44,-32,-22
7,-246,-8,-41,-67,57
3,-241,-2,32,38,-39
-19,-262,-21,62,-10,28
-1,-257,0,37,-10,-17
-30,-282,33,-9,43,22
9,-278,-26,33,-121,-74
-42,-268,-0,-27,-40,-105
-32,-264,-13,-67,6,36
-77,-242,6,-49,92,50
-36,-264,-25,-62,-57,-66
-62,-254,15,11,25,-24
-46,-261,-4,38,-53,-22
-58,-255,52,0,-5,-57
-62,-257,-17,-95,10,21
-75,-269,22,-61,38,97
-27,-253,-6,-68,-6,-21
-58,-265,-12,-63,-20,18
-59,-244,15,-59,-22,57
-57,-254,15,-85,28,-43
-62,-260,19,-66,-46,5
-30,-245,5,5,-104,3
-66,-263,-20,4,-29,4
-50,-240,4,52,19,112
-32,-258,-15,-16,56,49
-57,-243,11,2,49,36
-67,-251,18,-90,-6,79
-44,-253,8,33,2,60
-15,-256,0,-27,-32,-26
-27,-263,-26,26,-37,67
-43,-255,-55,85,-111,17
-7,-267,16,122,-6,-13
-67,-251,-7,7,-51,-8
-28,-237,-0,37,63,26
-13,-252,17,-2,-35,11
-61,-242,4,42,42,-17
-66,-256,17,-63,1,57
-0,-268,-14,-41,78,-20
-26,-261,4,-74,94,77
-22,-236,11,-151,-1,-41
-53,-265,-18,30,6,-18
-28,-267,-7,-47,-46,-4
-9,-258,5,51,-5,-137
-4,-245,-25,-38,79,-65
-2,-245,2,-54,-97,38
-4,-255,-3,95,-71,10
28,-250,-11,30,-11,7
-17,-248,-38,-75,-123,67
-7,-268,2,73,-115,-64
21,-245,-38,-34,-118,-63
4,-260,10,-76,-32,14
-2,-262,7,104,115,-17
11,-257,9,-5,66,-6
2,-261,3,-6,93,59
5,-253,8,-11,104,116
11,-260,22,35,14,-9
6,-256,-12,-16,-52,-44
8,-250,-5,15,-52,-110
6,-262,-1,19,-68,52
-3,-246,8,63,-91,83
14,-263,9,-26,36,-3
35,-234,13,43,20,-54
41,-254,-2,-50,5,-18
29,-244,-4,-16,-4,-31
42,-264,16,-15,-13,41
63,-258,5,52,-121,-10
71,-260,-4,-95,70,-33
49,-264,-11,42,-30,-95
55,-256,-17,-18,-29,41
48,-252,-41,-41,77,88
4,-257,-41,46,-20,-29
41,-256,-22,-19,-49,55
44,-263,56,-55,1,22
66,-244,-32,-2,67,-39
68,-254,34,82,42,95
58,-254,-38,40,-53,-4
37,-261,4,6,-19,51
68,-269,-1,-33,-24,43
59,-251,28,-24,35,12
-2,-250,27,-27,34,29
54,-237,15,3,-47,-57
29,-246,4,26,12,137
62,-256,-34,31,-18,21
33,-254,8,43,133,77
31,-248,23,17,-11,59
40,-249,7,63,11,82
58,-246,22,-33,1,12
35,-259,16,5,35,69
22,-250,16,19,71,32
-1,-256,11,32,6,-78
38,-256,-25,-27,-49,-59
36,-247,-3,97,-22,-47
-7,-245,17,11,-56,85
81,-264,15,-16,-2,40
2,-264,31,14,5,73
11,-260,-4,-73,-52,-38
10,-246,-11,71,10,-4
-34,-266,-8,-3,-47,-57
-38,-265,5,-64,60,21
-35,-244,-18,-19,94,109
7,-245,-14,-101,-57,14
-9,-267,-8,32,-7,10
-8,-246,-9,-27,-20,-16
5,-238,22,-58,-51,-73
-44,-255,14,58,2,17
-17,-259,-43,-25,20,-57
-6,-245,-7,17,-21,33
-12,-249,26,-22,74,12
-17,-257,27,-73,-48,-35
-22,-264,-6,11,76,1
-65,-256,-14,-85,-86,-7
-17,-252,-14,-86,39,55
-19,-252,-15,-72,-10,-46
-44,-254,9,17,89,19
-11,-252,-21,-3,-21,82
-50,-269,-21,-12,34,30
-54,-252,-2,40,-24,-8
-73,-258,11,-11,-56,-69
-60,-247,-7,26,-88,-129
-27,-254,24,-40,132,22
-79,-251,-4,1,4,-28
-43,-260,-3,28,-68,53
-61,-250,-16,12,-48,-9
-82,-258,-16,-37,12,-40
-23,-256,-34,-54,-11,23
-88,-257,-3,-10,35,63
-51,-254,7,68,-17,63
-43,-243,5,-12,-50,56
-29,-255,8,-42,4,-7
-42,-260,-26,44,-4,-23
-41,-265,-28,10,12,-76
-3,-261,15,30,-104,109
-64,-230,4,-78,25,45
-53,-262,-31,-69,25,46
-37,-251,-4,-4,-98,-45
-55,-261,33,-81,-21,-22
-56,-259,-34,-34,-36,51
-35,-264,19,30,57,-49
-47,-265,17,85,-84,49
-7,-251,-4,9,-3,20
-29,-246,-7,28,11,54
-17,-256,18,-20,56,39
-19,-257,-26,-20,-3,76
-10,-267,-9,-47,-58,-14
-63,-256,-30,41,49,-85
7,-246,19,7,19,-22
-46,-266,-10,31,47,13
14,-237,-7,104,1,29
6,-246,-20,13,-1,-89
3,-263,26,-6,-4,47
-4,-254,7,-109,75,13
-2,-265,3,68,-9,-83
-11,-249,-5,-21,-59,7
33,-262,6,-87,-32,8
11,-261,26,35,-22,57
13,-257,-3,70,-23,30
33,-263,10,-71,49,-25
-3,-268,-13,-29,10,19
42,-257,-35,58,-39,99
24,-255,-9,17,-4,-31
-6,-269,-0,52,-22,-1
47,-261,8,-42,51,180
38,-253,-11,-6,-64,-45
29,-255,-33,15,145,59
31,-253,-18,44,9,-18
76,-258,3,53,136,-57
2,-257,3,-87,-97,-14
56,-264,-0,3,1,-51
42,-256,-5,-43,-3,-3
73,-274,-42,-48,24,152
47,-264,-0,-11,50,38
116,-251,10,-52,-60,-127
52,-263,-14,-100,-3,-44
60,-251,4,11,-38,18
55,-255,12,15,85,31
61,-263,-25,-12,79,-13
23,-259,11,-47,-14,34
74,-266,-30,6,32,-61
31,-264,19,-30,-16,44
47,-263,-8,-46,-46,-43
20,-247,22,-68,-48,88
49,-249,-23,-3,55,-24
49,-251,3,-39,-24,-60
58,-255,0,13,30,-80
18,-269,-2,16,29,-48
39,-266,2,19,-52,-29
-6,-254,28,-31,-72,64
11,-268,-14,20,-17,-35
23,-275,-34,65,3,-5
-21,-231,5,-62,-69,-49
-5,-264,11,15,-66,-40
18,-247,11,-82,19,-38
47,-243,-5,53,-51,-48
31,-255,-8,-38,-62,-11
50,-247,-21,-14,3,42
-36,-266,16,-56,1,76
-0,-276,2,-38,-45,15
16,-249,-5,-51,6,80
-41,-271,-4,26,-105,-24
-18,-256,-12,-23,9,12
-33,-248,-22,-114,36,2
-25,-262,8,24,-25,1
-13,-265,30,10,14,-42
-42,-254,-25,-18,24,-10
-30,-270,-16,-34,-28,-3
-11,-274,-30,32,25,-88
-14,-252,6,53,-80,-16
10,-257,7,-31,16,-2
-53,-254,-1,61,53,0
11,-242,-10,-36,4,-48
-53,-243,-24,37,6,-32
-25,-248,-6,19,-111,41
-41,-254,-13,-54,-13,3
-25,-267,-36,1,-19,14
-11,-252,-22,27,-62,-49
-44,-244,-18,-31,-55,61
-55,-260,-12,26,-85,4
-25,-230,-11,-40,82,-57
-30,-254,-1,-1,27,26
-41,-237,17,2,-66,-103
-30,-277,-29,7,16,-14
-68,-261,42,-17,147,-29
-44,-271,20,-52,40,12
-38,-245,35,3,-89,76
-53,-246,4,8,127,2
-45,-264,-14,11,-26,26
-50,-260,-0,-12,61,39
-53,-276,27,-90,91,-117
-62,-252,8,25,-13,80
-40,-251,10,-79,22,-49
-21,-257,-5,64,3,-72
-74,-250,30,-49,29,66
-26,-264,-7,-100,-31,11
-85,-252,7,42,71,28
-43,-259,-31,95,17,-3
-28,-261,16,56,-26,1
-31,-258,18,-11,75,28
-23,-230,8,-69,-22,-53
-45,-256,-4,44,-104,-1
-23,-276,1,-47,-48,9
8,-254,-17,17,-44,-24
-39,-242,-29,0,60,97
-47,-268,-21,99,66,-27
-33,-258,-14,13,7,27
-18,-267,-12,-87,-39,14
14,-252,3,-34,6,64
-37,-255,-15,24,31,76
-1,-249,2,38,61,-53
28,-261,8,-77,-8,-1
6,-277,-24,30,1,44
-17,-275,27,2,32,66
-5,-256,2,-5,2,50
20,-260,-10,29,-67,31
29,-264,29,-117,-21,119
23,-257,-19,2,-14,23
18,-239,-27,-2,-6,-34
47,-261,8,17,9,19
29,-246,-12,73,-11,-21
17,-265,25,-13,-53,14
3,-256,1,8,-21,25
18,-255,-8,-33,-14,37
28,-256,19,18,1,-8
38,-261,-20,36,-30,18
28,-237,-9,40,10,-87
73,-258,8,6,-62,14
70,-250,2,-20,24,2
55,-244,-29,2,-13,52
60,-247,-2,35,-16,-30
7,-250,-29,-12,-21,32
52,-252,-0,-60,-45,-36
67,-257,57,61,-7,-8
87,-260,-19,25,88,-1
69,-261,-20,-97,44,53
31,-251,-11,18,21,-128
75,-247,-5,-39,-31,-34
62,-262,2,-11,24,35
78,-240,24,4,121,-20
33,-251,26,-24,-14,130
66,-248,-22,-34,-6,-42
7,-247,14,33,1,-6
35,-248,-2,85,28,17
19,-257,-5,10,-35,12
49,-259,-9,-10,7,64
65,-253,9,59,-49,-19
35,-259,11,6,-4,-96
62,-275,11,17,61,65
12,-247,29,53,19,-160
65,-254,37,110,29,-10
21,-252,72,20,-16,77
64,-247,3,77,21,-35
40,-267,27,-54,-81,-58
29,-257,31,-2,1,-12
26,-263,14,-46,-42,23
15,-261,-2,-46,-28,23
-14,-233,15,-19,54,18
17,-230,-10,-47,-56,-1
-24,-258,-14,4,26,20
22,-238,-16,7,-77,16
-1,-257,-36,-38,-67,-30
-24,-251,7,-38,13,4
-13,-253,0,-198,-1,-19
-31,-242,1,75,44,-16
-26,-248,6,76,49,-12
-17,-249,15,4,-59,33
-1,-250,-20,58,14,22
-20,-279,-15,-15,18,45
-9,-273,-22,-42,55,-72
12,-250,-7,84,44,-9
-49,-251,-10,-44,-109,-10
-31,-269,20,42,47,85
-48,-267,-0,-103,-23,-59
-48,-246,-2,-40,-119,-20
-20,-267,52,-22,-14,41
-47,-264,-17,-111,-30,-123
-57,-255,15,-58,-19,-36
-35,-254,-10,-80,42,31
-28,-257,-24,-18,-71,-81
-44,-261,-12,-70,74,-28
-59,-253,22,3,-66,2
-23,-257,25,9,104,122
-55,-253,16,-2,-17,-23
-33,-245,-21,-126,-1,34
-54,-252,30,-20,-30,-8
-58,-264,46,16,-34,21
-50,-277,-2,31,-33,43
-71,-251,-41,-34,-19,-18
-58,-260,29,-35,-17,-31
-31,-257,9,51,-3,-14
-16,-270,-30,-105,-39,-30
-54,-252,-14,23,-20,-32
-60,-247,-56,71,13,36
-96,-259,12,-37,37,-111
-61,-252,6,-34,-74,-26
-16,-253,-8,11,-14,60
-48,-234,13,80,6,-19
-43,-254,26,59,131,-31
4,-272,5,21,6,-91
-42,-248,8,15,23,12
-39,-252,-11,39,-94,-85
-33,-265,-9,23,-36,-49
-48,-259,-36,-59,40,-16
-30,-267,7,-2,-79,26
-16,-259,-12,4,93,24
-41,-264,-12,60,-14,-30
-1,-267,-40,-23,21,77
-33,-272,41,78,99,2
-7,-236,11,42,-16,-53
23,-250,-27,1,28,-138
9,-255,25,11,-18,36
-21,-253,19,-24,71,60
24,-263,-16,26,58,13
13,-261,-7,54,-88,9
14,-261,1,39,-19,-18
24,-245,2,-30,-8,20
11,-258,-3,-35,66,-43
32,-247,18,-33,50,-76
9,-265,37,-76,45,78
46,-261,-11,-5,13,46
-9,-251,-7,-35,-5,-20
49,-258,-11,38,46,-26
11,-255,21,61,-1,49
4,-254,1,-10,-42,-27
37,-248,-10,-123,42,70
52,-265,14,-59,40,-24
58,-253,10,-22,-43,-29
66,-252,-13,-81,-21,-50
23,-265,-29,-16,34,7
32,-251,26,-24,-58,88
41,-262,-26,-2,22,-24
22,-249,-10,53,-11,63
44,-266,7,64,-35,-77
51,-258,-36,79,52,13
81,-256,29,-19,19,-85
96,-248,-19,48,62,22
58,-258,16,-29,-31,-2
23,-257,-21,59,23,32
43,-268,7,-83,4,-19
67,-253,36,39,-46,51
35,-256,17,-81,12,-72
16,-251,21,-13,19,-42
56,-255,-4,99,35,-29
19,-250,8,-65,-32,-18
2,-252,-16,-2,-48,46
13,-254,10,-54,-86,-82
47,-250,2,-42,-84,24
-0,-247,-1,-18,12,-17
20,-262,-25,22,-97,91
4,-262,22,-8,-57,39
40,-241,5,25,28,7
10,-250,-14,-4,23,-6
22,-260,33,-63,-55,-17
34,-261,11,-49,186,-2
51,-258,15,-39,-72,-22
11,-271,3,-105,79,-33
52,-256,-24,78,76,-70
-12,-271,-28,86,58,-37
-5,-267,21,55,1,-5
-10,-247,-5,39,-49,7
26,-257,-17,-6,9,-39
32,-258,-5,11,28,-10
37,-237,-22,34,41,14
-7,-270,-17,-12,-16,96
-53,-253,-11,-17,31,-26
-25,-254,-14,10,-151,108
-17,-263,5,-45,17,-31
-32,-257,-20,17,25,11
-20,-268,-16,-7,-55,16
-6,-244,4,4,-140,61
-24,-263,11,17,46,31
-46,-258,-1,-86,-19,-22
-4,-252,9,-20,-82,107
-61,-267,9,97,25,-6
-46,-249,-25,21,15,-3
-47,-243,-11,120,-67,16
-8,-252,-14,32,-40,39
-58,-257,13,16,52,-10
-10,-261,-4,-10,69,46
-65,-252,25,-19,-15,8
-37,-255,-3,50,9,20
-68,-261,14,-82,27,-66
-10,-270,-40,-23,1,-24
-70,-249,-9,42,-58,50
-30,-248,-18,8,30,45
-43,-260,-24,-19,-31,-24
-34,-265,23,-53,71,-16
-23,-249,5,-5,62,53
-59,-262,19,58,-3,-55
-71,-249,6,-38,-19,8
-47,-247,38,-15,47,134
-51,-252,-7,-10,4,-41
-91,-259,8,-76,28,50
-11,-243,14,-18,-22,-51
1,-248,-15,-26,31,-26
-75,-269,-4,42,35,-9
-53,-241,13,25,-10,65
-44,-258,8,-49,-4,20
-26,-267,-15,94,29,-44
-34,-266,21,32,-31,-46
-13,-265,32,33,-35,-70
-54,-234,8,-93,34,59
-11,-257,14,-106,-105,41
0,-268,42,19,-57,36
9,-265,-20,19,38,16
19,-262,31,-50,-43,6
5,-253,10,-8,13,5
-4,-255,12,87,20,22
-6,-253,-2,29,-44,5
17,-245,-30,36,-113,-41
1,-252,37,-29,58,25
12,-248,-11,72,-5,71
-4,-254,-12,11,-11,39
-14,-262,2,90,25,-0
-33,-260,9,-9,-147,-48
45,-252,23,66,-86,53
38,-246,10,-32,8,-62
26,-253,-5,23,29,52
43,-260,-11,40,30,57
46,-242,15,-37,38,-32
-11,-260,4,-15,1,-32
39,-264,-12,22,137,49
42,-244,-9,25,32,64
33,-260,-26,-72,71,50
24,-269,8,-81,85,-103
-8,-243,-44,-6,43,68
56,-251,-1,-17,-15,9
46,-268,-29,34,20,-13
11,-245,16,26,-36,51
61,-239,-46,-27,48,-18
72,-255,8,-35,-21,20
51,-269,-8,-15,-125,-31
86,-241,-22,-88,1,12
65,-251,-14,-129,-39,48
67,-257,11,95,-31,-29
8,-261,1,-92,17,-30
66,-249,23,1,51,-15
36,-257,-29,16,-35,-9
71,-267,-4,-151,-40,-67
61,-255,-3,-44,-73,46
32,-272,34,10,17,-119
51,-270,-31,-47,-83,44
45,-289,-3,-43,42,-58
17,-266,-14,-59,29,109
37,-260,11,23,8,-21
28,-253,24,-156,12,-47
38,-258,-36,-25,84,-69
50,-262,-19,14,16,-6
15,-251,-39,-86,19,-91
51,-248,23,25,66,43
61,-243,43,68,38,-74
27,-247,-3,-61,-12,-33
20,-251,9,-14,16,11
33,-263,2,73,-26,7
22,-264,7,38,39,70
28,-246,6,8,-9,27
23,-267,-18,56,12,-17
-17,-251,-12,-30,43,-43
-12,-251,-0,25,-59,-126
27,-246,-32,-1,32,37
28,-247,-28,-18,-43,16
-12,-254,12,-27,17,3
-39,-260,-19,0,9,64
14,-239,10,39,55,-30
-26,-253,29,-102,21,-24
41,-257,-11,59,-18,20
-10,-243,-8,-14,-69,76
-45,-238,-3,60,24,-12
-22,-259,24,116,-28,63
-12,-275,-17,41,64,-28
-21,-259,-3,-40,-7,49
-25,-244,-8,-7,-36,106
-45,-253,19,-41,-25,30
-57,-250,9,-64,85,-22
-29,-265,12,-2,-9,5
-48,-257,14,-54,13,56
-61,-246,-4,-34,-77,86
-36,-267,20,-68,-4,62
-63,-261,-5,22,12,21
-32,-264,12,-61,-56,24
-49,-251,23,-23,24,-21
-87,-273,-27,28,72,14
-34,-237,-1,62,27,46
-46,-252,3,31,74,31
-33,-256,-20,25,91,-8
-23,-262,2,-40,-4,13
-66,-248,-9,-43,-54,50
-39,-253,21,-35,-67,23
-74,-261,-16,-27,22,87
-59,-273,-5,-20,25,-45
-76,-248,5,1,61,59
-79,-247,1,-80,-46,-101
-67,-269,-10,-35,-23,-116
-55,-256,31,-93,6,-26
1,-251,-7,-51,28,-41
-75,-266,-4,-42,-23,48
-33,-253,7,29,-30,-51
-38,-245,-14,53,-0,14
-20,-243,-2,7,85,-41
-42,-253,-45,7,30,11
2,-241,-11,-27,-57,130
-52,-254,10,-15,-19,22
-61,-258,18,59,32,-80
-35,-273,0,-20,98,10
-33,-262,-9,-14,-45,35
-12,-255,0,-2,-21,1
-38,-235,-17,129,49,42
12,-256,10,-57,-90,-12
14,-251,-11,1,-52,2
7,-256,-29,-45,86,12
41,-249,21,-8,1,23
-0,-264,-1,-47,-10,-58
-23,-270,8,-42,-105,61
6,-253,-21,-20,-16,-29
4,-255,-6,-56,37,70
9,-275,45,-65,-25,48
42,-242,27,-111,15,71
45,-253,-15,56,20,-7
-16,-263,-6,-46,43,41
32,-256,-5,1,-47,-21
7,-269,34,54,-22,47
18,-262,8,-37,30,-30
57,-256,-8,-80,-5,-13
33,-265,-3,-40,-42,19
45,-258,3,30,59,-26
62,-258,-55,-15,-85,-25
62,-272,4,-6,-12,-55
34,-253,6,26,-1,-26
55,-259,36,65,-21,-20
32,-266,-12,52,-14,-37
45,-266,-6,37,-56,50
85,-262,-8,-12,-7,23
50,-254,-11,-2,12,4
43,-248,-18,6,-66,-24
19,-225,-9,23,17,-9
64,-256,-30,23,-38,3
56,-262,3,32,7,-19
29,-252,-12,20,-59,34
37,-258,14,95,13,-8
40,-264,11,-53,-73,48
64,-248,-1,-76,35,28
19,-255,-10,-37,-30,-79
10,-263,20,-49,-46,84
46,-279,-18,67,21,19
33,-268,-3,93,8,49
40,-251,-7,45,78,-30
45,-271,15,-3,4,39
-2,-255,20,-31,-57,58
41,-278,-5,3,63,49
35,-265,-15,-65,58,-59
3,-267,-1,1,54,40
35,-255,12,15,3,12
-3,-258,-6,-38,2,50
11,-255,3,-6,8,-27
38,-242,-14,42,-58,11
35,-245,-2,-66,120,-55
44,-244,-5,-41,-64,43
12,-267,-25,48,5,-40
-7,-250,6,-58,-10,25
2,-241,2,-10,-58,35
33,-264,-19,58,-63,-77
-15,-262,14,68,-68,-68
-29,-255,-11,-49,31,-69
-22,-271,-28,6,37,35
-1,-234,-21,-26,-41,-7
-32,-271,12,-83,16,24
28,-255,-51,-7,138,27
-1,-251,-14,38,-92,9
-24,-247,-2,30,61,-115
-25,-260,-12,-102,52,-19
-6,-257,-24,-5,31,-78
-12,-276,1,-17,13,13
-33,-247,-2,5,-13,13
-50,-271,-41,74,-12,-13
-48,-257,17,69,-23,25
-1,-278,16,48,-75,-16
-55,-254,13,-13,-44,30
-21,-252,-3,17,46,-67
-32,-263,-15,-59,-41,48
-32,-258,0,-112,18,-59
-64,-256,-38,-12,55,58
-36,-269,8,-9,-81,2
-29,-234,28,-22,87,16
-35,-253,-11,-45,77,12
-58,-252,-28,-60,13,22
-80,-249,7,-30,20,30
-62,-251,9,16,32,18
-67,-266,26,1,48,25
-47,-258,-22,-127,13,-105
-104,-257,-33,112,112,35
-90,-254,13,-28,40,-25
-61,-254,-35,-94,-53,11
-19,-272,-41,-53,15,-18
-47,-250,-15,8,19,2
-25,-259,-16,-24,8,-43
-42,-256,-38,-88,32,-36
4,-273,5,8,43,-1
-23,-264,0,67,-49,-15
-38,-246,27,44,-62,55
-68,-257,29,-122,73,-12
-8,-248,33,-76,-65,84
-19,-250,-4,68,-63,-24
-18,-233,33,-2,90,94
-38,-262,0,13,-30,-34
-27,-272,-8,-65,-9,-21
-19,-248,-28,-87,-19,57
-11,-270,14,34,-32,-89
-22,-252,11,-7,28,-7
3,-278,16,70,-32,40
-14,-257,-40,-11,-16,-16
-3,-265,5,-49,93,16
-21,-247,-28,24,10,-39
22,-251,-32,-42,-4,-78
-6,-248,29,104,44,-40
2,-280,-3,95,46,-52
33,-272,18,77,-16,18
34,-264,13,-76,24,-55
40,-247,-10,-13,40,-7
28,-276,-7,-28,43,93
35,-253,-41,46,5,40
26,-236,16,42,-10,20
31,-249,-22,80,-120,56
53,-260,5,27,46,5
39,-268,-3,33,26,-39
83,-242,-5,4,124,26
19,-249,21,-84,-24,-20
68,-242,-13,15,-71,-21
30,-241,-8,18,7,-20
71,-257,14,-1,49,56
3,-248,-17,-15,-2,-6
64,-272,-11,14,31,17
55,-260,31,-22,-6,-20
45,-244,-9,28,-42,63
60,-263,6,8,22,-47
62,-261,-11,-63,5,3
54,-267,-28,56,15,-21
41,-266,-15,45,23,-1
53,-264,19,-6,-74,4
35,-238,-5,-8,63,39
46,-250,22,-23,66,25
88,-250,13,39,57,90
30,-254,3,-39,-4,19
35,-260,1,50,-49,87
63,-254,-30,-26,-63,-13
21,-262,-0,-116,9,-33
22,-249,40,63,-6,14
36,-266,16,30,5,-21
24,-251,-2,-84,-29,32
38,-246,3,-74,95,-6
-1,-244,5,63,32,-27
59,-258,18,-1,111,22
31,-236,18,52,105,-74
22,-257,5,65,-89,40
7,-259,-22,-43,-16,-5
7,-263,7,16,61,17
23,-253,45,-1,12,-28
11,-274,10,93,-61,48
33,-263,7,9,13,-51
-16,-254,1,-61,28,25
53,-252,37,-29,-13,-55
12,-253,-2,-48,5,-48
-7,-259,-8,46,57,91
-14,-265,5,77,-51,-32
-28,-277,8,18,-86,81
-6,-242,33,43,65,-43
-29,-253,15,22,38,-22
-10,-263,-15,127,-25,52
-6,-259,16,-19,126,64
-6,-260,-16,-42,-60,-12
-34,-247,-11,66,44,-63
-51,-268,-8,6,-13,50
-22,-257,13,-8,26,36
-22,-260,-12,9,-2,-8
-46,-257,24,0,10,46
-31,-260,-10,13,35,-21
-21,-242,-32,30,29,-54
-74,-240,8,-5,21,42
-45,-275,4,1,4,-1
-54,-275,-15,32,-41,-40
-60,-252,16,61,56,95
-52,-259,14,-21,-14,-55
-50,-270,1,50,-41,49
-68,-256,14,-52,77,70
-37,-271,1,-6,-8,-27
-70,-264,-19,63,85,20
-57,-267,-7,-16,11,38
-62,-257,-25,42,23,51
-25,-253,3,10,-85,-19
-63,-252,18,-44,55,31
-42,-261,-13,7,2,7
-84,-236,24,42,-106,70
-47,-257,7,71,68,39
-43,-246,-24,1,18,-20
-60,-240,19,-92,-13,-8
-69,-247,-2,-63,8,2
-39,-254,19,53,31,11
-24,-262,36,-50,91,-81
-11,-266,12,-57,26,-78
-61,-259,-44,7,30,9
-71,-242,6,-6,111,-7
-8,-266,-26,9,-1,69
-24,-243,15,-43,-8,79
-37,-256,5,30,-49,-56
-9,-256,-23,10,-58,29
-45,-256,1,101,84,-45
-42,-245,10,8,93,-4
16,-269,25,9,52,21
-14,-249,-7,71,31,-74
19,-238,-12,4,-26,-37
-4,-248,10,64,15,-75
17,-257,12,21,57,-30
-0,-253,-41,-30,-2,62
-13,-228,-18,-77,-122,-60
-20,-245,14,-41,-33,-27
-3,-231,1,94,69,-22
-22,-268,16,114,-36,-50
-10,-263,-32,19,37,19
40,-274,-15,-4,4,-77
27,-260,-8,77,8,23
21,-251,-39,63,-41,13
63,-267,3,81,25,-86
0,-256,22,-21,59,56
17,-248,15,16,-50,57
37,-245,19,-94,-75,13
71,-262,-18,-35,7,-24
56,-255,7,-2,15,-2
56,-259,6,66,53,51
57,-256,36,93,-61,36
26,-271,-23,11,-50,58
56,-248,-12,5,-18,-53
36,-246,-31,-44,-96,41
35,-241,-20,51,-29,-43
61,-268,5,24,-74,18
33,-256,-12,-12,-17,-58
54,-264,5,-38,-47,7
62,-262,-19,-38,27,107
81,-260,29,1,-43,-67
36,-250,9,-18,-19,59
66,-274,-19,26,-100,42
57,-232,-19,12,93,9
11,-242,-7,7,4,21
35,-263,-9,-19,76,96
38,-270,24,29,46,-81
44,-261,12,-43,5,44
17,-261,-20,35,81,9
24,-273,24,-65,51,23
40,-266,33,-2,-16,-36
16,-275,14,70,-8,-13
36,-252,10,-17,7,24
5,-245,-5,-32,35,11
45,-272,-7,142,22,-33
9,-248,-0,-70,22,-21
4,-249,22,-26,94,-56
7,-261,8,-67,33,10
19,-248,-18,10,25,20
-13,-264,36,44,-44,-88
47,-265,-25,-46,-4,-58
31,-255,-27,17,59,-79
22,-259,-22,35,-27,-23
13,-258,-0,-52,-68,-30
0,-266,-5,71,-1,-1
-10,-268,-15,7,35,65
43,-259,-9,88,42,40
2,-250,-13,4,-12,41
5,-273,-40,-18,-71,51
-22,-258,2,-46,-3,2
-10,-255,-21,-40,7,-26
-8,-254,-28,24,36,-0
-6,-261,21,74,-85,-77
5,-267,-24,-58,-9,-34
-4,-249,-5,-14,-26,-27
-25,-256,-5,-41,58,-43
-7,-246,-12,1,60,97
-57,-236,9,36,17,31
-12,-265,-0,-15,54,10
-69,-257,25,19,59,110
-69,-267,-25,16,37,-36
-4,-267,-9,80,8,-5
-23,-253,8,-36,-42,-40
-57,-280,-14,-19,110,56
-59,-248,-11,-53,-39,16
-37,-251,-13,-46,18,39
-18,-242,5,15,-6,-54
-60,-252,25,-91,22,77
-63,-261,2,-60,-30,2
-24,-244,-8,65,110,-7
-84,-275,8,-75,-43,-21
-58,-257,18,96,24,94
-44,-249,-3,96,12,-47
-41,-265,34,14,-2,17
-61,-257,15,17,-47,20
-13,-251,0,8,22,26
-35,-254,12,-13,31,92
-75,-274,36,27,-72,77
-27,-266,5,-39,-30,-78
-25,-244,-3,94,-69,-42
-64,-261,12,-41,40,74
-23,-257,-25,-110,16,67
-25,-251,0,59,5,45
-29,-252,12,4,22,11
-59,-257,21,-66,64,59
-19,-246,23,15,69,-59
-1,-256,-4,2,-46,-111
-34,-265,43,18,-37,-68
-45,-264,37,15,53,143
-7,-244,5,-95,-18,27
19,-260,16,12,47,-15
-5,-251,-4,88,7,-86
-22,-256,3,15,65,1
-13,-264,-4,36,-34,59
11,-278,39,57,54,1
-31,-252,9,-9,40,-24
24,-261,-7,-64,-31,15
21,-253,-4,10,-4,68
1,-261,17,25,11,-25
33,-276,49,22,90,-17
21,-282,-27,108,40,-80
15,-248,36,-94,62,-26
16,-258,7,-55,-27,8
56,-254,9,-57,-7,5
3,-258,13,71,-23,55
28,-273,26,-40,54,34
24,-258,8,-0,-49,7
18,-262,-7,1,-78,56
-13,-262,9,16,62,81
26,-235,-24,41,-11,-19
44,-244,4,56,-92,80
42,-261,-3,3,-8,-42
64,-278,19,24,2,-104
64,-245,8,-94,-77,-75
56,-251,-4,51,59,2
61,-259,-12,44,-39,67
94,-266,21,-33,-14,82
64,-253,12,28,-42,40
18,-263,-17,-11,-81,52
43,-266,-31,35,40,-17
37,-247,35,27,-2,8
42,-249,-7,-83,0,96
16,-258,-9,20,77,62
56,-263,-3,0,30,20
59,-247,30,27,24,24
61,-268,11,52,-51,36
70,-248,-10,-115,46,82
41,-250,-37,3,-56,5
-8,-241,-15,16,-11,-47
50,-252,-16,-59,-20,21
47,-252,7,15,-4,54
16,-265,-11,-50,45,-62
7,-251,5,-21,-15,-14
4,-260,-33,-31,-24,-12
56,-245,22,-69,-22,-12
44,-254,-2,7,27,-20
-27,-244,-15,-3,-33,30
44,-266,-15,37,55,43
51,-260,-28,-58,-61,23
47,-257,12,63,18,-23
24,-253,-31,43,-30,-42
37,-264,19,4,49,-33
5,-258,-22,59,52,88
5,-250,-11,-18,-4,21
-9,-251,10,-54,52,-47
-5,-256,-43,74,49,67
12,-251,16,-57,11,54
-29,-252,-15,-9,6,-25
6,-244,7,-41,23,-57
-73,-263,25,41,34,-30
-27,-250,-5,-24,50,27
-15,-259,-4,-24,-42,-57
-3,-259,-32,3,-34,1
-22,-256,-7,59,-85,52
-53,-263,6,-85,39,1
-25,-263,-29,-13,-67,30
-15,-252,7,1,-88,12
-37,-245,-15,45,56,123
-12,-247,-8,73,-87,93
-38,-252,44,63,-16,11
-23,-247,31,4,62,-37
-19,-242,-20,-36,33,7
-48,-255,24,-22,-37,-119
-30,-263,1,-38,19,-6
-45,-281,7,40,-94,12
-18,-235,-16,-47,6,-133
-19,-254,-12,60,70,-105
-54,-235,2,-20,173,-30
-28,-242,8,-26,59,-41
-55,-247,22,105,19,-37
-37,-262,-5,-65,33,-45
-42,-247,28,-28,-58,72
-60,-257,-23,-3,-4,1
-42,-261,-11,33,-14,90
-61,-253,67,90,-15,-20
-64,-257,-45,51,5,109
-80,-259,-34,105,78,26
-85,-266,-7,101,-40,-46
-43,-269,-7,-12,-5,-29
-41,-234,8,-64,36,-60
-26,-248,-31,16,-25,-15
-54,-254,-0,-71,-27,-53
-50,-253,-30,-3,39,45
-12,-237,15,48,-52,1
-44,-245,-15,38,-114,-26
-40,-269,60,-26,-41,44
-19,-258,-30,-5,-11,114
-30,-250,-12,21,-45,-81
-36,-258,5,-15,-144,106
-9,-259,6,56,-29,36
-51,-243,0,67,10,-78
4,-261,56,38,-38,-102
-44,-266,13,92,22,71
6,-257,15,65,-106,36
-3,-270,37,-26,-48,-14
-13,-242,22,16,-18,47
-6,-262,20,46,20,14
7,-261,-1,-34,55,36
16,-264,37,21,-14,30
29,-268,-40,13,-7,-43
23,-256,23,-22,51,46
27,-261,-9,-1,37,53
12,-275,-1,65,-29,102
46,-245,10,43,6,33
12,-270,-0,18,91,-32
20,-268,7,-74,-124,132
44,-260,7,29,19,5
53,-263,22,-47,45,-16
-3,-251,-15,-63,38,75
1,-251,3,-107,38,-36
16,-258,-5,17,40,6
50,-253,3,-40,-10,4
39,-258,-13,4,73,-89
27,-260,15,-12,20,-65
66,-226,-12,-19,12,-60
24,-244,-1,-23,-86,40
21,-247,40,36,-43,-27
54,-262,22,-19,1,2
27,-266,-21,25,101,5
75,-237,-32,-22,69,6
19,-248,-34,-21,84,-10
30,-249,6,-7,-24,19
70,-258,-11,55,96,8
35,-250,31,-23,-10,5
35,-275,-3,-94,99,-7
27,-260,26,-29,-12,85
37,-240,-26,53,33,30
58,-269,49,6,54,14
63,-254,-4,137,18,-33
72,-249,-16,-55,70,-25
35,-263,-15,78,-50,-8
24,-247,-13,8,-67,22
48,-262,12,-18,24,39
63,-243,17,-23,78,2
1,-250,11,-20,86,65
33,-270,2,59,-26,35
25,-238,1,99,8,-10
3,-263,2,-56,-12,17
-2,-252,-32,-38,-30,-62
15,-254,-16,68,21,-73
18,-254,-26,56,-31,-20
15,-272,-4,-28,-4,82
-16,-258,-30,17,-50,-29
-14,-275,-3,-63,-16,-6
28,-252,-7,-18,-3,-49
14,-253,-24,-65,26,95
12,-264,6,-61,-31,-9
11,-261,17,16,26,19
-23,-260,-11,-66,-8,-45
-9,-261,20,-50,-17,0
27,-247,17,81,-59,147
3,-1,-6,-27,99,-3
4,2,-0,-72,-9,-9
-0,-1,0,-54,-37,12
1,1,-1,-41,58,-8
3,-2,1,-57,28,52
-0,-5,-2,-10,-43,63
-3,-2,-2,12,62,43
-0,-0,1,15,-50,-74
4,3,1,92,114,-16
-1,-3,-2,21,61,9
4,-0,0,14,-30,9
-3,2,0,-32,-117,95
-3,-1,0,-15,10,61
-3,-1,-2,8,-30,112
1,2,-1,-31,72,45
0,2,3,-12,-12,4
1,2,2,-64,-64,-13
2,-2,-0,100,-35,49
0,1,-1,-25,59,-18
1,-1,6,45,11,59
187,-62,102,-44,-63,2554
234,-32,92,-59,-31,2897
327,43,172,42,55,3911
428,191,194,-14,-26,5548
698,325,263,-75,45,7732
921,544,378,71,55,10360
1190,787,506,-28,-16,13309
1492,1024,601,-22,-43,16443
1807,1272,757,51,67,19613
2095,1509,868,63,68,22673
2361,1728,923,45,-81,25478
2591,1914,1056,-74,66,27898
2753,2062,1109,-44,-37,29820
2927,2191,1124,28,-54,31153
2958,2229,1185,38,-31,31836
2950,2231,1178,10,64,31836
2951,2180,1173,0,-86,31153
2787,2085,1100,-65,-119,29820
2615,1939,1038,-57,16,27898
2381,1718,950,-101,-12,25478
2147,1511,852,-95,45,22673
1834,1265,746,-16,27,19613
1547,1019,624,-99,13,16443
1236,785,504,-1,-127,13309
981,556,383,-86,-19,10360
736,336,292,-92,-58,7732
548,180,197,17,9,5548
346,46,142,-104,-16,3911
285,-43,102,-20,6,2897
275,-44,88,57,5,2554
257,-4,-7,-2,-12,81
262,4,-5,-73,36,-57
266,4,-0,123,-64,-64
258,7,1,-96,-27,34
256,2,4,10,-58,80
260,2,6,-42,56,-32
261,-4,3,-39,-44,-60
254,-2,-1,18,-36,6
256,-7,7,26,132,-56
253,6,-6,53,106,77
254,4,-8,52,70,40
253,1,1,13,-146,-62
259,-10,5,54,7,-44
263,6,-1,28,-18,22
272,-7,1,29,-61,-35
258,-5,-8,5,-15,-0
247,-8,1,-41,52,10
254,1,7,3,-26,42
253,6,3,-33,-59,18
261,1,-4,-24,-13,37
258,-7,-0,46,-51,47
257,4,4,33,39,66
255,-1,-2,63,44,0
264,-11,7,86,15,23
250,0,-1,14,-1,-24
260,-3,-4,18,-53,-61
263,-1,-2,87,13,-27
260,3,6,-18,-44,15
263,4,3,20,-56,-10
257,2,7,8,111,119
254,-3,6,128,-60,-6
252,12,-4,100,-32,21
261,-10,-5,-29,-29,-13
250,-2,8,-79,-36,-84
257,0,-2,-93,21,33
259,-7,3,-59,-56,101
256,6,1,8,4,23
261,-7,-5,-9,29,-40
251,3,-3,10,143,69
257,6,1,-20,-3,-23
253,1,-1,24,-56,-63
259,6,1,-98,23,-46
251,7,-0,-15,6,-25
260,-0,5,-100,-58,-28
255,3,-1,6,39,-12
250,-7,8,-22,3,57
256,4,3,41,-14,79
254,-2,-3,-24,93,36
252,3,3,15,37,47
259,-11,-1,-7,-30,-22
265,-0,14,-70,62,-45
250,4,-5,5,9,-9
266,4,2,78,-44,34
258,-1,10,-7,49,-4
260,5,-0,-2,18,21
255,10,-2,38,29,-17
256,-7,1,19,-23,0
246,-0,2,-26,-19,-49
270,-5,-2,19,-19,38
264,2,4,-86,12,60
262,5,-9,8,-33,177
255,-5,-3,51,22,46
261,-3,6,84,-8,73
247,-2,-7,49,108,49
263,0,-8,-49,-79,87
258,-4,-0,62,-18,-38
255,-2,0,-19,-45,43
257,-7,-7,17,32,18
260,2,-0,85,-16,-48
252,-7,-6,67,-15,-40
254,5,-2,17,-0,93
257,4,5,-21,-70,-54
252,-2,8,-34,-60,-92
252,2,1,44,-54,-12
252,-7,0,-82,-2,-21
254,13,-1,-22,-55,-10
249,-3,3,-5,12,90
252,5,-5,-73,36,2
261,8,5,-114,-7,19
253,-4,1,-62,-34,-29
259,-1,-2,-6,-17,38
263,2,-5,38,27,-63
253,5,1,40,-19,4
251,6,0,12,120,115
254,2,-2,9,19,30
248,-1,-2,-77,21,42
255,-3,7,-49,-35,2
256,-4,-10,14,45,-9
253,-10,0,36,45,-45
253,-3,-0,4,-19,39
255,-4,6,-57,53,2
255,-3,7,12,-35,-18
252,0,11,-25,-8,15
259,-3,-2,43,19,1
249,2,-4,-70,97,-17
266,1,6,-7,-11,14
252,3,-3,57,10,-18
260,-3,-9,47,-35,91
257,10,-7,81,20,37
256,7,-7,7,17,-52
256,-2,-0,-69,-87,-18
250,6,1,11,-15,-9
261,3,-0,-53,-83,-59
254,0,6,-27,-53,-44
255,-1,5,27,31,74
263,7,6,7,-119,8
255,-2,3,-11,-50,-28
256,-0,-3,-8,-68,44
261,-9,-1,-36,-36,2
257,-5,1,-23,51,-4
258,-1,3,-3,96,15
254,-8,-4,-90,89,93
260,6,-5,38,-74,-23
249,-12,1,75,-21,71
254,-2,1,-101,13,-44
260,1,-5,27,3,-11
254,7,1,1,112,41
257,0,1,-10,2,-9
255,3,4,-19,-41,74
252,2,-3,-45,21,-29
256,3,10,-32,-39,-70
259,5,-0,0,-11,116
253,-3,-3,-50,-35,-1
251,7,-0,10,-57,-35
263,1,-1,-11,4,38
259,-1,-3,82,55,2
257,-0,6,-9,19,13
257,-3,-5,23,-53,-22
254,-3,1,67,-16,2
249,3,4,37,34,13
266,2,2,48,29,-21
255,5,-1,-18,48,66
256,4,1,22,80,-19
250,-0,8,12,4,-84
262,-3,-8,-9,-96,37
256,-16,-9,29,70,18
257,-3,-2,-31,-23,-11
266,9,3,-31,-38,-33
262,5,6,-30,89,20
260,-2,3,74,-78,20
258,1,-7,9,-79,49
259,2,-9,47,-10,49
257,-5,-2,-27,15,87
258,5,-8,19,35,20
256,-1,4,45,19,-6
250,5,-6,3,-7,58
256,-7,-2,-80,-55,-20
256,0,0,68,-33,128
250,3,-5,71,-67,-5
251,1,-0,-0,-56,86
254,-13,8,-65,-33,-59
269,-4,10,-34,46,-68
257,5,-2,30,-27,-42
258,-1,6,42,-80,-79
261,2,4,-27,19,84
253,9,-4,25,-8,-7
253,-3,0,-4,-37,31
254,1,1,-27,1,25
260,2,-3,-28,44,46
243,1,1,-9,49,-73
253,-5,-7,-44,-8,30
254,1,-6,38,-16,14
254,-3,2,17,113,39
260,-6,-11,-7,81,64
260,2,1,5,-86,59
244,-10,5,-29,74,-87
255,1,-1,-38,-60,-11
260,2,7,-33,67,-25
251,2,-0,-44,51,-6
261,2,-4,-27,10,-58
259,-3,-0,-2,1,0
258,1,-4,-56,-52,67
251,-11,-7,8,10,48
251,9,-1,-50,26,5
254,0,-3,-52,-10,73
254,9,-8,60,38,-35
262,4,-1,60,-25,-26
262,-10,8,79,10,-17
264,-0,-3,-3,136,60
261,2,-1,-22,32,29
269,-4,1,-73,-82,3
257,-1,4,46,41,48
257,-2,-2,41,11,40
254,5,-2,6,-14,-34
257,12,7,-81,-19,107
263,2,0,-41,-68,3
257,-6,0,-30,-79,-30
261,2,-9,-57,-36,-29
263,-3,-9,24,-23,-39
259,-7,-11,-10,-60,-41
261,-4,3,-7,-12,101
255,8,-5,-116,-71,78
258,-3,3,49,-56,-16
259,2,-10,46,6,-58
253,2,5,-2,10,-81
254,1,-4,-36,7,-76
254,-0,-0,28,53,39
254,-10,5,-36,-28,-58
259,-0,-5,48,-83,71
253,3,3,19,-78,16
255,-1,-7,4,37,-2
261,8,-4,34,27,59
262,0,-2,-37,-60,-10
260,4,4,58,-18,16
255,-0,-9,-63,22,-5
248,8,5,82,82,56
250,-11,6,15,-2,55
253,-1,2,16,-56,-14
260,-6,1,11,-19,-17
255,-6,-3,-26,-55,76
260,0,-10,7,104,-32
263,1,-2,-109,21,122
253,2,5,-13,43,-5
249,-1,-16,96,-40,-69
253,-0,0,-98,84,8
250,9,-2,28,-5,46
262,-5,-2,28,-47,-27
262,2,5,-28,50,42
263,-4,-8,22,45,9
255,3,8,-15,-53,20
257,-2,3,97,-67,-55
253,-1,1,-12,-30,-40
258,1,2,20,0,-33
253,-1,-3,-6,-38,5
246,1,4,-21,-3,20
260,-2,-5,149,2,59
263,-3,1,-43,90,-47
255,3,-2,14,-54,121
255,-8,2,45,89,49
257,-1,10,-50,38,-7
262,-1,6,-23,-58,-18
258,-5,-2,0,29,-47
256,2,2,-60,-61,5
255,7,6,-67,-29,-52
265,-1,3,94,25,60
260,-1,-1,-46,91,-47
256,5,9,-55,-84,14
262,4,-0,-68,-8,23
251,1,-0,64,-51,-19
254,-9,2,-22,-43,68
255,4,-7,-19,-31,20
260,2,7,48,-35,4
260,1,-3,-5,-39,-23
256,2,-1,-27,21,26
258,-8,8,21,2,-59
246,7,-3,-19,18,-1
255,4,-2,-20,14,45
245,-1,2,39,15,-0
255,1,4,-26,-18,103
255,-0,0,-101,50,38
251,-5,2,50,105,-24
257,-1,-3,84,-56,-15
259,-4,-2,-49,62,-21
249,2,-7,24,22,-19
255,2,10,18,27,36
256,1,-1,42,10,2
256,2,2,-38,-9,-35
265,1,-4,8,6,41
256,3,6,31,-40,-13
255,-3,0,36,45,73
259,-1,-2,51,-25,2
260,2,6,-19,-53,50
260,2,10,-41,-1,30
262,2,-3,26,32,-39
247,-2,3,-60,-14,-41
257,-8,-2,1,35,65
252,-0,-3,-66,-21,27
249,-4,-6,-17,5,34
252,10,7,-19,33,-112
257,0,-5,-38,73,-49
257,5,-2,-27,-82,-30
259,5,-3,-0,-6,-80
252,5,-2,-23,-15,-3
261,-0,-9,-2,-0,18
255,3,-2,18,-26,13
259,-5,-0,36,39,73
259,-2,-0,-4,64,49
256,-5,6,0,-45,-42
247,8,2,76,-73,-37
270,2,2,-54,9,30
249,3,-2,38,-17,-49
266,-1,0,-37,36,-28
257,0,-0,3,11,-33
254,4,1,-63,97,38
262,-3,-2,136,46,75
246,0,3,-25,-16,-8
261,1,4,28,-86,-28
254,3,9,-66,22,-34
257,7,-3,-56,3,68
266,-4,0,-28,18,16
261,-1,2,50,-72,47
254,-2,5,32,-1,13
251,6,1,-74,101,20
254,0,4,89,-32,-0
249,9,-0,6,11,41
259,-4,-6,-22,66,-61
255,-7,-1,-44,-3,50
253,1,-5,56,6,7
255,-2,-5,15,-21,-34
260,-6,-10,36,2,-3
260,-8,5,22,11,56
252,-1,1,30,31,63
253,-9,4,-13,91,-25
251,-9,-1,22,47,-26
252,-8,10,51,43,-21
253,-2,-7,-4,11,-32
250,-1,7,84,18,-79
251,-4,-2,-16,-12,126
246,-4,11,22,85,-48
258,0,2,-2,8,33
256,-3,10,-1,-46,-22
242,5,-7,49,5,89
255,0,-1,-110,21,82
254,3,-12,-62,-9,79
251,6,4,-3,41,57
261,-6,-0,-52,44,-7
261,5,3,-91,-34,63
258,-7,6,74,32,5
252,1,-6,-68,36,-6
254,-2,-2,-41,-52,-31
268,-1,-9,-9,-15,5
261,2,-2,41,-35,47
258,-5,1,74,-13,-25
262,-7,-1,43,-12,18
253,-1,1,-27,-22,24
254,-5,-2,-82,-16,-46
254,1,2,-75,23,-46
256,-0,-0,33,3,9
257,7,-2,-13,24,23
265,-6,-2,-40,-29,-3
256,4,1,105,49,15
250,-0,3,-9,-55,-47
249,0,3,-33,45,-80
249,11,-3,-67,54,102
251,3,-1,-21,95,177
254,-4,-4,76,17,-77
257,-5,-2,2,-23,21
252,-8,7,-12,-106,-62
251,2,-10,-68,86,60
257,6,-5,31,24,27
256,-2,5,1,58,-19
254,-6,-1,58,-20,33
256,2,-3,57,9,58
259,1,2,95,-16,97
247,2,5,-44,21,10
260,-9,9,-17,-35,39
254,-5,1,-40,-47,-29
259,-2,-3,-7,-19,-10
258,-4,0,5,-34,-59
252,6,-3,-60,8,9
257,8,4,15,24,-55
255,-3,-6,-2,27,-45
259,2,3,-23,97,-35
261,-0,9,-36,-48,14
252,-0,-4,-53,145,13
260,5,-0,-16,34,-33
256,0,-4,63,108,-44
249,2,-4,2,93,-84
247,-4,-2,-26,37,-38
254,3,4,-83,-52,59
258,2,-9,50,11,17
262,-9,-5,-34,-78,-25
251,3,9,12,72,-22
250,-0,-2,-58,66,67
260,-1,-3,-65,100,63
252,3,3,30,-4,-20
257,-1,0,80,27,22
258,4,6,3,-69,-29
253,6,-3,4,-45,15
245,1,7,-19,-7,35
249,1,1,-5,-13,34
249,-1,-5,15,-36,-27
256,-2,-3,17,-16,6
247,4,0,14,-77,48
258,-8,-3,-64,-39,-25
256,-3,-6,-0,-16,85
259,0,4,-32,-54,-17
265,4,-1,-40,-81,-95
256,-3,-9,30,-42,33
255,1,1,92,5,147
253,-3,-0,-12,-28,87
245,-3,6,-6,4,-16
260,2,-5,75,35,33
251,-0,1,32,-103,18
261,2,4,-36,-1,74
259,4,2,86,-27,-18
266,-6,-11,-69,-8,-160
252,10,7,60,-55,9
249,-4,-3,8,-25,-24
259,-2,2,-37,-52,26
268,-3,7,-44,79,32
262,9,-3,-36,-32,1
262,-4,-2,-33,47,35
260,-8,9,-41,-2,-10
245,-4,5,15,66,-24
261,2,-4,1,21,-45
254,-0,-8,-40,-110,-106
248,-2,4,38,80,-43
251,4,4,-5,-28,53
257,2,-4,-52,-9,11
261,-0,3,-51,-86,-10
266,-4,6,100,45,29
258,1,-7,73,14,-20
265,-5,3,49,42,-86
255,1,3,34,-35,-70
253,4,2,-9,5,6
254,0,-5,24,74,26
253,-3,2,52,-39,8
257,9,1,-6,12,99
259,-1,-2,4,-2,53
258,1,-4,71,-2,-39
258,-9,1,21,90,42
254,-2,2,4,-104,-27
255,-8,6,-21,50,-61
261,8,4,7,-21,79
253,3,-5,14,8,-100
258,-2,-2,1,48,43
253,1,-0,-47,40,-12
255,-10,-1,-11,17,-44
253,-3,-2,-1,-5,-47
253,2,9,-19,21,-113
255,-10,-4,-67,-107,42
252,-8,-5,11,-90,25
260,-7,6,11,64,54
254,-1,2,-25,-5,110
253,0,-6,17,36,-39
258,-7,-7,67,-27,46
250,3,9,39,24,39
257,1,-3,5,-60,-38
254,-1,-4,-36,-1,-35
258,-2,-2,-65,12,102
254,6,-7,-58,81,82
263,10,2,-22,-49,-3
256,-4,3,1,-32,75
261,-0,-5,55,-17,31
257,-4,2,24,0,-53
255,-10,-11,-47,11,9
258,-1,8,11,18,-10
251,-4,0,57,-27,-125
252,5,12,20,36,82
252,-6,4,-162,-66,1
261,-13,-1,26,40,8
252,-3,-3,-72,-54,17
250,-4,-4,36,-76,-22
252,-8,-1,-45,15,79
264,-2,-11,185,67,55
253,-0,3,-22,33,-85
258,-1,13,29,53,42
260,7,-3,-64,22,-20
254,2,1,-37,9,-11
254,8,3,50,46,-10
253,-5,-2,-78,-1,16
251,5,6,-10,84,26
256,-3,7,-20,38,-8
259,6,5,81,-7,-48
260,-5,-8,90,-42,20
262,9,5,-67,-42,10
259,-1,3,-57,-42,-83
256,10,-7,66,-64,-72
251,4,-5,-13,90,-84
257,3,3,-56,21,-54
244,1,-3,22,-12,24
257,-3,-7,66,12,12
251,8,9,29,-3,46
254,10,-4,-132,-71,-67
255,-7,-0,30,19,-52
245,1,4,40,-3,-85
258,-4,-4,14,-24,15
253,5,-5,1,-19,36
264,-1,-0,20,-34,-51
253,-2,-5,58,-61,52
262,-7,4,-76,-4,-58
264,1,1,62,107,34
256,1,7,-84,-66,59
253,-8,-0,74,-13,31
254,7,-6,21,-14,30
257,2,-5,-25,92,62
258,7,7,-25,-31,-91
258,7,-1,57,5,10
266,-5,0,-66,-31,-54
262,6,-7,-28,-37,16
262,2,6,-113,-90,-60
254,-6,-2,-46,15,-17
254,4,3,89,-45,5
246,4,2,-44,-64,68
260,4,8,-27,-10,-17
254,6,-3,-6,56,-8
256,2,4,19,-30,22
247,-6,2,62,-6,-110
254,0,1,-6,151,-19
258,-9,-4,-30,-24,18
252,-3,3,99,112,7
252,7,-5,-63,-38,-37
261,-5,1,34,-12,59
253,-2,9,-49,-36,-17
258,-4,2,-53,-35,-1
258,-1,5,-8,74,-70
268,-4,-8,29,74,22
263,11,-1,-73,-33,21
256,-2,-3,54,-71,21
254,-3,2,39,34,39
249,-0,-3,-38,-47,50
249,-6,5,111,-51,49
256,12,3,-72,-39,60
253,-4,-2,25,-133,33
261,3,1,34,42,74
266,-4,7,31,28,40
244,5,-3,-159,-24,-9
266,3,-5,76,-53,-39
260,2,11,50,-67,43
257,-10,7,-8,44,-95
252,-2,5,43,-41,-13
262,2,0,-67,-44,66
262,-6,1,58,-8,42
257,-4,1,-44,16,-32
254,2,6,0,24,-59
254,1,-0,47,18,-25
258,-3,2,0,-15,-17
260,-7,4,-28,-59,17
249,-1,1,91,27,83
248,2,0,72,-0,19
256,3,12,-32,-25,5
262,-3,1,15,48,133
244,3,2,-79,-63,-46
255,10,-3,1,-45,34
255,3,5,-27,15,-10
256,-3,-1,-3,85,6
255,-4,-2,-69,-84,4
258,-1,-2,-40,-50,50
256,-9,-2,14,27,21
260,4,12,-42,17,10
254,2,-1,-34,-23,-14
258,-7,-0,44,65,3
243,9,-3,29,23,46
250,6,-2,-56,89,-52
255,-12,15,18,41,-45
255,3,5,4,9,-32
264,5,3,40,-15,-26
257,-4,4,22,-75,109
259,-5,4,7,-0,29
259,7,-2,-22,11,-22
261,-9,1,-11,51,-45
258,-7,4,31,-24,9
256,-1,0,-23,-53,29
246,4,7,-21,-58,33
260,-1,-8,16,-16,39
248,10,-4,-35,-27,-26
259,2,-3,17,69,-50
254,1,6,22,-2,10
250,-2,2,-51,-63,-13
256,7,12,-140,34,-6
247,2,-4,-17,-9,9
255,1,-5,-78,-53,49
257,-3,-1,-26,-5,3
259,-2,-1,64,-88,-17
249,-2,-4,62,-53,-36
247,2,1,-7,-3,25
258,1,-3,-11,61,-92
253,2,2,-75,-48,-171
249,-1,-4,-42,-35,23
255,4,2,-112,38,-42
255,-10,2,80,11,-11
263,-10,2,-20,-78,35
264,1,-4,51,24,-7
256,6,-1,58,31,26
254,-9,-5,113,8,-6
252,2,2,44,32,70
253,2,-3,-87,45,-13
262,3,3,-40,-77,-67
256,12,6,-62,-33,42
257,1,-4,88,-40,-66
252,3,-3,-36,51,13
259,-4,-4,18,-13,26
260,-6,0,83,-40,6
264,-4,5,-106,13,-4
254,-0,-4,-14,-36,-18
255,1,-2,3,49,-32
260,-1,-0,66,23,-31
259,-2,-1,-43,48,-34
259,-1,-2,-54,-34,94
250,4,-7,-8,-70,-80
257,-4,-1,-27,-44,17
257,1,1,123,67,-33
255,-2,-1,-71,-15,67
238,-5,-8,36,38,-48
259,-3,4,71,6,13
247,5,0,55,46,52
257,1,1,8,-4,57
258,5,2,-99,-41,-20
253,11,-4,3,-18,107
260,-2,2,45,1,101
256,-1,4,75,26,34
253,10,0,31,-13,53
260,0,2,-77,1,-11
256,-1,1,24,-66,-16
254,-3,2,-53,22,-16
261,-0,-3,70,3,7
254,-3,2,-59,-46,-73
252,1,3,-67,105,-84
259,1,12,9,39,-54
253,-6,-7,83,30,19
269,11,5,-16,24,-36
254,4,-7,-10,46,-36
259,-8,1,22,55,-6
251,-7,9,53,22,18
253,2,2,-0,-87,91
254,-3,-0,41,50,30
254,2,-1,70,41,6
251,-0,3,-51,-33,38
260,-3,4,-37,9,10
269,-7,-4,-91,35,6
262,-5,3,37,-17,112
264,5,0,-22,17,6
258,1,5,89,-54,-15
255,-3,-5,-54,52,-37
261,5,4,-62,-68,8
254,-2,-1,60,-26,-12
250,14,-1,21,-41,63
256,15,-1,-61,-61,-14
251,-2,2,101,72,33
253,-4,-10,64,21,-44
258,1,2,-16,-20,-116
266,0,-1,-47,-59,-103
255,8,1,116,-50,-8
252,8,9,-12,84,-29
260,5,0,6,-151,37
257,-3,4,9,-71,9
256,2,1,-41,18,-73
250,4,3,-19,21,3
258,-5,4,-12,-22,-10
263,-1,0,-29,33,26
261,6,2,80,-31,15
259,2,-9,33,-18,25
258,7,3,36,-35,-26
259,-3,3,-52,84,-59
260,7,-4,-36,58,6
265,9,2,47,56,30
257,-2,-2,42,-22,59
255,-8,1,7,-3,-98
260,-9,3,-21,-29,1
264,-12,1,-28,85,-38
259,-4,10,8,-8,28
256,-1,5,71,-68,114
255,-4,3,24,-43,21
258,-0,5,79,13,-57
257,7,-0,-9,-12,-74
264,1,4,-31,-99,-12
253,6,3,-2,44,5
256,-6,-7,129,-8,47
261,-2,8,-6,-17,-33
252,-0,-8,-43,75,29
252,2,-1,-42,9,113
259,1,3,-21,-9,35
264,-6,2,-25,-48,-1
261,-5,4,60,-66,-7
257,-0,-8,24,-56,-47
261,3,4,-23,14,22
254,-6,4,64,123,-23
256,4,0,-8,-56,84
259,-3,-1,18,36,13
259,-0,12,-40,-84,54
254,-5,-1,68,-64,-9
254,8,4,-135,19,-58
254,1,4,15,-72,110
257,-1,7,62,2,-88
263,-8,5,37,-30,20
260,4,1,-128,-85,63
249,-3,-6,-36,7,22
256,-2,3,119,17,-101
254,2,6,-34,-56,-59
255,-1,-1,60,-38,109
256,2,-2,-78,-52,22
250,-8,-4,-22,94,56
257,-1,2,-135,6,89
261,6,-3,65,24,75
255,-6,6,-34,-20,-22
259,1,-0,-53,40,-137
258,-3,-3,106,87,51
259,-4,1,36,1,69
244,2,-1,18,17,49
256,2,0,-69,-30,18
250,-1,-9,5,-12,9
263,-0,-1,41,-76,-37
264,6,-2,55,33,-4
254,1,3,-19,-77,2
250,2,12,-73,59,-20
248,4,-3,36,35,33
259,6,0,-42,-26,50
259,-6,2,79,-48,-26
261,1,-7,-47,-156,78
248,2,2,-126,25,127
255,1,0,29,-69,-26
251,2,2,-28,-34,62
261,-4,5,1,-36,76
251,-1,2,-27,-20,47
262,-0,-4,-71,-4,-4
262,3,-7,86,42,-20
246,-3,-5,23,-24,10
261,-3,5,39,-73,30
247,-5,-3,-37,34,31
268,-8,-5,46,-42,49
250,-11,0,-58,74,-56
260,5,2,42,18,-101
264,-2,-7,-17,-35,35
255,3,2,18,-22,68
261,0,-5,-53,-10,-33
262,1,-4,38,-41,30
252,3,0,9,33,-46
253,-7,4,-11,-18,2
269,4,-2,24,-7,48
245,-1,-6,27,19,112
258,-6,0,-83,51,16
258,3,3,50,16,16
254,4,5,-2,58,-22
255,4,0,-79,-56,55
266,9,0,-2,-31,-33
257,-2,-2,27,37,-51
249,-5,1,-32,3,-14
260,2,-3,-12,-78,-70
262,5,-3,10,-21,-49
251,3,3,12,-21,-41
259,-4,-1,-1,-38,35
260,4,3,88,21,-61
258,-4,-4,-52,7,-20
264,7,3,57,53,-60
255,-6,4,93,34,-56
263,-3,2,69,2,-64
252,-9,-6,-9,32,28
257,-1,3,25,-45,32
254,-3,-1,-62,55,-58
254,-6,4,22,7,77
257,-3,3,27,131,48
251,-3,-11,57,-69,-131
260,-3,6,17,38,61
251,2,-8,-1,38,33
253,6,4,-70,32,-14
250,7,-4,-11,3,119
256,3,-4,-71,-97,34
253,7,6,78,-44,61
260,1,4,44,-8,28
257,12,2,103,-76,-62
257,-0,-6,-9,14,-10
257,-4,-4,-6,59,-74
263,-2,-2,-31,2,95
253,10,2,-19,-14,61
260,2,-6,48,17,22
254,-6,-4,93,2,-20
248,-3,0,116,-2,-25
256,-0,3,55,25,18
254,1,-4,47,40,43
260,-2,1,-138,62,40
256,-4,-2,35,-4,8
255,-6,-4,34,116,-80
256,0,3,-42,2,-9
253,1,3,44,-23,-65
251,-9,11,52,22,-30
258,-10,1,-31,-25,46
264,2,7,8,-72,17
249,-7,1,-19,-63,24
253,-2,7,67,47,47
253,-2,-11,-25,11,-4
250,-4,-4,-112,48,87
254,-6,2,65,119,-34
254,-17,-11,43,61,-67
257,-0,-6,14,-34,30
253,-3,-1,-69,-39,51
255,4,-5,15,33,10
251,1,-4,7,-1,-37
253,-8,-3,32,43,89
260,-5,-5,15,-13,-111
263,-9,-1,62,-37,-2
258,4,-6,-13,-14,-1
251,-2,-0,-33,-44,16
244,11,2,-75,4,47
241,3,-6,-4,-3,-4
262,-1,2,14,0,90
252,-6,3,1,-11,-15
255,-4,2,11,-2,63
255,-4,-5,39,38,-0
258,4,-10,32,-76,24
261,5,3,-18,42,4
262,4,8,21,67,29
255,2,7,-52,23,-16
255,-4,-1,-92,-87,-38
253,1,4,34,-78,-29
250,3,6,-14,103,33
258,-4,-2,1,32,40
257,8,10,28,-8,120
261,-1,1,85,-15,8
261,-2,-1,51,77,-64
256,-2,4,-4,-26,9
253,-1,-0,31,-42,20
254,-1,-2,46,-16,29
257,-2,0,100,37,38
255,0,1,-38,-24,1
250,-7,3,-24,-53,31
261,0,3,14,85,-29
258,-3,3,-36,-21,-20
254,-6,4,48,-130,-108
248,3,0,-82,30,-43
257,1,-4,41,-112,4
259,2,2,-31,22,36
263,4,-5,63,5,57
250,1,-6,41,29,16
257,6,4,108,8,12
249,-0,3,83,33,-61
255,-8,3,53,-46,7
257,-10,-7,-20,49,0
263,-0,13,50,30,1
259,-0,2,-22,-14,93
261,-2,3,15,19,-51
253,-3,1,-15,-9,33
249,-5,2,129,20,83
259,-1,-3,-42,-2,-44
265,4,-3,35,6,-9
255,-1,4,-12,-33,107
263,-0,1,-32,-18,-31
253,4,-3,-7,-60,54
252,10,-6,-3,11,-121
259,9,-12,-11,-13,-19
257,2,11,-78,-28,23
257,-1,-3,-66,19,-79
257,-6,11,1,12,-102
258,2,-1,-57,33,34
253,5,2,15,56,57
254,-7,4,-23,58,7
252,2,1,2,-60,101
260,-0,3,-59,-39,-71
263,-2,-3,4,100,-63
252,4,2,31,66,-115
258,-4,-10,22,56,-41
255,-2,2,23,-61,52
250,5,-3,-61,58,2
247,12,-2,8,12,41
256,1,4,-51,-39,9
253,0,-11,-43,100,68
254,-6,-1,-70,-40,46
256,0,2,78,-11,17
256,-3,4,-61,-11,-34
265,11,-0,10,-39,-75
259,-9,-4,-22,20,-19
264,-8,1,-3,22,-47
260,-7,7,-107,42,73
257,3,2,85,42,-21
257,-1,2,-11,3,114
255,11,4,90,-26,-47
256,5,-3,-35,-47,2
255,2,-2,128,69,-25
255,2,-7,-5,-67,75
261,1,-5,-66,47,33
253,-6,1,-43,-20,-15
257,-4,6,-130,-22,3
251,-4,1,19,-11,19
249,-2,4,26,-27,-124
259,-7,-2,73,-44,31
249,2,2,-28,-0,-66
256,-0,-7,2,7,61
264,-1,-6,-0,45,42
259,-1,1,-58,-1,56
256,5,6,22,13,30
254,2,1,30,46,1
256,-1,-1,-24,0,23
256,-7,-4,-7,-9,-100
262,2,0,-36,69,59
252,-1,-4,-20,118,-19
255,6,-5,-59,-74,48
260,3,-0,13,22,14
248,-5,-1,21,-55,-60
253,6,-4,-21,-36,47
257,6,1,62,-12,14
262,0,1,-68,-31,53
261,-4,-1,-67,-55,-49
259,5,4,49,-24,10
260,-6,-5,-36,-29,13
254,-8,1,23,121,20
247,6,-4,65,-72,-42
260,-3,-4,35,-75,37
260,2,-5,25,24,-18
258,-3,-4,64,61,-7
250,5,1,35,20,-16
253,3,8,34,51,37
257,-0,-4,18,6,-16
257,3,-2,21,25,25
253,1,-4,14,36,36
254,5,-1,-29,41,-40
259,-8,12,-31,61,61
256,-5,3,34,-0,-35
257,9,8,20,-30,-81
259,6,-2,38,-66,-116
257,-1,2,14,-30,41
249,3,4,-41,-30,-37
265,1,6,-70,13,68
255,-5,0,-7,57,-69
268,2,4,-15,65,-1
260,1,4,-14,68,-81
257,-3,-4,2,-37,-67
251,1,3,-46,-67,4
258,-1,-4,74,-40,36
261,-6,-1,1,113,-23
256,1,-0,-37,101,43
259,-0,-3,46,59,-27
257,-3,-3,-31,-46,-86
260,0,6,68,30,40
254,1,5,-32,35,53
262,-5,-1,100,-71,-6
263,-4,-1,32,-17,-27
258,4,1,-37,-95,-56
254,-4,2,-44,30,62
260,-2,-2,-114,-53,-37
249,-3,5,0,-9,37
244,-3,-4,-35,-17,-39
254,-3,2,-12,13,-12
250,4,9,-70,-13,-74
256,1,2,-26,-76,-26
253,-2,-1,-40,-86,9
256,-1,-6,-18,58,-13
258,2,9,-41,30,101
255,-1,-3,-6,-5,30
242,3,-3,-94,-85,12
263,-2,14,40,-5,-23
265,1,-5,93,22,-104
250,-5,-5,-3,78,12
260,-2,2,-11,37,-10
252,3,-4,-78,-42,90
258,4,-2,-31,19,-11
255,1,-7,-1,70,67
256,-5,3,42,-21,-34
250,2,-1,43,-49,-54
245,-0,4,-20,-23,101
259,3,8,19,0,-60
254,2,6,44,-53,-49
262,-3,3,23,-34,19
260,1,-10,-53,-26,-111
258,12,4,6,-23,-64
263,-7,-1,-2,101,106
262,-4,-7,0,-38,-15
258,-1,2,67,51,12
261,-9,5,-40,-6,11
262,0,-4,-38,-43,-21
261,-2,-1,-33,11,105
259,2,-3,27,14,-54
258,-3,1,10,60,-9
257,1,2,27,-17,79
256,-1,1,65,-8,-23
262,-2,3,-11,-68,33
254,4,-4,-57,27,-69
254,1,-9,-39,-35,3
262,2,14,35,-44,36
260,3,1,14,-64,-70
251,-2,1,-21,-53,11
254,-0,-0,-25,39,-6
254,2,-3,30,-55,7
257,8,-4,-48,19,25
258,6,2,44,-1,25
259,-14,-7,-36,60,-52
263,-8,-4,-64,-62,-92
258,4,-1,22,-31,-85
271,-4,-7,27,17,-10
249,0,7,4,77,-0
267,-3,6,75,-75,10
264,7,5,-17,-3,-9
256,1,1,-96,24,-23
251,1,-9,-34,-29,-2
255,-3,3,-22,40,-15
251,-3,3,21,14,48
265,6,5,41,35,-11
256,-1,-7,69,6,-20
252,-2,2,-23,29,-23
254,-1,16,3,55,-20
256,-1,7,4,25,-57
261,-6,2,-93,2,-16
260,2,-4,45,34,-50
258,-2,-4,28,-67,-41
254,-7,2,-13,-18,57
253,-2,-2,-24,47,-45
248,9,3,12,36,76
266,2,-9,8,-27,-11
253,-3,14,-61,20,55
250,-2,4,-29,6,77
254,13,-2,56,-44,56
257,-13,-10,70,69,-5
255,11,1,-46,-106,-4
262,-4,3,-21,-46,-72
258,-1,7,20,-96,-65
262,2,3,-8,65,39
255,-5,3,-21,-39,24
249,2,-7,10,62,-93
264,2,-0,4,-58,43
250,4,7,82,3,-65
252,7,5,-7,32,-13
253,-9,1,22,-26,59
257,-1,-6,48,8,17
258,-7,-3,13,-42,25
258,10,-0,-33,-0,-19
259,0,-3,23,75,18
256,-3,-1,-39,-79,-71
267,-3,4,-97,-48,-15
257,5,-3,19,-24,-39
252,0,-8,-67,56,41
268,2,6,62,-35,14
256,3,-8,-50,86,-98
254,4,2,44,-20,101
256,-1,-10,-42,50,2
249,5,-5,41,44,19
254,-1,0,60,-65,-23
254,-3,-4,49,8,49
258,-3,-1,33,-77,19
247,-6,6,-28,46,-34
257,-5,4,43,24,-45
245,4,0,32,-62,-7
248,10,9,56,-78,-122
259,-1,-3,-70,-20,-30
262,-7,5,35,45,4
253,2,-3,8,-26,-44
257,-7,1,63,7,-30
257,-7,5,132,18,-49
257,0,6,-107,33,-5
252,1,3,1,-80,76
247,2,5,-30,-73,94
252,6,-0,58,42,25
251,-4,10,29,-18,4
254,-4,1,-20,1,31
254,4,-4,23,-43,25
253,3,-2,-4,-2,-21
252,1,-5,-15,2,29
259,7,5,2,20,16
261,-4,6,-20,-88,170
251,5,-5,-36,-19,58
259,4,-8,-95,-40,64
241,8,9,40,-49,30
251,8,2,-13,-35,82
260,3,-3,-21,151,13
260,-1,2,-28,7,-24
246,8,6,-23,208,-27
259,6,4,-13,41,54
256,-1,-4,83,10,-96
269,-5,1,-31,-61,57
261,-13,-11,89,36,-12
259,2,-4,-59,-33,21
260,-2,-5,-98,59,-3
253,5,7,-26,5,88
259,-6,2,13,6,36
257,-2,9,11,2,-20
256,2,3,-57,69,49
260,5,-2,-31,5,-21
250,9,-1,14,9,-34
262,2,2,19,-10,-37
250,1,-6,69,108,38
260,-3,0,0,-6,-15
254,-0,4,7,-54,12
262,5,4,6,55,13
256,-9,8,41,-8,-64
250,-7,-5,-53,71,-25
261,-3,-6,-63,26,9
256,7,11,34,-3,-25
254,10,5,47,-57,-26
258,7,-2,3,20,70
259,6,-3,-50,-27,17
254,1,2,5,-58,130
263,4,-3,7,61,44
268,-10,-7,-48,9,-9
257,2,-1,-114,31,-10
252,-1,2,-25,-81,-48
254,-2,-6,52,-22,-20
253,-8,-6,42,-3,15
253,-1,-4,-1,-77,18
247,8,-3,19,5,-39
263,-12,-2,-1,-3,-29
262,-8,-10,6,105,-114
264,2,2,-3,-47,36
263,-7,-4,-74,-56,7
253,-4,5,27,-48,-63
254,2,-13,-5,22,-23
256,14,5,-33,-92,71
250,-7,7,35,59,11
263,5,-5,33,-9,-98
258,8,-6,-22,93,-60
253,2,-4,21,-68,66
254,-1,4,-6,76,44
253,-8,-4,64,28,11
261,-3,5,87,14,-10
256,3,10,2,12,20
261,-4,6,-28,-6,6
258,2,3,49,-66,39
241,-8,-12,-25,-17,17
262,-4,4,-33,-35,-26
247,-4,1,-49,-45,19
260,4,3,-30,-14,66
262,-7,2,-34,-42,-3
253,0,-4,33,-58,50
258,-1,7,50,22,99
255,6,-4,-17,-11,9
252,-8,2,28,1,-5
248,8,-5,-3,18,11
251,7,14,-23,-55,56
258,2,-4,-8,-23,44
258,-6,-1,57,-29,85
255,-1,1,-11,-33,-32
253,-3,-1,101,11,2
253,-1,0,-28,-61,-17
267,-5,-3,83,79,72
252,-7,10,-2,-67,18
266,-0,4,-10,-58,32
259,-7,3,33,70,8
253,-4,-8,83,36,24
259,-0,-3,-24,107,-81
252,-2,-4,26,65,-35
256,-3,-3,102,-25,-33
263,7,6,20,-48,28
256,-4,3,-9,-48,-27
257,-8,-18,25,13,-13
261,3,6,60,39,-42
253,4,3,32,-18,34
249,1,-1,-146,-3,-124
262,-1,-7,4,24,-20
250,-0,0,56,56,64
250,-4,-12,-4,-26,-85
251,4,-13,31,-4,25
254,-5,-2,23,-16,-14
252,-12,-5,-33,-20,2
253,2,-4,45,-44,-38
249,1,-4,101,-17,-33
259,-1,-12,42,65,81
265,-2,4,43,-91,40
256,-7,-7,-16,-16,-54
255,12,2,12,50,-1
255,4,-4,-36,45,-64
258,1,-3,72,24,-90
258,4,-1,-10,-19,-6
254,1,-3,36,-18,-7
252,1,-3,-88,-88,-46
257,5,-3,4,52,29
243,3,-1,20,-9,76
256,6,6,100,-31,-32
257,5,-1,-19,59,4
256,-4,-2,-22,1,-13
254,-1,-2,73,25,7
252,-5,7,-39,-82,93
265,9,-6,-97,14,36
258,-1,-5,-21,-5,-70
261,-4,5,-74,45,9
260,-0,1,30,53,86
260,2,0,-98,-12,-90
261,2,0,-54,37,1
246,-0,1,-73,-87,30
254,-7,-2,-3,-24,-13
252,1,6,-18,-12,55
251,-2,4,17,-9,97
252,3,-1,-23,-46,-122
257,-5,2,6,11,-55
256,-7,5,-7,50,30
254,1,6,19,74,51
257,-4,-5,4,-0,34
247,-4,3,-33,-49,40
252,-6,-1,-30,-44,-33
257,2,-3,50,51,-57
259,-4,-3,-33,17,-50
253,4,3,14,-4,15
256,-11,-0,-37,51,-26
260,-6,1,-60,34,-18
263,4,-12,-108,-67,-70
261,-0,-3,-84,51,-23
250,4,-3,-28,-84,-6
254,-3,6,-6,-22,-9
259,-3,7,-71,-38,9
251,-8,-5,-45,16,27
252,5,3,-25,-21,-18
256,7,2,-67,35,16
257,-4,-5,-70,27,-101
250,-3,0,35,-23,-143
252,-5,-0,18,24,44
261,1,3,-41,122,-63
254,4,3,-41,31,32
269,-6,-4,-10,-21,-49
262,11,3,54,7,81
254,-3,1,44,-68,-0
261,-1,2,-8,-29,100
255,1,-1,47,14,65
255,-0,-0,78,25,31
251,-1,5,47,-7,-7
253,4,-0,-12,15,54
252,5,4,-12,124,2
265,3,-1,8,36,48
251,-1,-2,-39,19,-34
262,-10,1,37,-130,29
256,-4,2,7,22,-43
251,3,3,-20,-92,-28
255,-5,-4,-5,31,-46
254,-8,0,-43,35,55
250,-1,4,49,-94,40
255,8,-19,-45,-64,74
254,1,5,52,-51,70
266,-0,-4,43,-80,79
251,5,6,73,16,61
265,-5,-5,61,-61,-19
255,-1,13,-73,100,-57
257,-1,-3,81,-84,-62
255,-1,1,18,-43,-76
256,1,3,47,34,15
261,2,4,-30,36,41
253,2,3,93,-12,-2
257,1,-10,141,-34,-56
241,-12,7,-87,89,88
261,2,9,86,-75,-70
257,7,-2,66,-90,37
249,-4,-4,-9,-7,-92
254,-0,4,19,15,67
254,4,3,-12,6,16
263,9,-1,-24,-39,36
258,-3,-1,-59,32,6
255,1,3,84,-41,29
270,2,-2,51,24,-14
260,5,3,122,-5,-21
262,5,-6,10,44,-28
254,9,-3,52,-17,21
252,-0,1,29,23,-29
255,-2,1,106,-30,-22
256,3,5,-32,-80,50
255,3,7,31,-35,31
260,2,-4,-61,16,32
260,5,6,17,37,48
255,5,3,-19,-51,4
253,-11,3,20,-39,65
265,5,9,-43,-22,-101
262,4,-1,-29,-52,-19
247,1,4,-33,-7,-14
253,-1,-1,-47,-29,-9
255,2,-1,-60,14,113
253,2,-8,9,-31,55
261,0,1,-55,73,-26
258,-4,1,-61,50,-31
257,-13,-1,28,-95,25
257,7,-8,45,40,49
251,-1,3,40,-25,-20
256,1,11,89,52,30
260,4,-10,-48,38,-26
261,2,-7,-17,5,-29
256,-1,1,-58,-82,-37
255,0,14,39,1,67
269,0,10,-4,-17,-66
254,-3,7,5,56,25
254,1,-3,22,13,45
256,2,1,-68,-39,16
265,-2,1,20,-13,-59
254,-6,-3,34,27,9
261,0,-10,-2,53,-87
256,-4,-3,-62,19,48
254,2,5,36,21,-25
253,1,-8,124,-9,31
254,10,-3,-17,-23,118
251,-4,1,59,-14,-106
264,1,2,67,-78,24
258,1,-7,-5,-64,-25
261,-8,1,43,-77,30
259,-4,-5,-59,47,22
263,3,-1,19,4,-37
254,-8,1,-95,68,29
259,-2,6,-57,-72,2
256,-7,-4,12,-26,-62
259,-0,4,-50,-21,53
261,-6,2,-25,27,6
258,-12,-1,-40,-30,-60
258,14,-9,-9,74,-52
261,-4,-5,23,41,-77
243,-1,-5,-80,-34,-28
261,4,-5,-12,-17,39
258,5,8,53,-21,-16
246,-3,2,18,50,-2
257,-6,-3,61,-24,22
256,0,-2,31,61,7
254,5,-2,-29,-39,38
250,-7,-2,-43,-22,-86
255,-7,-12,12,-73,-7
262,4,-7,36,24,8
254,1,6,-13,-70,-63
256,3,5,-5,49,-62
255,-1,1,-12,69,75
259,-1,3,17,-9,47
253,-3,7,8,-34,66
255,1,-7,-58,-51,25
257,-1,4,25,-88,55
261,0,-10,-59,-40,48
264,-4,0,2,37,22
257,1,-6,-93,35,-49
249,6,-12,26,4,81
267,1,-3,9,-80,-45
258,-4,0,7,-90,-0
252,-2,-7,83,11,-120
251,-1,-4,-88,-49,63
254,-5,1,-92,90,50
250,3,-3,-23,33,-1
254,7,5,59,-25,109
259,2,4,-49,-78,32
251,0,0,28,-76,76
254,10,-6,-39,33,29
256,1,0,11,-50,77
256,1,-1,-23,11,76
265,-1,7,-30,-31,1
254,-2,-2,-80,0,9
257,-4,-1,3,14,18
254,-2,9,-49,-75,7
253,1,-6,-23,-32,-78
261,5,2,18,17,52
258,-2,7,40,78,42
249,-3,-3,19,-5,-21
254,-4,-2,-105,-63,-38
263,1,-8,55,137,51
252,4,2,17,-22,44
256,-2,4,35,84,-7
247,-3,-2,-69,11,19
252,-3,-0,15,44,65
253,-8,-4,81,-12,-54
253,2,-7,-48,16,-37
268,-3,4,55,59,32
256,2,4,20,-44,-5
260,-5,-8,-50,-66,1
254,-1,6,10,54,-45
254,-0,-5,23,22,32
260,1,-1,-19,11,-51
249,-3,-1,123,-49,-76
253,1,-2,-18,44,37
253,-0,8,-14,48,56
249,2,-1,-23,9,28
264,-6,-5,25,35,11
258,2,1,58,3,51
254,-3,5,-11,-29,-4
257,-1,-7,-53,57,51
257,1,-0,-7,-2,12
245,-5,7,38,-7,49
251,-1,6,81,-0,71
252,-6,2,-47,-38,-46
255,3,1,-72,20,16
245,-11,-2,33,65,-72
259,-4,-3,-41,15,-2
256,-8,-1,34,55,-121
257,0,4,-15,19,7
254,2,13,2,-37,-29
256,-0,-1,-4,12,-49
253,-1,3,11,25,-5
259,-3,6,-87,16,27
262,13,-5,-9,-17,-11
255,5,-3,-35,49,-126
249,-1,-11,32,-22,114
264,-0,-1,2,-21,73
252,4,-7,122,44,-27
250,3,-5,-76,10,4
258,-0,6,15,-24,-13
251,-4,1,-26,-44,-67
255,-1,-3,26,21,-77
246,-5,9,-35,2,-38
251,2,-5,45,55,0
258,9,-6,-47,-33,44
254,-4,-1,16,-151,-91
251,-10,11,24,-60,35
267,2,-6,17,-34,31
254,4,2,50,31,29
259,2,-1,-74,4,9
254,3,15,81,-7,-16
259,1,-0,5,-16,-35
258,-3,2,2,46,-39
249,1,-3,-24,31,-62
256,-2,-2,5,18,-65
250,5,12,-30,-45,-110
261,2,-8,25,-33,-22
260,4,-4,40,2,-42
258,3,-3,-3,27,16
263,1,0,45,-47,0
248,-9,2,-25,-60,1
258,2,-6,-0,-23,110
255,7,3,3,19,0
261,-0,3,-6,24,-13
257,2,-0,-46,15,4
249,-6,-5,80,57,43
254,1,-8,13,18,22
249,-11,6,-57,21,5
252,-4,5,-46,-23,69
249,1,-0,71,2,-91
251,12,-4,-20,-6,-49
250,3,-9,31,11,58
259,-9,-1,27,82,16
252,-3,0,65,30,57
252,4,1,51,17,77
259,-3,4,-2,125,4
258,-8,3,148,86,-62
259,-2,-2,-19,20,-120
259,7,-7,10,58,31
257,-2,-8,-26,8,48
254,-0,2,-62,-51,-72
259,7,-0,-21,-83,-61
251,1,-3,-63,-15,-71
255,2,-5,-9,29,-13
257,-3,4,-6,50,-39
260,-5,-7,-59,-19,48
256,3,-7,75,-58,-55
