-8,-252,13,2,-8,31
58,-204,51,48,-3,-18
-10,-278,-12,33,-39,19
-37,-314,-40,-18,16,5
2,-272,10,-1,-5,-8
60,-205,55,-5,-7,-7
-29,-261,4,6,1,29
-53,-306,-19,-16,-33,-25
35,-244,23,-27,-12,10
31,-207,53,-8,-18,-27
-23,-268,-17,-18,-18,2
-35,-305,-28,-2,-41,-3
15,-259,23,25,-4,-7
60,-206,24,1,47,5
-40,-275,-24,-19,19,13
-39,-291,-41,-5,6,30
34,-221,35,23,32,-1
47,-228,56,-3,2,24
-25,-275,-18,32,14,25
-27,-306,-56,-11,32,20
50,-225,42,-6,14,-6
38,-213,35,-20,13,7
-53,-281,-43,10,13,29
-29,-284,-30,9,24,-27
46,-201,50,18,18,52
19,-242,13,1,-3,-25
-48,-310,-38,-28,-9,-7
-23,-282,-21,13,-9,34
39,-224,46,2,-6,-27
15,-224,22,-6,5,53
-40,-311,-29,-26,23,-12
-13,-284,-21,27,-3,-27
51,-194,44,9,4,24
32,-243,3,-20,-4,-8
-58,-314,-56,-10,3,14
-6,-262,-8,17,15,-11
51,-208,53,-25,26,5
7,-239,12,16,3,-15
-55,-292,-35,-34,-30,-9
-5,-257,-19,15,8,18
63,-192,40,-41,5,-25
-5,-269,-1,21,-10,20
-50,-308,-40,4,-5,-20
1,-265,14,7,7,-12
36,-212,36,24,-12,25
-20,-269,-14,-7,-10,21
-52,-304,-54,21,10,21
23,-251,10,-12,-25,-30
40,-229,45,-11,-1,8
1,-263,0,14,-12,21
-56,-302,-42,-29,-24,27
14,-262,19,24,20,-4
56,-217,51,-16,19,-3
-18,-284,-8,-10,-7,-24
-46,-300,-38,34,-26,15
25,-252,37,23,23,-12
23,-205,57,11,1,-34
-42,-293,-32,-37,-1,32
-47,-276,-54,23,10,-40
35,-227,17,-0,7,14
55,-222,33,34,0,24
-11,-291,-39,4,-19,29
-19,-271,-38,-23,5,-3
35,-229,44,-10,-3,-4
37,-220,40,13,31,-14
-23,-303,-40,-9,-16,-35
-19,-294,-35,-33,6,-20
29,-226,48,1,13,-13
14,-208,20,15,17,-6
-36,-298,-35,23,-21,-38
-31,-283,1,-34,13,27
65,-234,56,-18,-9,-3
22,-246,15,-38,-22,1
-52,-300,-43,-2,6,-5
-21,-253,-16,11,-22,11
56,-205,54,36,-4,30
25,-242,8,11,-18,14
-31,-287,-53,3,20,14
-17,-262,-3,16,-28,-15
32,-211,37,-17,-1,-15
-0,-263,7,9,-14,11
-41,-300,-53,6,26,-2
-9,-253,6,-32,-8,-9
46,-217,51,24,19,14
-8,-252,-3,-12,2,-3
-60,-306,-42,-11,22,-17
15,-241,-0,-29,2,-0
62,-202,61,-10,40,17
-19,-270,-21,22,16,13
-43,-299,-43,2,0,-11
14,-250,0,-4,1,-24
65,-209,42,-8,12,7
-19,-284,-20,-4,10,16
-62,-294,-65,-27,7,21
18,-235,15,-23,-20,-19
37,-214,40,-18,-16,-6
-32,-278,-16,-40,33,2
-40,-289,-40,14,-5,-15
27,-227,19,-11,25,1
61,-212,34,39,-2,-9
-31,-283,-29,30,-7,-2
-58,-294,-21,-12,-2,-12
36,-220,19,48,-19,5
34,-233,42,27,-8,13
-43,-285,-33,-1,27,38
-25,-274,-32,-23,-22,43
17,-228,35,-25,12,48
51,-237,34,-7,10,-1
-38,-314,-38,4,13,14
-39,-281,-22,3,13,11
37,-232,39,-23,-11,6
27,-231,10,17,-24,39
-41,-315,-60,-23,24,22
-17,-263,-16,5,41,5
37,-198,54,-63,-24,-23
12,-244,17,37,-27,3
-54,-304,-49,-6,11,23
-2,-266,-15,12,9,-21
46,-202,47,42,-3,-17
9,-245,19,-4,-23,-26
-49,-294,-48,-17,-6,21
-2,-268,2,12,-2,0
43,-202,42,1,-7,-44
7,-277,-10,7,15,-4
-49,-306,-59,-1,-26,-6
3,-266,11,7,-5,12
54,-209,49,-33,-25,-16
-3,-268,3,18,-10,21
-37,-312,-43,2,-6,11
-10,-250,-5,-8,-10,20
58,-204,48,38,26,-9
-21,-272,-13,-13,-2,-63
-43,-299,-45,8,-18,-9
4,-241,10,-8,8,11
40,-219,54,1,-11,-6
-7,-278,-26,9,-33,61
-49,-295,-63,-29,12,49
18,-226,26,-23,-20,30
61,-210,46,-22,-24,21
-32,-278,-27,-9,-15,-2
-50,-299,-43,-10,-14,-10
44,-229,47,28,18,19
30,-212,47,-2,-23,19
-20,-290,-42,17,-3,-15
-45,-313,-37,-21,45,0
39,-204,40,9,9,44
19,-227,53,13,11,-40
-48,-296,-17,-14,-28,16
-29,-277,-32,-5,6,-6
45,-225,48,7,-15,-5
35,-236,7,-28,58,-11
-35,-293,-47,-1,-17,11
5,-283,-25,10,20,12
33,-222,48,32,-48,11
24,-230,30,5,-3,19
-36,-290,-51,-9,-5,18
-39,-284,-29,42,5,54
55,-200,45,18,2,-10
24,-254,12,-0,-22,34
-56,-306,-47,-6,-12,27
1,-261,-27,-51,-20,11
51,-215,62,-8,-25,-13
3,-265,5,8,-6,-12
-58,-318,-48,25,-31,-33
-9,-265,-14,6,30,-2
43,-213,50,-21,-66,14
4,-242,-2,14,4,-4
-39,-303,-49,8,-42,-15
-6,-245,2,7,-17,-10
48,-212,55,-5,-18,15
2,-257,-25,7,-11,27
-50,-315,-41,-9,-21,-29
3,-252,10,-25,-6,-1
34,-206,44,3,4,-10
-13,-280,-10,24,-2,40
-40,-311,-42,-0,16,27
0,-231,44,-11,-3,-52
35,-234,63,-11,14,7
-39,-287,-24,33,-1,-20
-51,-293,-51,12,-25,4
14,-230,20,12,-17,13
42,-220,42,35,-26,-1
-27,-269,-48,-7,24,12
-59,-288,-42,-4,-6,20
26,-219,33,3,28,-15
33,-228,34,9,24,21
-34,-292,-23,-11,18,-23
-49,-290,-38,-31,7,-19
34,-229,41,-1,9,33
38,-206,26,6,-11,5
-35,-311,-61,-27,-16,3
-15,-291,-52,-23,-31,1
49,-213,58,-11,-19,-19
21,-222,29,-23,-26,-42
-48,-277,-37,-16,-29,36
-28,-284,-24,21,-20,2
18,-206,72,31,10,8
27,-232,7,-3,3,-5
-46,-299,-41,-16,34,11
-12,-272,8,-22,-21,6
46,-216,36,5,11,10
20,-240,23,-45,51,-34
-42,-302,-58,-8,-34,8
-6,-264,-11,-7,-2,1
48,-233,44,-3,-10,-5
-12,-247,17,8,22,27
-60,-298,-69,-3,34,-1
-3,-271,-4,-4,-31,-23
65,-192,42,-4,-19,-17
0,-248,-2,17,20,-27
-32,-308,-30,35,35,-18
4,-242,8,9,21,29
34,-209,54,14,-10,8
-11,-266,-10,3,-17,11
-50,-298,-58,-24,3,29
13,-240,11,23,-42,5
51,-205,42,15,-6,-27
-13,-257,-6,-10,18,-7
-49,-305,-53,4,-6,-42
36,-239,17,14,28,5
68,-199,37,2,-28,28
-19,-296,1,-8,26,11
-42,-310,-32,-16,-3,3
23,-227,28,4,-42,10
48,-212,33,-20,3,-11
-44,-295,-11,21,12,-59
-27,-309,-50,-13,-28,-44
43,-215,21,-0,-24,-22
38,-233,33,5,3,9
-16,-277,-49,-26,-24,42
-41,-269,-34,-30,-2,8
46,-218,29,-12,21,-17
30,-243,34,9,-11,16
-50,-279,-33,9,-14,5
-17,-277,-32,-23,-25,12
58,-207,48,14,-24,-27
24,-234,14,-16,-0,-20
-49,-302,-44,-24,10,-0
-24,-265,-7,-5,13,-3
47,-209,40,-24,34,-8
23,-248,18,-5,-7,1
-35,-310,-52,4,8,15
-16,-281,-30,-19,-6,20
42,-200,46,3,6,-22
9,-238,22,-36,33,-12
-55,-310,-58,-64,-18,-5
-1,-268,-21,20,-0,-9
52,-206,47,-31,4,-6
-16,-256,1,-1,-21,-17
-38,-301,-60,28,-19,17
-6,-253,5,-3,-34,30
51,-207,57,11,-20,-10
-11,-268,-2,-2,4,6
-51,-303,-41,21,-12,9
18,-260,1,-3,29,-15
50,-211,44,32,8,-25
-4,-274,-5,-12,4,-16
-49,-292,-49,-10,29,12
7,-248,24,-33,-25,10
37,-221,48,-11,-12,-1
-19,-282,-33,6,-4,-21
-42,-305,-51,-14,23,-19
38,-244,5,2,6,-25
62,-208,42,20,-33,-2
-23,-291,-24,-0,5,-25
-44,-304,-37,-30,20,32
43,-222,47,8,-3,4
41,-217,41,7,27,17
-42,-289,-36,-9,-6,-5
-31,-299,-35,-58,21,7
12,-212,36,-27,-1,-51
24,-223,30,-1,-11,-23
-39,-303,-43,42,7,5
-32,-296,-34,49,-39,-29
42,-213,32,2,-18,-25
21,-234,29,-20,-0,-19
-40,-304,-49,-40,7,-5
-32,-292,-38,17,-7,-26
66,-224,33,-34,-33,33
32,-235,17,-31,6,17
-39,-288,-47,-14,-4,-6
-25,-268,-9,10,1,-12
45,-205,54,-24,27,26
11,-261,22,-5,-13,-19
-58,-306,-57,-17,-38,-20
0,-266,-8,12,3,-13
57,-214,57,15,20,-9
10,-245,18,-8,8,-41
-44,-317,-57,-3,20,-10
-10,-266,7,-3,30,-8
42,-193,33,36,9,-5
1,-274,-13,4,-13,-2
-59,-304,-54,-4,-7,-5
13,-253,17,2,-15,-38
58,-206,44,45,-41,-17
-9,-271,-19,-37,-24,-17
-49,-303,-41,7,15,-0
7,-240,24,15,-30,-16
38,-202,67,-25,-7,24
-13,-261,-23,16,6,10
-64,-291,-62,-27,-9,-42
14,-222,26,-0,-10,27
44,-206,38,12,13,-12
-4,-258,-3,12,-35,3
-36,-314,-51,13,-20,1
32,-235,28,3,18,-22
50,-224,47,3,-21,22
-12,-289,-34,-14,7,-15
-28,-301,-48,-14,18,-34
34,-246,33,16,17,3
37,-219,39,-12,4,19
-31,-275,-44,7,12,14
-36,-303,-32,7,-15,0
37,-219,38,24,15,23
23,-203,39,-47,-25,-7
-59,-299,-19,4,4,15
-34,-289,-31,4,12,-12
34,-216,46,20,6,-5
25,-226,18,19,5,-5
-45,-305,-41,5,-8,-45
-38,-268,-15,2,42,14
46,-214,52,3,18,29
39,-213,38,-24,-34,18
-33,-295,-50,8,-17,-6
-39,-270,-12,6,50,13
50,-200,40,3,23,35
10,-246,26,17,10,-16
-42,-306,-56,-6,27,25
-11,-269,-18,-17,-6,-17
51,-214,50,-7,6,19
-15,-250,-1,10,-1,-2
-42,-322,-59,-8,15,-21
-16,-244,-13,-3,-23,-36
44,-199,50,39,45,9
8,-256,-24,20,7,0
-48,-301,-42,10,19,-3
7,-236,6,8,2,18
49,-212,45,28,8,24
-3,-280,1,-30,-8,20
-43,-313,-31,26,-25,-6
16,-237,10,-2,-24,33
51,-199,60,-12,-25,19
-4,-263,-9,-19,-25,44
-56,-290,-47,6,-3,-17
14,-244,28,-21,19,12
54,-219,39,10,4,-10
-18,-285,-35,21,-15,-41
-27,-301,-35,-53,35,24
26,-221,33,7,31,9
44,-210,27,-13,-2,-33
-19,-298,-18,-1,-10,-11
-44,-300,-44,-7,-8,-19
43,-220,23,25,-13,-33
26,-248,36,-3,24,23
-47,-279,-30,24,-13,56
-32,-290,-41,-18,-27,-23
35,-217,41,6,22,20
20,-214,34,14,-26,-10
-41,-299,-37,2,-33,-30
-25,-275,-38,23,-19,-5
49,-219,51,15,-8,-54
48,-215,15,5,25,9
-30,-286,-53,23,-33,-25
-19,-282,-26,-2,-4,-10
39,-221,40,-27,30,18
19,-229,19,-5,8,2
-46,-308,-40,5,21,1
2,-270,-19,1,-32,-11
48,-199,61,-1,-18,26
-8,-253,5,-30,-23,-7
-40,-323,-57,-16,40,-20
-17,-265,-11,-22,-15,3
52,-219,50,-13,9,-2
8,-264,10,-33,-9,-11
-47,-309,-46,18,-10,21
4,-264,-6,15,-1,-8
41,-218,37,-30,17,1
-10,-262,-12,2,-6,9
-30,-307,-52,5,-3,13
-3,-252,19,-5,-35,4
42,-221,58,-34,-31,-4
9,-276,3,-15,18,-24
-62,-305,-54,28,-4,-2
35,-229,5,14,-25,29
46,-202,58,15,10,-4
0,-288,-18,14,21,-1
-49,-290,-32,-1,-22,-15
30,-240,33,23,9,22
35,-213,35,-21,-25,-9
-40,-281,-15,-19,12,-2
-47,-290,-49,-4,19,30
15,-217,21,7,6,-7
43,-216,36,12,-19,-19
-26,-285,-52,-32,41,8
-35,-284,-45,8,-18,-6
36,-231,34,15,19,2
29,-228,26,-18,-4,-17
-53,-272,-40,6,-14,-0
-28,-278,-29,-12,24,-17
37,-225,35,12,-3,18
23,-232,31,25,21,30
-55,-293,-54,-9,21,-5
-7,-286,-14,19,4,6
46,-222,39,-11,8,22
11,-219,9,-3,4,-42
-44,-290,-46,-9,-2,-13
-15,-265,-3,-36,-8,9
37,-214,38,-13,12,50
25,-235,16,-1,17,-4
-47,-301,-43,-8,-33,40
-6,-263,-12,7,8,27
47,-204,42,-9,18,15
-6,-236,17,18,-1,12
-45,-322,-53,-13,2,-1
-13,-269,-3,-11,5,6
52,-198,38,-16,13,43
-16,-256,-2,6,12,-6
-46,-301,-65,17,32,39
3,-234,6,23,4,-19
51,-192,43,-12,-6,10
-1,-259,-10,8,-47,21
-44,-313,-45,5,-7,-19
17,-240,20,28,-14,3
53,-208,52,31,28,-6
-26,-245,-16,-5,-0,-40
-44,-303,-40,24,-9,9
30,-245,10,14,-32,-9
68,-206,19,-42,-11,-16
-27,-268,-10,-2,1,13
-54,-286,-37,-1,13,-12
44,-232,36,-12,18,7
44,-216,43,-44,22,-12
-39,-285,-45,-13,5,-26
-59,-294,-33,10,-5,-11
27,-210,16,-2,-16,7
26,-229,41,-10,-17,5
-50,-296,-37,18,-12,6
-38,-293,-38,29,-2,-17
44,-218,33,-9,11,-18
25,-228,32,27,-3,27
-39,-292,-38,10,-19,18
-28,-301,-32,12,-11,2
45,-203,43,16,5,-22
23,-239,37,-18,-2,2
-42,-310,-49,-18,-2,-1
-41,-277,-19,-2,39,-18
50,-210,22,-42,20,36
16,-219,14,5,-3,-20
-39,-307,-34,-42,-9,1
-23,-288,-12,-18,-19,-8
45,-193,65,-13,32,-7
-4,-233,-1,-13,32,55
-58,-309,-25,33,-4,22
-2,-236,-17,27,-38,-34
60,-222,47,-37,-23,-10
14,-265,6,-11,36,-11
-37,-320,-46,-8,-13,14
-15,-259,-2,-14,36,-40
32,-206,46,2,-35,12
-7,-251,9,7,-42,-6
-44,-305,-46,-2,9,-2
13,-252,11,-23,-7,11
40,-216,57,-3,-19,7
-27,-264,-4,16,-8,-15
-41,-286,-42,43,5,-23
12,-246,21,-11,10,-25
44,-214,59,6,4,4
-23,-263,0,-28,19,-11
-45,-315,-79,-11,45,9
23,-243,37,11,21,20
59,-212,51,5,-24,25
-14,-314,-36,16,13,-0
-25,-294,-47,12,61,7
55,-234,36,12,42,14
30,-213,35,-1,21,-16
-17,-293,-16,-5,-9,-5
-54,-300,-35,16,13,-4
50,-223,33,10,-10,-8
36,-214,33,17,-0,-20
-41,-295,-29,5,-3,14
-26,-299,-42,-5,20,-8
33,-211,32,17,7,5
18,-227,44,3,4,38
-57,-297,-68,14,-1,57
-24,-287,-26,19,5,-18
44,-196,52,-27,-48,15
23,-252,36,36,5,29
-51,-297,-48,-3,1,-32
-17,-287,-6,11,-35,-35
59,-205,52,-14,8,1
23,-225,16,-1,10,-22
-26,-294,-29,15,-34,10
6,-268,-12,-18,-10,9
55,-208,63,-11,8,14
19,-244,12,-6,22,5
-31,-313,-41,-16,8,-26
-4,-245,-9,-25,10,-23
54,-213,59,-27,-28,6
12,-265,7,17,13,-20
-35,-314,-40,-9,-26,1
-11,-244,17,-10,-11,-41
55,-196,45,10,-11,-1
4,-246,-9,-24,-30,-32
-57,-308,-60,-2,8,17
8,-247,-4,-24,-0,34
52,-198,46,2,-14,5
-5,-273,-16,21,6,20
-51,-318,-49,20,-3,20
28,-239,34,-19,-0,-28
31,-203,38,17,-32,1
-19,-282,-38,15,15,-15
-38,-281,-53,1,-6,-29
23,-210,20,-8,2,-18
37,-211,51,-16,-64,11
-35,-277,-39,14,12,20
-29,-304,-51,24,13,40
24,-225,14,34,-16,15
35,-233,42,13,-12,1
-17,-274,-23,0,-14,-32
-47,-299,-28,8,4,4
22,-196,54,-2,27,-17
38,-234,35,-11,-23,-9
-44,-304,-40,4,-13,-32
-36,-306,-35,-3,8,10
41,-213,34,-18,-35,-16
36,-221,27,-6,-7,-4
-52,-300,-50,18,2,0
-12,-271,-38,-20,16,-24
58,-204,49,-13,-29,29
16,-250,-4,3,33,15
-53,-307,-31,-7,4,25
-13,-271,-21,-3,14,9
35,-193,64,-9,-31,3
20,-220,24,13,-4,3
-48,-296,-37,2,-15,14
10,-280,-1,52,-3,14
51,-209,52,20,31,7
1,-243,-13,-7,9,13
-58,-308,-54,15,-1,1
-11,-264,-10,-14,14,-14
50,-211,53,1,-14,25
3,-248,-15,4,-15,2
-49,-301,-68,7,-13,-15
10,-261,15,-10,0,-9
59,-221,56,14,-20,16
1,-245,-16,17,-3,16
-27,-322,-43,26,32,8
24,-240,3,-19,-4,-32
27,-217,56,18,5,16
0,-278,-9,12,-2,-14
-46,-326,-47,1,3,8
19,-241,3,14,-12,37
15,-202,40,-4,6,-7
-27,-272,-25,-28,-33,40
-60,-315,-49,-9,15,-4
12,-235,23,6,-11,-5
30,-217,47,23,37,-3
-15,-281,-15,20,-9,42
-40,-293,-29,-6,-24,-23
31,-230,20,-10,6,16
52,-226,30,-11,-18,-3
-39,-274,-43,-16,-8,-25
-42,-297,-22,-19,13,4
42,-212,34,-9,-2,6
45,-245,41,20,26,52
-32,-302,-59,31,5,-21
-28,-288,-43,6,-28,-19
38,-213,42,-18,12,1
23,-226,37,-1,18,-25
-46,-296,-45,5,-37,-17
-13,-287,-18,23,-27,-12
45,-199,31,-7,25,8
-5,-227,17,9,26,-3
-44,-312,-40,25,-4,-21
-8,-283,-7,-20,-51,5
47,-205,35,-39,39,-29
10,-245,2,2,31,5
-57,-312,-43,-38,-5,33
-10,-273,-24,5,-39,-7
56,-192,49,12,-13,-23
4,-255,15,18,-32,-3
-55,-302,-59,21,50,-28
-6,-258,-10,-12,-11,-31
46,-211,50,27,20,21
2,-261,3,31,-26,-19
-24,-312,-62,-11,-21,6
4,-250,-1,2,14,13
47,-201,47,-11,5,-16
-5,-286,-33,-4,11,18
-71,-313,-51,-19,-26,25
5,-241,6,-5,-1,5
48,-201,26,-5,2,-29
-20,-279,-22,-9,17,-22
-66,-303,-57,5,-3,28
27,-257,1,-12,6,-6
25,-213,30,-1,-20,-12
-45,-290,-24,-17,-8,-35
-36,-304,-39,-17,22,10
30,-220,29,-19,45,-13
43,-220,23,-24,2,-24
-34,-295,-43,17,13,2
-27,-295,-37,11,-18,-3
19,-204,36,11,-43,-24
31,-219,39,37,16,-7
-20,-280,-50,-7,-5,-0
-31,-288,-28,-38,-11,17
27,-223,27,4,-2,10
16,-228,6,14,-7,32
-40,-284,-42,-29,27,-5
-32,-278,-30,-9,0,8
38,-226,36,-19,28,29
18,-252,31,-13,24,-8
-41,-310,-60,-35,23,-12
-17,-278,-20,7,-26,-22
54,-220,33,-31,-9,18
19,-223,29,-9,8,-22
-49,-289,-44,11,-2,-7
-3,-260,-7,-11,1,4
33,-200,50,45,11,-21
15,-238,7,26,24,35
-68,-304,-71,-39,-7,7
-20,-250,23,-25,15,5
42,-192,49,-18,13,-22
-14,-267,19,12,22,-5
-45,-313,-45,6,8,-8
10,-258,-0,7,46,-2
62,-195,25,-7,-13,23
3,-272,8,7,43,-14
-33,-280,-64,3,34,36
-1,-231,12,9,31,-13
53,-220,38,18,-16,-22
-15,-269,9,-8,31,8
-68,-321,-40,-4,-5,9
37,-243,21,-24,-6,-4
53,-214,37,2,5,-31
-11,-286,-25,-39,9,-42
-38,-314,-30,7,6,-4
15,-236,37,-21,18,-10
38,-205,39,-15,-16,11
-23,-279,-35,-1,-22,-24
-50,-291,-44,-11,5,3
25,-231,27,-7,-7,4
17,-237,38,-18,-8,31
-30,-290,-27,2,11,26
-39,-296,-54,-51,18,26
18,-205,33,10,2,9
32,-230,41,-2,-11,-13
-30,-290,-56,-12,-17,31
-19,-300,-24,-13,-19,-5
53,-218,34,-2,11,-5
23,-238,40,4,5,-19
-56,-290,-19,-7,17,-4
-30,-284,-31,-2,-37,1
44,-209,47,15,1,-11
32,-232,16,12,5,-17
-27,-298,-59,-3,28,16
-27,-276,-27,-23,-13,10
45,-210,53,31,25,39
21,-249,18,-16,-25,15
-59,-302,-19,-17,-10,-5
-8,-261,-10,-1,-11,-19
38,-202,45,-6,7,29
-6,-251,23,2,-1,-9
-41,-307,-64,-11,-21,-9
-4,-252,9,-28,21,-8
55,-211,51,14,-21,52
-2,-249,-13,-36,6,6
-29,-315,-43,7,0,37
-17,-268,3,39,-6,47
40,-195,39,15,-0,-47
12,-257,-11,-10,16,-38
-50,-319,-46,22,-9,25
8,-248,17,-3,17,-6
49,-222,38,16,-19,-11
-44,-286,-11,-3,15,-0
-62,-290,-51,-28,-13,31
15,-242,7,5,-6,32
14,-229,46,-6,-17,-1
-23,-287,-25,32,-23,13
-41,-291,-50,8,12,14
49,-231,49,-2,9,-4
31,-222,40,16,-18,-33
-28,-275,-29,53,5,-2
-46,-283,-39,8,11,-8
35,-236,19,3,-13,-22
56,-226,52,-13,0,25
-36,-290,-44,25,-22,2
-45,-298,-58,21,8,31
28,-223,42,7,29,-10
48,-216,17,-23,27,-49
-42,-288,-38,-19,-15,-0
-27,-290,-49,27,44,-12
30,-225,62,10,15,-2
23,-225,21,-5,-16,-64
-29,-298,-48,1,-22,-19
-30,-289,-20,20,24,25
53,-196,44,-13,21,22
21,-226,35,25,-17,4
-44,-305,-51,-4,25,-11
-29,-273,-8,-22,11,10
48,-218,38,-10,10,10
22,-237,8,-8,-35,38
-56,-306,-56,-43,13,-11
-13,-268,-12,-6,36,-21
40,-205,51,-8,-1,-2
-6,-249,4,-22,-13,-16
-59,-290,-54,-14,-43,8
13,-274,20,-6,29,-11
72,-209,42,46,17,4
-23,-272,-17,-37,22,32
-40,-309,-54,11,-21,-15
-7,-244,-12,-38,-9,43
58,-202,38,37,-12,19
-22,-257,1,6,53,-34
-41,-299,-50,-8,32,5
-7,-240,9,-59,-3,6
35,-205,36,-2,-16,5
-23,-273,-11,22,-11,37
-51,-305,-47,-17,32,8
3,-256,16,-5,-8,17
59,-224,26,6,-19,-11
-32,-285,-26,15,0,-20
-44,-310,-43,0,8,7
20,-232,49,-11,-0,-7
50,-206,39,-24,-22,-15
-23,-278,-23,-8,18,34
-55,-279,-32,-23,31,-17
12,-226,40,-13,2,-4
39,-204,46,13,20,-22
-41,-294,-48,21,-14,-19
-48,-285,-29,2,22,-11
32,-220,50,-25,-34,-1
10,-223,24,6,-1,48
-42,-297,-35,2,-22,-26
-20,-281,-19,-13,14,3
41,-218,37,-14,-22,4
34,-243,28,37,-15,37
-68,-304,-39,33,-7,1
-19,-278,-7,30,21,-10
62,-218,46,24,-5,32
20,-261,26,-22,-27,-13
-31,-314,-44,-9,-14,-12
-15,-277,6,13,-8,4
46,-199,53,49,13,-13
16,-235,2,-14,-3,-14
-43,-311,-28,4,24,-5
3,-260,19,-28,6,2
34,-205,54,-25,25,-6
-7,-260,20,29,15,-1
-34,-301,-35,-7,-3,-39
-7,-248,16,-24,14,14
60,-221,40,-8,17,-5
-8,-263,-1,-13,-2,-37
-55,-312,-39,53,24,-37
19,-252,4,6,52,-16
28,-199,51,2,-3,28
-14,-281,-27,-23,-14,-23
-62,-309,-46,8,20,24
10,-221,21,24,11,41
59,-210,37,27,-19,-6
6,-286,-21,-6,20,3
-54,-324,-46,33,19,13
46,-229,41,-6,30,19
45,-199,23,-49,-14,-14
-23,-263,-30,-11,-5,37
-51,-290,-48,-28,-39,17
27,-240,33,10,-31,6
50,-228,50,-61,7,-32
-24,-301,-38,23,22,9
-31,-288,-27,7,-7,17
30,-223,63,30,23,-19
42,-235,36,0,22,16
-24,-285,-50,5,7,6
-43,-293,-20,14,20,16
42,-210,40,-11,44,-34
35,-221,27,5,6,17
-44,-301,-42,-31,4,17
-32,-273,-14,-8,3,12
46,-213,44,-55,1,41
15,-229,43,5,8,-14
-55,-305,-24,13,43,2
-12,-275,-21,-21,3,-29
51,-209,49,-2,3,-0
31,-231,16,31,34,3
-63,-318,-24,-14,11,-5
-22,-263,-16,18,-14,-16
38,-218,54,-29,15,-30
5,-238,16,-8,25,-40
-47,-304,-47,-2,-3,8
-3,-253,-20,-26,18,18
62,-225,50,-29,21,21
7,-256,-3,10,-43,-7
-55,-319,-49,-21,-10,-18
16,-239,4,-33,-18,-18
44,-190,40,-14,23,-11
-5,-259,-11,-9,21,26
-45,-295,-54,44,-12,12
22,-258,18,45,26,65
34,-201,37,-9,-29,1
-10,-257,-30,-9,-17,-1
-60,-310,-62,0,28,-24
28,-230,36,6,26,36
51,-205,36,-54,20,-28
-28,-282,-33,-2,-8,27
-40,-305,-49,-20,0,-6
29,-235,32,-10,-11,36
37,-208,36,-11,-1,12
-24,-284,-15,7,20,-7
-34,-284,-27,-25,-3,-18
28,-227,61,-22,2,-22
42,-209,33,-3,31,10
-33,-281,-32,1,-3,-10
-30,-286,-18,20,-31,-2
44,-225,46,-7,25,20
36,-222,25,-27,15,-5
-43,-325,-17,-2,46,-2
-39,-298,-9,12,15,3
45,-201,32,22,-1,5
3,-228,31,-22,-43,1
-26,-289,-43,2,-12,-24
-21,-275,-11,-1,18,13
37,-220,58,-8,5,-9
-1,-249,35,-37,-31,-9
-50,-305,-31,33,50,-12
-11,-264,-7,-10,-2,-11
42,-226,49,16,-9,11
14,-252,-3,-24,26,-2
-44,-304,-50,7,9,-5
5,-260,1,-43,5,5
43,-198,51,9,-23,3
16,-270,-2,-16,20,16
-47,-315,-48,12,-6,-21
2,-249,-4,-19,57,-1
42,-206,48,20,-11,14
-4,-276,-1,33,9,22
-47,-322,-55,12,-2,12
14,-249,-3,36,-1,-12
47,-212,45,29,-24,25
-13,-272,-10,-25,-2,-11
-48,-298,-60,-25,-4,-22
20,-243,13,-1,12,10
36,-199,41,-41,36,32
-17,-249,3,-13,18,-6
-41,-300,-42,13,6,-21
12,-231,24,11,21,-1
49,-233,20,1,-20,10
-20,-284,-26,-14,23,36
-34,-292,-34,-10,8,-11
31,-233,20,17,15,-16
23,-240,42,-3,18,2
-24,-287,-31,30,-46,-3
-43,-282,-44,-2,7,31
25,-231,45,-2,-2,1
33,-222,44,-16,10,-24
-35,-297,-34,-16,2,-21
-27,-281,-31,10,-1,-6
50,-222,44,-11,-20,7
27,-225,34,-17,-10,5
-45,-295,-31,9,-9,15
-29,-287,-19,2,-36,16
38,-201,34,4,-39,14
24,-239,21,7,-3,-18
-41,-291,-47,35,-3,-2
-20,-279,-26,-6,-13,-13
42,-227,24,-14,-23,2
11,-229,5,7,-1,24
-60,-292,-57,-32,-4,-21
-6,-261,-8,26,-11,32
56,-201,36,-9,-24,-26
14,-244,-16,-5,38,-36
-31,-313,-42,-24,27,-29
-6,-272,-4,25,-2,-4
62,-185,56,-33,-32,5
-12,-250,11,-21,28,-14
-36,-310,-63,1,-10,-6
17,-269,11,27,-5,-12
58,-197,60,-20,16,22
-35,-271,2,31,-1,-2
-47,-303,-47,-10,22,24
15,-243,4,19,22,3
55,-196,39,6,-23,-24
-5,-260,-8,-9,-15,-11
-46,-318,-50,-17,0,30
11,-253,27,-15,-6,12
30,-199,52,19,4,53
-12,-270,-17,20,-22,10
-42,-304,-47,-9,-15,32
26,-237,40,-9,-20,-7
32,-205,59,-3,-7,-44
-26,-272,-34,9,20,36
-46,-291,-52,-12,-0,32
49,-212,20,18,-29,-25
58,-228,36,-13,25,-0
-23,-280,-41,-47,-14,-26
-43,-303,-20,12,19,-22
36,-214,38,1,-6,-37
14,-227,37,25,-12,9
-25,-288,-42,26,-10,25
-7,-270,-37,-7,-3,-10
45,-212,28,-22,26,28
33,-243,36,-13,-20,13
-39,-311,-48,24,-9,-1
-17,-265,-17,-29,35,13
37,-213,55,-14,2,-20
32,-225,20,-9,-7,-9
-68,-319,-56,36,6,28
-13,-289,-39,-21,-3,-5
57,-208,42,-6,27,1
16,-249,29,-7,-14,-12
-51,-290,-29,-1,-15,-8
-5,-255,-2,-3,15,2
53,-218,32,-31,-26,-18
-3,-269,3,16,-46,12
-38,-311,-49,4,-3,-11
-17,-250,-15,27,-8,-28
21,-220,52,-1,1,6
-6,-247,23,7,-33,-20
-59,-308,-46,6,5,0
8,-265,14,-4,25,-5
54,-194,53,15,-16,20
-8,-260,6,43,-6,7
-58,-303,-61,-6,-11,14
6,-238,12,-3,-3,32
61,-215,57,-0,-16,8
-25,-269,-16,1,-17,0
-46,-303,-46,26,20,-6
2,-235,11,-2,-9,-5
43,-211,46,-18,-41,14
-22,-279,-31,14,-2,-23
-55,-300,-27,-22,28,-7
36,-222,10,-45,-4,-21
44,-212,46,-15,-6,-11
-28,-282,-19,-5,-39,6
-36,-278,-44,24,19,-10
52,-235,40,-29,-4,-6
39,-229,25,-30,12,-17
-30,-297,-41,-14,33,32
-37,-278,-36,1,13,-13
37,-223,44,9,11,16
26,-215,22,22,-35,-38
-52,-310,-42,23,30,-7
-40,-290,-31,18,-5,-11
45,-208,32,-42,38,-33
31,-229,29,18,-6,7
-23,-293,-43,-15,-14,-11
-14,-284,-41,-17,-10,9
39,-210,49,-21,-50,-6
19,-235,26,17,-1,41
-55,-282,-50,-9,-53,1
-2,-276,11,21,10,11
47,-214,43,45,7,27
11,-239,13,8,12,-4
-63,-317,-41,12,2,-18
-6,-261,-3,19,2,-1
41,-217,51,43,13,22
4,-236,4,-12,-23,9
-62,-318,-48,0,-4,-26
-3,-269,4,10,-10,1
39,-212,50,33,-0,6
-11,-264,-2,-7,-7,-34
-43,-309,-46,5,5,5
8,-263,24,-3,-51,48
37,-206,53,-9,10,9
-20,-267,-20,5,17,-14
-54,-307,-51,11,6,-36
25,-246,24,4,-22,16
44,-208,47,1,25,1
-18,-269,-16,-20,-2,-12
-50,-311,-72,3,14,0
23,-243,20,15,17,11
42,-212,53,16,-18,-1
-19,-298,-32,-11,-6,-5
-36,-295,-44,-19,-16,-5
37,-243,42,-2,-5,23
35,-220,37,51,-4,-28
-30,-297,-33,21,25,16
-50,-303,-33,-6,-13,51
36,-210,19,-7,-3,8
46,-225,22,-6,-10,13
-42,-313,-19,-1,27,28
-26,-298,-40,16,-8,15
41,-207,41,-14,-12,18
21,-226,36,-7,-17,17
-57,-302,-34,-26,-17,9
-19,-287,-8,5,-9,-14
32,-218,47,30,-33,12
15,-226,26,-1,-7,-11
-48,-293,-57,-1,-15,18
-35,-298,-3,-16,6,18
16,-205,52,3,-6,17
11,-234,23,24,-5,13
-45,-280,-40,14,2,28
-7,-259,-32,27,-15,-10
63,-216,39,-25,12,58
11,-260,3,24,33,13
-59,-300,-47,8,12,3
7,-274,-6,-18,14,-28
55,-216,58,9,-34,-6
-2,-250,-3,4,4,-2
-74,-303,-26,-57,20,-5
9,-274,-11,-14,13,9
68,-210,43,-8,-8,23
-3,-259,-29,-0,2,19
-44,-308,-29,16,-19,7
10,-237,7,37,-8,-0
41,-207,45,20,12,-13
-10,-283,-16,-23,41,44
-49,-305,-41,-16,8,2
18,-225,16,-5,4,25
32,-207,53,-39,-6,-30
-33,-279,-21,-1,4,25
-49,-300,-41,4,12,-6
39,-224,18,14,25,-59
74,-207,22,-13,-2,37
-9,-281,-29,-17,16,-26
-47,-296,-25,-55,24,9
26,-232,30,0,-12,-3
44,-228,37,-1,-53,17
-29,-293,-30,-4,13,10
-40,-273,-46,-3,-1,11
30,-232,32,36,-19,-10
27,-232,38,-34,5,-24
-32,-280,-37,-29,-20,15
-38,-299,-21,-3,13,3
36,-231,32,9,35,16
40,-240,7,-11,5,-7
-48,-295,-54,53,3,4
-19,-281,-28,-18,6,-4
32,-240,54,30,-29,1
1,-225,31,36,-1,-26
-33,-292,-48,-5,-3,-4
-18,-276,-9,5,18,-11
49,-207,45,-22,14,-1
6,-260,20,-23,25,-38
-58,-319,-42,-20,-18,-6
-13,-288,3,-2,22,12
53,-203,59,-24,29,-16
19,-237,13,-5,2,-14
-55,-325,-67,-17,-12,40
-13,-254,10,17,-12,5
34,-208,38,-0,-5,-2
-5,-259,-7,6,-26,11
-48,-305,-46,19,-13,-17
16,-237,9,-7,-14,17
43,-201,72,-4,-15,24
-11,-281,-1,-16,13,-11
-54,-310,-48,20,18,28
27,-240,19,-1,-22,32
42,-210,39,21,-30,-13
-25,-268,-11,-22,20,20
-46,-308,-49,-6,-7,-8
17,-227,24,15,-36,-1
36,-213,76,-15,-29,0
-38,-286,-4,-11,3,2
-40,-291,-55,0,6,-11
18,-215,28,25,10,-0
40,-219,46,9,-1,-31
-41,-278,-17,-5,9,-6
-17,-305,-51,9,-10,1
24,-227,32,14,6,5
23,-206,33,14,3,-8
-39,-294,-37,-10,22,15
-36,-300,-46,-40,-14,10
34,-216,33,23,22,-17
42,-219,28,-3,-10,-9
-29,-294,-23,-14,-15,-10
-10,-298,-24,-75,2,-4
53,-218,50,-27,-22,-18
18,-225,21,14,-5,-6
-50,-293,-43,-3,5,5
-45,-265,-21,12,10,33
52,-211,62,5,5,32
12,-243,15,34,-22,3
-50,-326,-49,-8,-26,-29
-32,-283,-11,6,26,15
58,-202,45,36,-16,11
0,-259,18,-20,-8,-10
-52,-309,-44,-7,-22,2
-10,-266,-8,9,-8,-17
44,-206,50,8,-1,-26
-5,-259,-8,-40,12,-33
-56,-306,-51,30,0,-17
0,-265,2,-31,-8,20
58,-211,53,-17,-0,-17
0,-256,-3,-49,-1,-18
-46,-318,-52,7,-10,47
10,-248,29,-2,10,-27
48,-225,65,11,0,19
-24,-282,-23,-20,-3,-11
-60,-300,-55,-16,14,4
16,-239,23,40,15,29
51,-201,47,42,-34,-8
-21,-274,-20,-17,-14,17
-63,-303,-53,-42,4,20
34,-242,29,13,-31,11
56,-216,60,2,25,-33
-9,-279,-30,24,18,-35
-23,-306,-50,-19,18,32
34,-222,37,-33,-12,-20
30,-197,35,3,11,-44
-20,-265,-14,43,10,5
-25,-281,-33,10,-3,-4
44,-209,23,33,-3,-3
53,-222,35,-13,-9,26
-23,-287,-43,18,19,5
-39,-295,-40,17,-4,10
55,-206,37,-17,-45,15
30,-235,20,38,10,-18
-50,-291,-65,6,26,-6
-19,-274,-23,9,7,11
30,-211,37,18,3,-11
35,-235,17,-30,23,14
-58,-312,-52,-26,-11,18
-22,-264,-34,-2,16,-1
49,-222,48,-14,19,-26
13,-235,14,-2,33,2
-60,-289,-37,-6,4,13
-6,-266,-22,-5,-7,-7
65,-210,54,25,2,-23
11,-253,12,1,-11,-8
-31,-315,-49,-39,32,-10
-8,-259,-11,-44,19,-21
56,-197,62,5,-2,41
5,-268,16,-16,-14,28
-51,-317,-54,12,-15,-19
-6,-263,12,-11,-21,40
70,-220,56,2,-14,34
-7,-270,-29,27,26,13
-44,-307,-43,-26,-8,-2
9,-240,-1,23,-23,-8
44,-200,31,-28,-18,20
-22,-269,-36,21,-23,-22
-62,-294,-67,5,5,-17
26,-243,6,6,-9,-28
46,-203,56,4,5,-32
-6,-282,-24,3,-39,5
-35,-312,-51,-27,12,8
15,-213,41,24,16,6
38,-216,49,28,-30,28
-31,-291,-35,9,-10,26
-44,-290,-37,-15,-10,-20
38,-220,14,3,-24,-28
29,-216,49,-2,-20,19
-27,-281,-28,28,15,56
-43,-289,-37,-8,4,-5
17,-220,36,-2,-3,9
34,-257,15,-16,-22,12
-46,-287,-48,15,-9,-33
-37,-291,-46,38,3,20
58,-213,29,-0,-10,-17
38,-217,40,-23,-21,32
-40,-293,-41,7,-12,-35
-36,-279,-13,-2,11,2
46,-220,50,-22,-6,1
29,-230,17,9,-30,1
-42,-315,-40,19,20,-2
-32,-277,-27,-2,-9,50
49,-215,55,17,-4,5
13,-242,18,10,17,14
-48,-306,-65,9,-20,13
-11,-255,-11,15,-0,-23
40,-216,52,24,-34,3
-3,-247,0,-25,-36,-13
-59,-304,-55,-19,11,22
-8,-242,-9,-41,-55,44
57,-206,68,5,-1,-28
-21,-257,-2,-13,-1,24
-56,-307,-59,-31,-7,-6
2,-253,13,20,-40,-26
36,-191,30,3,15,30
1,-259,-19,-20,2,-1
-51,-311,-67,5,29,-2
28,-248,13,-5,25,19
51,-221,51,-13,30,-5
1,-260,0,-37,4,29
-52,-318,-32,4,-10,10
15,-228,16,14,6,-24
41,-207,67,-1,4,-11
-18,-282,-31,19,-19,18
-46,-305,-36,24,-43,7
17,-220,25,26,8,6
42,-207,37,-14,0,17
-22,-287,-40,-4,13,7
-42,-306,-41,33,-27,-12
35,-220,40,-19,-44,-0
35,-241,52,14,-11,-12
-36,-274,-25,-22,-11,-5
-27,-298,-37,-50,-22,-1
47,-212,53,-5,-29,1
40,-229,30,-20,-20,16
-29,-297,-29,2,-24,-21
-20,-284,-51,-11,-18,14
50,-207,57,8,7,-1
42,-228,30,-21,13,4
-56,-294,-50,18,25,-48
-17,-292,-24,44,1,-45
40,-214,48,-15,13,24
10,-251,31,-5,32,20
-49,-327,-27,-1,-12,-13
-11,-260,-37,-2,4,31
64,-201,27,17,1,-18
27,-252,18,-16,17,-26
-45,-312,-48,-19,1,-1
-8,-269,-3,-44,7,13
42,-208,54,-3,-15,-12
7,-256,-17,-15,-15,-2
-57,-306,-39,43,29,7
22,-259,24,4,8,-34
68,-207,31,-7,63,20
10,-254,-15,1,16,-16
-43,-297,-49,-17,-30,-35
7,-252,3,2,-7,-13
39,-198,38,21,6,7
-5,-267,-16,18,7,24
-49,-317,-43,-22,1,-18
25,-236,20,32,-8,0
58,-216,45,-26,-11,-5
-20,-285,-17,26,1,1
-51,-287,-54,37,-3,-2
32,-259,18,-15,-24,-20
60,-207,43,12,13,12
-21,-279,-12,5,-22,-38
-41,-305,-41,29,14,10
31,-218,24,-20,-3,52
43,-228,53,-8,6,2
-31,-320,-27,30,5,-3
-37,-277,-47,10,-10,-2
37,-210,21,-29,-8,33
33,-231,28,-12,20,-21
-54,-287,-48,7,-44,-6
-26,-272,-39,-17,-15,-9
33,-216,63,-27,-2,-7
35,-221,18,-4,-27,-2
-27,-304,-42,70,9,-11
-35,-274,-21,17,-21,-19
56,-205,47,12,-10,17
21,-248,24,8,-26,-10
-37,-297,-34,-6,-16,20
-0,-259,-25,-19,4,-16
46,-209,55,-7,2,-3
17,-246,7,-4,-9,2
-63,-296,-54,5,-5,0
-11,-272,-8,8,-56,21
58,-200,56,-8,42,-1
6,-246,-0,16,-16,-8
-45,-321,-45,8,9,-0
0,-256,17,-9,2,-16
54,-207,66,-21,-22,41
-17,-279,6,14,-25,19
-33,-318,-34,-18,-10,-37
11,-249,30,-1,35,15
59,-203,60,-1,-12,9
-4,-257,2,-30,4,26
-32,-314,-45,7,-2,-2
14,-240,21,-9,-4,-20
50,-211,55,33,41,-6
-30,-263,-12,40,-14,30
-56,-285,-46,-29,-15,-27
21,-226,25,1,-2,-25
43,-214,52,-20,1,-5
-13,-280,-17,-11,-11,9
-40,-300,-48,9,4,-23
28,-234,22,-9,-2,25
47,-216,55,-3,10,-33
-42,-274,-17,-2,-7,-38
-29,-286,-34,0,-6,2
28,-204,39,-29,-39,-23
40,-227,29,-1,-14,15
-33,-298,-35,-18,-22,0
-48,-292,-52,-19,11,-14
40,-218,27,15,3,21
16,-235,24,-5,-16,10
-35,-280,-55,-6,34,5
-43,-276,-26,-13,9,-26
27,-211,31,10,-21,-3
26,-230,30,17,2,2
-41,-294,-43,-7,11,-14
-30,-276,-18,-2,-18,7
42,-208,36,-9,6,5
19,-228,35,-4,-16,-22
-46,-321,-54,-17,6,7
-18,-283,-29,-7,-9,19
30,-203,62,-51,12,13
-4,-249,2,-12,18,18
-43,-311,-47,37,-4,-4
8,-265,12,16,6,-7
48,-199,53,-12,3,-16
15,-260,-3,3,-32,-34
-53,-296,-55,-7,32,9
10,-242,-2,18,-27,-2
45,-191,54,-14,33,-1
-6,-262,-2,-3,25,-1
-42,-304,-52,-30,1,-12
6,-260,-1,-41,2,-15
49,-219,74,13,28,-9
-7,-270,-9,13,16,31
-69,-304,-57,-1,12,34
25,-245,1,15,-9,-18
51,-208,36,-1,0,-15
-23,-278,-5,-3,53,-29
-52,-311,-60,13,15,2
18,-241,11,-25,19,-22
45,-207,40,-4,0,-21
6,-279,-39,9,-12,-21
-57,-285,-50,-30,-21,-1
26,-231,19,31,36,-2
52,-226,36,-5,15,0
-30,-289,-20,-3,-37,-29
-34,-290,-39,-11,-0,2
23,-219,35,-49,-3,-7
44,-212,42,4,-21,34
-21,-280,-20,-10,-21,-12
-24,-289,-39,28,-5,3
60,-231,31,17,16,-3
33,-226,34,0,-33,13
-43,-305,-44,23,-7,19
-25,-283,-16,1,-36,-6
37,-212,61,-1,10,31
30,-236,13,-22,-7,15
-50,-291,-28,21,-17,1
-18,-266,-25,-25,-1,-4
47,-208,44,12,26,8
8,-231,14,-17,41,24
-56,-313,-43,-29,10,37
-9,-267,-7,16,1,-15
40,-202,50,-2,31,1
14,-242,11,-30,21,-22
-58,-297,-45,14,34,-25
-20,-260,-15,-16,-1,24
49,-193,53,-10,2,6
11,-259,-1,-21,-3,-19
-68,-310,-41,11,-15,20
7,-231,24,-20,-22,-33
63,-210,50,4,28,24
-9,-264,-15,7,-9,36
-28,-305,-41,-30,1,-6
14,-251,21,14,2,-19
62,-219,40,27,-8,7
-15,-275,7,-23,-44,-7
-42,-302,-61,-3,24,14
10,-229,1,25,-24,38
56,-220,34,45,29,-39
-22,-264,-26,9,5,-15
-42,-315,-55,32,-37,-18
28,-235,34,6,-2,0
51,-205,46,-6,-13,7
-28,-285,-29,20,-0,15
-41,-303,-55,-4,-15,10
31,-229,14,-18,13,23
27,-210,36,42,-3,12
-61,-296,-30,12,-6,6
-39,-281,-44,35,-5,5
26,-235,24,-1,4,9
26,-228,20,-5,-27,-9
-29,-325,-25,37,-6,18
-46,-278,-31,-38,-22,-3
24,-214,43,-12,-11,-3
20,-214,24,30,4,-37
-19,-299,-35,-38,-3,-19
-33,-285,-29,-5,11,-16
41,-203,49,-11,6,25
17,-230,22,26,-16,0
-55,-297,-32,-2,-1,38
-16,-263,-16,-17,11,2
49,-215,43,-6,34,26
22,-233,15,-61,-13,22
-71,-304,-32,-9,14,-24
-12,-266,-10,15,-1,-27
47,-195,49,12,12,33
2,-241,-3,-12,10,36
-48,-299,-76,-18,-31,11
-3,-257,7,7,5,-32
63,-202,68,6,10,-34
2,-253,5,-6,-18,14
-38,-308,-55,-9,7,10
-5,-261,0,25,24,-13
56,-208,52,3,6,1
-10,-259,-30,-21,-17,-10
-50,-288,-57,-17,-16,25
12,-241,14,8,27,2
40,-218,52,14,-37,26
-7,-272,-22,19,-11,9
-55,-298,-46,33,-53,23
26,-235,25,18,-11,8
45,-215,39,-39,-9,7
-26,-277,-10,20,27,-2
-41,-313,-39,39,-14,28
18,-208,30,-6,29,5
43,-207,44,-40,-4,23
-30,-279,-35,-21,-19,20
-44,-297,-55,16,-26,15
35,-208,31,-34,-30,40
35,-196,56,-9,25,-22
-25,-300,-25,8,22,-7
-28,-282,-35,20,10,-18
47,-222,24,9,33,-34
37,-239,60,15,-11,34
-51,-291,-53,1,1,-34
-19,-285,-32,-9,-1,23
43,-214,29,-13,-7,25
23,-221,37,-8,-32,22
-45,-294,-48,-28,17,-25
-16,-281,-40,3,-10,-19
35,-208,51,33,14,10
3,-227,29,24,-44,-10
-56,-307,-48,-30,3,-33
-30,-273,-43,-16,11,19
62,-200,37,23,7,-33
14,-249,20,27,26,4
-62,-299,-56,18,-4,10
2,-276,-9,31,-9,-1
58,-211,53,22,-26,-4
24,-247,7,-10,-12,-1
-62,-306,-55,-44,28,10
-19,-251,2,-33,-21,33
60,-204,47,-14,-33,-4
3,-253,-11,8,-6,-0
-53,-308,-46,4,-8,17
17,-231,-9,-16,21,9
69,-207,58,-45,-12,29
-8,-279,-9,20,17,-7
-60,-317,-61,30,49,-7
10,-235,22,50,1,12
51,-198,34,35,-21,27
-23,-265,-13,19,-8,14
-46,-300,-47,24,-13,-3
41,-246,51,-4,29,27
55,-228,52,-2,17,0
-26,-278,-26,10,-2,-4
-35,-303,-28,8,47,11
20,-213,54,59,9,-13
24,-203,25,4,-36,-17
-26,-315,-26,-43,17,3
-21,-310,-52,28,32,35
23,-238,37,15,6,-19
45,-213,28,-27,-22,-8
-43,-297,-41,5,1,-8
-31,-289,-26,37,28,41
38,-226,51,-41,45,7
37,-214,36,8,13,-13
-52,-289,-47,-30,24,-56
-32,-284,-18,-4,-19,1
47,-196,41,4,-0,-4
25,-220,46,5,12,8
-43,-305,-48,-10,43,30
-10,-258,-12,7,20,-6
54,-204,49,12,-7,37
23,-224,34,40,-20,-3
-41,-308,-62,-14,7,-7
-36,-272,-4,-3,-53,-18
60,-210,58,-8,13,26
26,-257,2,10,1,-12
-49,-304,-50,-8,-36,20
-11,-258,1,4,4,11
45,-200,46,-9,-38,-23
17,-259,13,48,-21,3
-44,-294,-43,7,-7,-11
1,-231,7,-16,-12,0
60,-191,69,-25,22,-3
-6,-256,-2,1,15,8
-45,-303,-49,3,14,1
6,-259,19,-31,4,6
45,-201,39,-24,19,8
-11,-281,-8,28,-11,-16
-64,-313,-19,-10,-21,-31
23,-238,32,-8,6,20
66,-195,55,-2,-0,-4
-12,-291,-11,-9,40,15
-41,-302,-55,-20,22,3
13,-233,24,-34,0,-36
34,-221,43,-8,7,2
-29,-275,-35,-24,-11,-9
-43,-283,-43,16,-19,-20
15,-215,39,-43,-18,-11
30,-234,31,24,11,27
-33,-282,-14,-8,3,-25
-49,-307,-54,-34,10,-26
29,-204,31,1,-4,1
28,-223,32,-61,-23,-27
-28,-270,-21,1,3,-13
-53,-297,-33,-50,5,4
45,-223,41,25,11,14
29,-239,7,18,2,3
-55,-312,-34,-1,-0,7
-27,-267,-23,-1,-15,25
54,-200,30,25,8,26
20,-228,32,-21,-11,-23
-44,-311,-45,12,-1,-1
-31,-270,-16,1,7,-6
40,-209,41,53,5,-59
2,-243,11,8,17,-29
-32,-316,-45,-20,11,-22
-4,-260,-10,25,1,-20
43,-211,45,-48,-16,12
8,-249,24,-1,15,-26
-48,-300,-56,-18,-11,-6
8,-274,-13,9,-8,15
53,-207,64,12,36,22
11,-258,-13,7,-6,25
-45,-300,-65,11,18,-8
6,-256,2,-13,2,9
71,-206,27,-10,33,42
-15,-260,-6,-3,8,9
-49,-296,-57,-5,9,-1
18,-230,5,-12,-13,-31
58,-215,55,10,-2,19
-19,-271,-21,-31,0,-20
-56,-318,-46,8,19,38
23,-248,9,6,-15,-3
55,-194,38,28,-41,23
-44,-261,-20,-44,21,-11
-38,-305,-15,-21,-27,-19
42,-209,37,-14,-19,26
55,-223,51,-30,-9,-40
-11,-284,-38,29,12,18
-40,-307,-39,10,40,32
21,-230,18,1,-11,13
26,-208,59,-28,2,-16
-21,-287,-31,19,14,-1
-24,-290,-27,-13,50,4
46,-237,36,-15,-8,-6
21,-217,20,-32,-9,14
-36,-291,-25,3,19,-0
-18,-298,-28,10,19,14
49,-198,45,5,-34,48
20,-229,23,-10,11,11
-24,-274,-25,-11,-29,39
-39,-273,-18,-19,14,-18
46,-213,47,6,-7,-9
12,-228,26,19,8,10
-39,-309,-70,-10,-6,-23
-16,-288,-28,-8,-5,7
73,-206,49,-64,21,23
-3,-244,23,-3,15,-15
-43,-311,-45,-21,22,-5
4,-259,-13,-10,1,-17
41,-200,54,-17,-33,-29
7,-246,11,-5,-21,6
-73,-316,-46,10,11,-0
4,-254,12,3,37,25
44,-209,55,31,23,-11
-9,-282,-12,-11,-13,-40
-58,-290,-53,-6,-37,-12
2,-247,-3,13,-21,-5
53,-194,54,47,-2,2
-13,-274,-13,3,3,21
-30,-314,-45,15,-14,-17
-1,-252,9,16,-11,50
54,-225,41,-17,1,7
-28,-272,-19,7,-14,12
-52,-310,-28,-15,-8,1
27,-226,26,-25,10,-19
34,-226,48,7,-23,24
-8,-283,-32,-41,21,22
-27,-301,-55,19,-4,38
35,-239,26,-2,-17,27
31,-203,71,12,2,5
-19,-293,-43,24,-27,-11
-32,-285,-30,-32,4,10
39,-221,18,-17,-4,-5
40,-226,20,11,-10,-1
-32,-294,-51,20,25,23
-33,-284,-22,-4,-17,-24
52,-208,22,-1,2,-22
30,-239,36,-14,13,-7
-34,-268,-29,-32,-34,-21
-31,-266,-37,-20,-17,15
40,-204,47,1,-21,-18
27,-231,21,6,10,7
-51,-306,-47,7,36,15
-21,-290,-23,-5,-11,-29
51,-212,67,-15,-24,-12
24,-244,12,-8,-9,19
-53,-306,-65,4,-23,-9
-15,-275,6,-37,6,-19
46,-211,45,-13,-11,16
4,-236,15,7,2,-22
-45,-314,-44,-8,15,-2
-9,-258,-7,41,-9,7
46,-207,50,-8,-12,-15
6,-248,27,-1,39,-31
-37,-324,-71,15,-21,-10
-19,-263,-8,24,27,-34
57,-199,44,11,-13,8
9,-235,-0,6,8,-25
-41,-324,-40,5,-10,9
7,-224,27,-30,7,-17
37,-189,31,2,-42,-35
-19,-260,-15,21,26,-28
-52,-303,-61,-21,27,-10
5,-236,20,7,16,-6
52,-204,40,3,-4,4
-28,-285,-7,-34,1,0
-38,-297,-43,-9,14,-35
38,-234,25,28,-6,-7
49,-199,36,-10,25,-2
-2,-268,-23,24,33,-28
-36,-294,-39,21,-35,-32
39,-233,22,17,25,1
38,-213,24,-5,4,-57
-30,-292,-4,4,1,-5
-45,-282,-33,10,13,28
42,-228,54,-17,1,-1
27,-212,35,11,-17,-2
-34,-299,-34,15,-11,-25
-21,-294,-40,40,-7,-6
39,-205,43,-16,-28,3
18,-236,54,-48,7,-15
-37,-290,-53,21,-12,-6
-35,-286,-19,17,-19,-7
46,-202,53,-17,5,3
25,-234,34,20,7,-27
-22,-302,-40,-6,44,-22
-17,-281,-19,-26,-6,4
43,-211,53,3,-8,18
1,-247,12,25,11,5
-39,-297,-54,9,-3,-1
-7,-264,-14,3,-8,8
58,-212,54,-2,-21,9
15,-248,-5,18,-20,-12
-63,-315,-65,-11,9,5
0,-240,-14,1,27,-28
56,-194,53,-9,54,-44
-5,-275,0,-16,22,-11
-46,-298,-55,-23,18,-20
-14,-236,21,-16,-11,22
64,-200,53,2,35,-10
16,-259,1,15,30,-5
-66,-304,-47,-5,-8,-2
4,-239,15,-30,-32,9
67,-201,34,-15,-3,7
-36,-257,1,37,17,25
-55,-299,-57,-11,-6,-23
14,-247,5,-6,-2,-10
57,-215,47,4,14,9
-20,-272,-17,21,5,-19
-58,-298,-37,6,27,11
24,-230,18,17,29,-8
55,-217,42,21,-52,12
-36,-296,-31,3,5,1
-44,-309,-35,-18,18,-11
41,-221,18,38,-18,-40
28,-206,46,24,-18,7
-21,-281,-39,-8,-10,-46
-28,-297,-48,-4,3,14
36,-212,53,-7,-29,-14
33,-233,32,-12,34,-37
-37,-286,-16,-17,-14,24
-28,-286,-21,4,18,-11
44,-214,35,48,14,-23
24,-225,24,2,14,12
-45,-304,-37,-14,-8,-30
-20,-263,-27,-30,4,0
57,-186,35,8,13,-14
0,-238,19,43,-20,24
-39,-310,-66,7,2,17
-11,-268,4,-6,37,42
42,-223,50,-5,17,36
5,-257,12,-48,18,11
-67,-301,-36,28,-10,3
-14,-256,-25,13,22,12
58,-205,33,-23,-23,-3
13,-237,11,-35,-16,22
-47,-320,-65,7,5,12
2,-246,-18,21,14,-6
47,-205,52,-12,-34,6
-0,-254,22,24,-13,-12
-47,-320,-32,-25,-1,8
-2,-259,-3,-45,-13,10
27,-234,57,-6,-11,-40
5,-266,-0,-11,-30,21
-46,-295,-40,-22,21,30
18,-236,8,-3,5,21
45,-219,30,-31,11,31
-17,-253,-11,-29,-11,8
-38,-303,-51,-25,-2,-17
16,-241,22,-7,5,22
43,-208,30,1,-21,20
-14,-274,-38,-18,-1,-11
-37,-283,-38,18,6,-30
15,-231,12,13,-29,55
31,-203,67,-12,26,-15
-35,-280,-31,14,37,-0
-44,-304,-25,5,-7,-25
47,-220,39,-36,12,4
31,-218,50,-15,6,-10
-46,-294,-48,-41,14,3
-40,-292,-30,12,21,14
40,-205,24,-0,12,-6
8,-245,45,14,-23,20
-48,-283,-41,39,10,-23
-27,-279,-24,8,-18,-15
33,-210,49,-24,-13,6
17,-240,18,-30,2,-3
-45,-296,-48,-17,22,-19
-22,-268,-19,23,-33,2
42,-216,51,18,2,18
18,-237,13,7,-22,27
-55,-298,-67,-12,17,-27
-30,-270,-13,-3,-13,-2
40,-201,42,-9,-6,-8
12,-259,4,26,-25,-28
-45,-297,-60,20,2,2
-3,-249,-1,24,-7,-15
38,-211,55,-24,-31,-19
-15,-257,12,-10,0,-13
-50,-302,-53,46,-1,-13
6,-249,-7,10,-19,14
69,-199,56,26,-11,-16
-2,-259,-5,4,9,14
-50,-314,-48,19,24,8
14,-232,7,-12,11,-2
65,-210,50,-1,9,-47
-12,-258,-35,28,12,-7
-36,-298,-47,6,5,-18
11,-248,-8,23,-6,-17
27,-204,53,10,6,26
-27,-271,-28,14,-1,31
-50,-307,-36,-12,6,-39
27,-240,20,3,-5,10
65,-201,50,2,29,0
-32,-294,-30,6,28,-1
-37,-312,-41,7,-14,-10
41,-241,13,-8,-6,1
32,-216,37,-32,-16,3
-44,-285,-33,12,-19,-9
-29,-311,-50,20,-33,10
40,-218,53,4,2,-25
31,-210,24,-24,-49,43
-29,-303,-32,4,-9,-26
-31,-290,-33,3,-32,-17
55,-217,24,41,-14,-4
17,-224,22,-18,-6,-20
-37,-325,-38,41,5,-1
-24,-282,-25,41,-10,-1
44,-219,38,-11,21,6
12,-250,20,-23,-9,-19
-38,-301,-41,33,-5,12
-22,-288,-6,13,-3,-2
53,-209,28,25,-16,-2
14,-242,35,-19,14,-15
-56,-309,-47,-16,-26,20
-8,-262,-10,20,2,-27
42,-219,75,-17,-7,-11
32,-261,18,-8,1,-15
-62,-315,-45,-21,20,19
-9,-267,8,17,23,30
29,-201,62,-35,-5,13
-25,-227,-6,-20,-5,-21
-67,-314,-53,7,-23,-31
14,-252,2,40,13,22
52,-202,73,14,9,5
-1,-254,-16,-2,-29,22
-54,-309,-53,-25,50,35
-7,-230,20,10,20,6
48,-215,43,-11,-1,5
-42,-257,-13,-11,0,-18
-43,-312,-47,-3,-1,19
12,-237,25,16,-9,4
45,-212,37,-9,29,-14
-45,-258,-34,27,12,58
-30,-317,-38,-21,-43,11
29,-233,28,-5,-17,11
33,-199,37,-6,-24,-2
-36,-300,-33,15,6,11
-40,-294,-40,3,-9,23
34,-225,16,13,15,0
32,-213,33,17,-1,-10
-28,-290,-36,6,11,-13
-39,-287,-37,13,-12,-37
46,-205,45,26,2,10
26,-200,41,29,12,-11
-44,-296,-40,15,-24,16
-40,-290,-65,-28,41,-21
32,-204,56,-6,-1,28
23,-236,28,10,-1,-28
-64,-317,-46,12,4,-9
-19,-280,2,2,21,-7
58,-220,35,11,21,-23
25,-235,15,-38,44,-19
-63,-294,-51,13,-24,6
-20,-276,-29,-1,11,-26
48,-216,45,-2,24,8
1,-241,5,6,6,28
-63,-286,-56,10,13,17
-20,-248,-21,10,21,-10
53,-193,41,-14,-3,-40
11,-253,2,11,15,-0
-30,-293,-29,-10,-4,21
-7,-253,1,-17,-26,6
49,-205,55,9,13,-30
-7,-251,9,9,-13,7
-64,-318,-66,16,26,-4
15,-240,22,-12,-34,-23
44,-204,47,7,15,16
-17,-277,-14,-7,-31,10
-56,-296,-56,-5,-3,-13
27,-233,6,-23,-1,-5
44,-203,63,29,11,9
-12,-282,-25,-26,6,-1
-31,-295,-57,-50,9,-11
7,-231,21,-11,14,-22
49,-204,48,18,-11,-22
-21,-280,-28,6,32,-7
-44,-299,-30,25,-12,-10
47,-226,38,35,-5,3
32,-209,47,-3,-4,-34
-28,-275,-22,-6,8,19
-36,-298,-30,24,23,-3
35,-209,54,-47,3,2
45,-230,35,-16,20,4
-37,-280,-22,-12,14,-6
-24,-300,-36,-24,-39,-37
42,-215,51,29,18,-11
10,-226,40,-38,-14,-10
-20,-294,-41,-46,-29,-5
-29,-280,-48,-13,34,29
44,-193,60,10,-5,10
30,-227,18,11,1,-34
-57,-294,-46,28,-22,11
-17,-294,-8,4,-12,-3
60,-218,15,27,-12,-5
2,-239,9,48,-4,22
-47,-293,-41,-18,7,-14
-18,-285,-23,28,-20,-11
33,-220,55,15,0,8
22,-238,2,16,12,-10
-60,-296,-50,-11,-16,-13
15,-271,-15,-22,23,-10
51,-212,42,3,12,14
15,-244,-5,-16,37,16
-59,-323,-49,11,-0,-2
8,-260,23,-25,-15,-10
62,-209,51,-18,-24,16
-3,-257,0,-4,23,10
-39,-311,-49,-25,4,13
5,-250,26,-5,35,39
65,-206,69,27,0,35
-12,-265,-2,-8,17,12
-52,-322,-46,-3,-28,-12
9,-216,12,-1,15,-25
40,-205,55,7,19,8
2,-278,-18,-27,3,-22
-42,-316,-53,1,40,-16
18,-244,19,29,17,-1
49,-206,30,34,-13,-17
-14,-278,-23,19,-25,-5
-38,-289,-52,11,34,12
44,-217,34,-30,15,3
53,-230,20,23,-3,-23
-16,-304,-22,15,-6,-2
-49,-294,-24,-3,33,-9
52,-218,13,15,32,9
11,-221,32,-4,34,-6
-48,-297,-42,25,3,-9
-31,-301,-50,10,4,8
32,-221,46,-1,5,-7
16,-214,28,-7,-18,1
-34,-310,-41,-25,-15,-1
-28,-265,-29,1,17,9
51,-219,40,-32,24,16
31,-229,32,45,35,-12
-43,-290,-39,28,-15,38
-16,-270,-28,14,-14,-13
44,-200,50,-40,-2,-1
-7,-250,5,38,-42,9
-75,-307,-56,-8,1,-4
-7,-272,-1,26,-2,17
51,-203,47,-1,-23,14
-3,-265,11,-12,23,-18
-64,-303,-72,-5,23,8
1,-246,5,32,-24,7
59,-195,52,-24,5,-0
9,-254,1,13,24,5
-44,-302,-54,15,-1,25
24,-236,14,-27,10,-6
34,-211,46,-9,-31,-27
-10,-266,-1,10,-26,7
-47,-288,-45,28,-35,15
-11,-247,-6,-4,-38,-28
57,-226,43,2,20,2
-18,-271,-17,13,-7,-21
-16,-305,-71,13,1,10
26,-226,12,27,-15,1
35,-215,47,-23,-8,3
-35,-270,-21,-12,-8,10
-33,-305,-49,-5,-23,-43
22,-231,32,7,21,23
49,-216,38,-8,11,-15
-28,-281,-38,-42,-3,12
-38,-286,-35,-35,-13,16
12,-214,31,14,16,-6
48,-218,55,2,30,16
-27,-288,-18,-10,-5,-7
-53,-296,-43,-20,22,8
34,-205,36,-3,0,14
42,-231,33,6,-10,-25
-24,-299,-36,22,-2,-5
-33,-273,-40,-43,15,-9
71,-218,41,27,20,31
14,-226,30,-52,15,22
-40,-294,-52,13,-18,11
-11,-278,-38,-37,18,-21
49,-203,49,-37,19,5
11,-246,29,29,-0,-16
-47,-306,-63,-23,19,8
-11,-239,-11,2,-13,-38
49,-198,45,4,13,-34
18,-239,21,19,-2,10
-37,-315,-45,19,-19,-12
-12,-280,-7,-45,-5,10
42,-205,55,-9,-4,-3
-1,-254,-7,-5,-10,41
-54,-313,-50,-17,-25,4
-8,-240,-5,29,22,8
51,-191,56,1,-24,17
1,-266,15,-16,24,31
-48,-316,-29,19,-10,-21
9,-241,-10,-2,4,2
32,-210,47,-17,-7,-16
-7,-266,-11,-14,-29,-6
-42,-288,-50,20,13,2
17,-255,25,4,-2,9
62,-221,36,-1,-5,6
-20,-272,-13,28,-17,24
-42,-305,-42,-28,-26,16
20,-237,24,-21,-2,4
31,-207,49,-4,-32,31
-14,-275,-25,5,1,15
-45,-313,-29,21,45,9
21,-223,44,-21,24,18
44,-217,46,25,-29,17
-52,-286,-15,12,5,-20
-37,-312,-31,-35,-15,13
52,-228,42,12,-31,-10
36,-207,31,-4,-36,-16
-38,-285,-36,-20,-15,-24
-26,-280,-30,10,-1,-46
35,-220,48,-1,-10,12
27,-232,27,-12,14,20
-44,-314,-46,-27,17,1
-6,-288,-47,6,-3,-19
35,-213,43,-7,-7,-9
32,-230,29,16,-5,18
-51,-320,-45,42,13,46
-35,-269,-36,-13,-15,38
52,-216,47,-9,-0,18
17,-239,17,27,37,-14
-58,-289,-52,-1,8,-15
-9,-262,-18,-4,12,-18
49,-204,54,-21,-46,-13
19,-243,15,37,6,-20
-58,-297,-52,13,-7,-4
-36,-264,-17,-6,-19,-8
46,-206,56,-22,-3,-13
-14,-256,10,-3,-10,1
-50,-307,-37,-12,-8,9
-0,-256,-4,7,-2,3
54,-191,45,-35,-21,16
-27,-239,-12,-30,-0,16
-45,-305,-52,9,7,8
14,-243,8,-20,-9,40
55,-204,36,-10,8,37
-28,-271,-6,6,2,-0
-42,-310,-41,-22,-39,5
1,-238,8,2,-2,6
39,-217,44,-10,-29,10
-34,-272,1,2,6,-20
-59,-299,-32,38,-23,-5
37,-229,19,5,-42,-5
42,-215,31,-6,1,11
-22,-288,-13,-6,1,-7
-32,-311,-44,-1,21,0
28,-213,24,-5,-9,-13
41,-210,33,7,-8,-15
-25,-294,-21,-11,-8,-3
-28,-302,-37,11,-7,-27
23,-228,32,-12,-5,-5
47,-212,53,15,-11,-13
-33,-306,-31,-27,6,26
-50,-292,-30,15,-35,16
54,-228,57,19,-7,-22
26,-254,19,39,18,-6
-54,-299,-32,-34,10,10
-21,-278,-11,13,-25,-33
49,-218,51,-1,2,23
33,-244,26,-19,19,17
-39,-294,-55,-3,-51,-16
-25,-268,-1,-0,-38,-8
38,-202,56,34,14,28
15,-232,12,2,42,-14
-55,-284,-76,27,14,-18
-3,-266,2,1,-36,11
62,-200,42,-26,14,-32
7,-252,29,37,16,-6
-68,-288,-41,-19,12,14
-4,-261,-7,-12,-36,30
54,-215,57,44,-27,-21
-7,-273,-7,-39,13,1
-48,-305,-46,-16,-11,-9
-1,-238,-2,-15,-32,13
59,-197,44,14,-1,-1
-6,-264,-13,-22,-11,1
-47,-301,-44,10,-29,4
22,-239,1,17,-23,-15
52,-235,34,-9,-7,-13
-2,-261,-29,34,6,17
-49,-293,-45,-16,-49,-40
48,-245,20,-5,1,-19
69,-216,43,29,32,1
-14,-271,-25,21,44,9
-33,-292,-46,6,-14,37
21,-225,33,-35,4,-9
43,-216,31,-15,28,4
-24,-284,-29,12,-38,-11
-43,-294,-44,-9,3,10
27,-231,24,20,-10,31
19,-220,13,-4,7,7
-32,-290,-23,18,5,3
-30,-298,-37,44,-14,-46
44,-218,59,44,16,-8
18,-210,21,-13,-7,51
-44,-307,-47,-13,-13,19
-30,-303,-30,-30,36,-4
37,-225,44,24,0,-19
44,-224,10,-7,-23,-35
-33,-299,-45,22,-44,21
-16,-263,-16,-17,12,10
44,-212,41,36,-13,29
24,-218,10,9,-4,7
-45,-295,-44,12,21,18
-7,-274,-6,1,2,1
38,-211,59,7,38,-12
13,-249,-1,23,-14,-21
-69,-309,-50,4,10,-21
-1,-269,-27,23,1,-44
43,-208,60,30,6,-23
-2,-253,1,-20,-0,5
-23,-295,-38,-17,-11,-19
7,-261,-12,-12,3,-14
60,-208,43,11,25,-10
-3,-261,-3,29,15,-8
-52,-292,-28,-14,-9,14
8,-236,14,28,39,-20
68,-191,52,5,10,-38
-6,-263,9,25,-13,-12
-54,-310,-46,9,-13,1
14,-235,15,-12,18,10
40,-216,51,15,-33,2
-35,-281,-20,-13,-20,-5
-39,-304,-54,-30,8,5
19,-230,7,13,-8,11
21,-209,39,-10,11,14
-28,-287,-25,1,-13,-1
-48,-303,-44,-6,-2,16
30,-228,30,-10,-1,21
45,-227,39,-15,38,-13
-49,-284,-41,38,10,-7
-32,-297,-35,21,19,-8
32,-239,27,4,8,34
42,-223,27,47,9,-2
-49,-286,-19,53,9,7
-24,-280,-40,-4,9,12
36,-214,50,3,-14,15
42,-224,30,-3,1,-9
-43,-303,-57,-32,17,24
-18,-294,-19,-20,20,2
53,-211,43,19,-21,-9
14,-229,22,28,6,20
-44,-301,-63,-35,-16,-14
-21,-286,-15,10,17,22
50,-209,64,1,35,9
23,-237,23,3,18,-11
-66,-321,-43,17,-12,-10
-16,-264,-6,21,-4,-11
35,-209,54,20,11,-2
4,-238,3,3,-9,1
-49,-309,-32,-14,-29,-34
-6,-258,-14,22,-27,-11
61,-216,58,13,4,5
-8,-249,12,-30,2,5
-56,-324,-53,-2,-38,-21
20,-276,11,32,-6,11
60,-187,46,10,-9,27
-29,-258,-14,21,1,15
-23,-309,-54,3,-16,-11
10,-229,26,-12,40,18
34,-212,49,16,-22,8
-33,-272,-7,-23,-15,14
-49,-316,-37,11,5,26
-3,-235,15,16,-9,8
45,-205,51,2,19,-14
-34,-288,-12,29,-13,-10
-43,-299,-40,26,-0,-14
27,-229,20,5,-16,11
49,-217,49,-24,-3,3
-21,-262,-41,-9,6,30
-50,-294,-46,-22,-22,28
37,-217,42,20,-35,41
59,-239,23,23,-17,9
-25,-295,-31,36,-57,2
-7,-288,-21,5,-49,5
33,-230,26,-28,1,-22
22,-219,42,-2,5,9
-22,-302,-22,-9,12,28
-48,-301,-23,-3,6,-26
40,-220,28,15,-35,-11
34,-239,27,-6,-18,-8
-53,-275,-52,-11,35,-3
-30,-280,-38,-10,5,-27
29,-202,52,11,9,-14
15,-243,22,-5,5,-7
-36,-308,-45,12,-8,23
-6,-294,-13,-25,-8,-2
41,-207,35,-47,-18,21
0,-231,11,38,-10,-12
-53,-299,-58,7,4,7
-8,-276,-15,19,19,12
38,-185,39,-11,-21,18
0,-245,21,6,10,15
-58,-308,-34,9,-22,9
8,-262,11,14,-2,-15
73,-209,54,-18,-13,22
4,-261,6,-12,-8,-17
-50,-288,-39,5,-28,-2
-4,-243,27,-14,-13,-9
48,-201,51,-10,-15,-7
-3,-258,-19,-30,-30,45
-69,-301,-40,-25,14,5
18,-228,30,-8,-10,-11
41,-204,60,9,7,-22
-11,-276,-12,1,4,-12
-41,-300,-47,29,-13,-20
36,-251,40,-1,3,-35
42,-206,45,16,-15,1
-38,-286,-32,-44,10,-4
-49,-302,-43,-2,-10,5
1,-227,30,-8,-9,-9
54,-211,22,16,13,-31
-43,-293,-31,-17,44,21
-34,-301,-33,22,25,9
24,-224,33,-31,10,-43
31,-207,29,36,-33,54
-21,-294,-59,6,-8,-3
-31,-291,-33,25,20,4
34,-214,40,-4,-15,-10
26,-233,24,10,-8,-13
-30,-291,-26,28,26,18
-26,-290,-25,-11,8,-9
62,-216,30,8,22,9
14,-249,15,-31,-14,-26
-39,-291,-36,-15,-10,-27
4,-285,-28,-17,6,-12
53,-200,43,19,22,16
11,-246,13,19,4,13
-40,-302,-39,-9,-5,-19
-19,-251,-25,30,-16,-22
48,-214,46,15,27,-23
20,-255,26,9,-9,5
-56,-303,-54,-8,-22,-8
4,-277,-9,12,10,-12
32,-210,42,-37,-33,18
-1,-241,8,-21,-10,4
-45,-314,-35,6,5,4
3,-248,-6,4,-2,-39
57,-198,80,47,35,-7
-5,-248,-3,14,-22,-10
-55,-314,-41,4,-38,22
3,-247,-1,-13,23,-17
57,-202,36,-11,42,7
-11,-275,1,18,2,62
-43,-302,-48,26,18,-43
13,-255,6,7,23,-11
36,-209,49,16,8,-4
3,-278,-7,20,-6,-19
-34,-328,-45,-14,16,-9
23,-265,25,16,-22,-2
36,-219,41,9,-7,-11
-27,-286,-46,-5,35,39
-39,-299,-59,-17,-6,13
34,-220,32,-13,1,-8
52,-229,35,-27,30,-12
-38,-284,-20,5,-16,16
-33,-285,-40,-28,-20,24
31,-222,36,-21,25,19
44,-225,34,-32,-14,-14
-37,-275,-33,-2,9,31
-31,-274,-18,27,25,-6
46,-203,42,19,14,-16
35,-234,27,6,19,-4
-51,-279,-18,-30,12,-4
-30,-281,-34,0,48,18
29,-200,43,28,13,-6
32,-234,20,2,7,23
-40,-313,-42,-22,-12,-17
-28,-268,-25,-17,-17,16
49,-211,51,8,21,-6
25,-232,-7,47,11,3
-61,-317,-42,49,20,2
-20,-273,-2,15,3,1
40,-202,43,11,14,14
8,-249,-4,-8,-27,6
-53,-300,-58,-15,15,-19
-8,-262,-17,5,-44,-21
59,-195,47,38,-51,19
16,-267,3,-14,5,-41
-61,-318,-26,17,10,20
-5,-246,12,29,-8,-16
53,-223,48,-9,14,-30
-12,-254,-20,-6,22,-17
-49,-302,-34,32,6,16
11,-230,10,4,25,-39
51,-215,47,-10,10,-27
-9,-273,-9,-26,-13,38
-45,-304,-61,-14,17,9
10,-241,23,-6,-4,-0
41,-212,46,21,2,-27
-15,-265,-21,1,-29,-3
-50,-287,-53,6,40,-9
42,-247,38,55,-29,6
21,-219,45,14,0,-4
-30,-299,-33,12,1,45
-43,-311,-54,14,-16,6
38,-227,44,-28,44,-17
51,-229,39,-13,2,-29
-50,-285,-51,1,-3,6
-25,-290,-50,-16,-27,-18
19,-221,31,-25,-7,16
26,-226,51,5,-28,4
-59,-293,-39,-32,18,14
-21,-302,-28,16,33,53
47,-227,30,-1,24,15
28,-221,14,-30,27,-2
-50,-290,-40,-19,34,-11
-32,-275,-31,-11,-17,-9
67,-209,24,-17,-45,11
15,-222,24,16,17,-18
-39,-301,-39,-18,-21,8
-27,-273,-19,10,12,-2
53,-207,48,16,-9,24
22,-263,14,-20,22,-17
-56,-297,-29,-14,10,-8
-22,-246,-5,-35,23,1
59,-216,54,10,-22,5
-5,-242,8,5,11,-14
-44,-321,-63,-9,-27,-20
5,-255,-1,13,5,-9
51,-214,59,-3,14,23
-19,-247,-8,-13,-22,-0
-52,-306,-51,-5,-8,32
-4,-251,10,-7,-27,30
37,-198,45,-25,-8,-24
-3,-271,-5,36,41,37
-65,-310,-52,-19,-27,-3
14,-248,13,-14,19,-16
62,-208,49,18,-14,-0
-15,-282,-1,22,21,25
-50,-301,-50,4,-17,-2
26,-252,22,22,27,-6
68,-201,19,18,27,54
-19,-292,-15,-6,9,6
-57,-291,-23,3,-45,-17
46,-236,27,29,-38,-30
35,-219,44,-18,6,-5
-21,-280,-29,20,-6,3
-39,-300,-38,2,-0,37
34,-224,32,-2,-6,23
26,-214,35,-0,7,-15
-46,-304,-36,11,-15,-19
-24,-287,-29,17,-32,29
50,-230,31,-22,-5,45
35,-211,22,-33,-16,13
-52,-286,-19,-0,23,37
-14,-290,-36,-37,10,-4
56,-216,50,-22,13,9
15,-228,16,-23,-15,-28
-54,-305,-54,14,10,24
-33,-270,-20,23,-2,14
38,-205,43,-22,-24,-13
3,-223,28,-17,25,-9
-60,-305,-59,-4,-16,21
-23,-254,-20,40,16,11
75,-203,24,6,15,29
13,-242,7,14,20,-47
-58,-312,-39,-3,17,-14
-21,-240,-8,-0,37,-33
62,-204,46,28,-0,-8
3,-272,-4,15,7,-5
-53,-292,-46,-6,-6,-23
-9,-257,14,-7,17,-13
43,-209,47,-18,-1,-7
-14,-256,-3,5,-7,43
-53,-324,-43,9,24,-15
-11,-251,9,-3,-20,-0
33,-193,58,-53,3,-6
-30,-253,-15,5,3,-1
-53,-294,-43,-9,-2,-14
5,-260,12,-26,-19,-16
30,-203,56,-19,4,31
-22,-278,-17,-35,25,-16
-52,-319,-47,-25,-9,-15
18,-225,7,-3,4,-26
52,-203,31,0,-10,3
-29,-279,-7,16,39,36
-34,-321,-43,17,-1,5
-1,-224,22,10,16,-35
43,-222,41,12,12,7
-18,-277,-27,-19,-3,24
-35,-289,-48,-29,-43,-6
19,-249,37,-10,-16,-19
35,-235,45,3,-12,4
-42,-289,-33,-17,-12,-19
-32,-287,-20,-30,0,37
33,-224,39,12,9,18
23,-226,21,-30,12,7
-37,-274,-35,12,5,-16
-34,-286,-42,17,-5,-3
52,-195,56,-8,17,-26
24,-220,40,19,32,33
-45,-313,-62,3,19,-17
-20,-286,-2,7,-3,-13
47,-210,40,14,-8,-21
6,-245,11,-3,1,-12
-60,-306,-38,12,-6,3
7,-259,0,-17,2,10
36,-228,60,-25,2,42
21,-240,14,19,17,39
-33,-307,-45,11,28,-1
-4,-256,7,-11,49,-34
58,-200,49,1,-15,4
-3,-260,9,17,33,-12
-57,-295,-42,7,39,16
-0,-250,3,-33,-16,-3
53,-230,47,9,22,-22
6,-268,-14,-8,-4,35
-61,-313,-44,-12,-6,9
1,-246,-0,-11,-31,-24
35,-218,38,-5,31,2
-20,-286,-31,-13,-2,-18
-39,-310,-45,23,-18,38
23,-245,24,-24,18,-19
47,-218,58,7,15,-5
-27,-265,-11,11,-8,20
-47,-303,-51,-12,7,-18
23,-217,-1,-10,41,-2
33,-222,47,18,-1,8
-19,-299,-23,23,6,-6
-36,-297,-45,13,11,-12
50,-234,47,6,50,-33
41,-233,23,-17,-9,8
-26,-280,-22,32,-6,-35
-20,-284,-34,-13,-12,9
26,-232,41,-2,-6,37
41,-229,33,-18,22,-28
-39,-311,-58,3,-24,20
-17,-290,-44,9,-17,6
40,-208,42,19,-39,35
40,-230,25,5,-17,17
-57,-311,-31,-16,6,16
-15,-260,-15,7,-15,-47
45,-202,44,7,-15,20
29,-228,6,7,28,-17
-60,-291,-57,-28,-7,1
-12,-268,-37,-0,0,1
32,-191,45,25,-27,-2
20,-245,16,26,10,-6
-42,-292,-60,8,-14,-4
-15,-251,-22,23,-25,-35
55,-185,42,-4,-23,-12
-8,-236,29,27,40,-15
-42,-294,-24,-28,8,9
-0,-251,-21,12,26,36
62,-205,45,-30,-5,-11
-16,-254,-6,-9,4,-29
-39,-290,-41,-2,18,-4
18,-234,26,-5,-19,-30
66,-224,43,-16,-27,36
-13,-278,2,3,8,12
-74,-301,-39,-4,14,-8
32,-249,17,-12,-13,9
45,-204,61,-15,18,17
-25,-275,-10,-30,24,-3
-66,-293,-75,21,-11,19
9,-228,28,-13,43,7
39,-222,38,-0,-37,-14
-31,-286,-41,7,-17,-14
-36,-288,-36,9,-31,20
16,-208,26,-14,-3,3
47,-211,39,-18,40,-18
-35,-303,-7,29,8,10
-32,-302,-43,34,2,-2
29,-242,34,0,-17,11
46,-213,40,-3,-52,20
-36,-285,-19,3,25,-9
-36,-303,-21,29,25,7
37,-232,29,-55,24,26
27,-225,16,-6,-14,-6
-52,-296,-34,11,30,-17
-13,-278,-28,-6,5,-15
44,-209,41,-28,-12,-4
19,-222,21,-18,-3,-4
-55,-313,-51,-6,7,-7
-22,-280,-25,-18,9,-1
38,-194,43,18,-10,-59
11,-237,12,-60,13,-23
-50,-311,-48,-20,-9,22
-7,-268,-23,-15,14,5
60,-213,48,19,6,-18
-12,-253,10,-23,-30,-36
-61,-303,-50,22,-12,4
-4,-268,0,-16,-7,-5
56,-221,18,-14,-13,-14
-2,-246,28,3,-45,-5
-37,-288,-28,-1,23,-25
-1,-259,14,31,-35,1
57,-193,48,-9,-3,-11
8,-262,-0,-4,8,-7
-49,-300,-44,18,5,-40
2,-263,16,5,-16,4
54,-198,43,-13,6,7
-9,-260,-24,18,-9,-14
-41,-321,-76,1,14,-37
9,-239,10,5,-10,15
55,-181,42,1,-15,-25
-32,-267,-24,28,-20,8
-54,-305,-34,9,13,-15
5,-228,25,-13,-1,12
39,-213,43,-35,14,-32
-30,-273,-23,-8,9,43
-48,-283,-44,33,-21,-24
33,-228,29,3,-5,21
28,-218,26,5,-16,-17
-29,-285,-34,-19,6,2
-38,-296,-26,3,-27,-15
42,-205,38,28,4,-20
37,-219,14,24,9,5
-44,-283,-32,9,1,-17
-16,-297,-17,-3,4,15
35,-221,44,5,22,11
22,-226,37,-23,2,-12
-38,-294,-41,13,19,-8
-25,-287,-19,-6,16,14
47,-218,50,15,-3,-26
21,-223,32,-5,51,-29
-48,-308,-49,-11,-16,16
-20,-275,-24,20,2,-19
41,-222,49,7,7,6
29,-246,15,17,18,-1
-66,-295,-56,21,23,-29
-16,-275,7,1,41,-0
46,-203,40,-18,-7,13
21,-241,28,24,18,-13
-52,-314,-53,-11,-36,-26
2,-267,-10,-3,7,-27
33,-203,57,4,-41,-6
-6,-237,1,-2,-43,3
-61,-319,-49,21,1,-53
-5,-239,-0,11,7,0
68,-216,40,29,-30,-35
-10,-269,6,-20,17,-15
-44,-307,-43,16,35,1
14,-256,5,11,37,-26
45,-219,50,-9,-10,-24
-10,-273,-27,12,-22,14
-55,-308,-64,21,18,25
28,-228,13,19,25,-14
51,-218,46,74,7,1
-42,-284,-15,-20,-10,19
-51,-316,-25,-30,8,14
19,-229,34,-22,-3,-30
58,-204,48,26,-5,25
-31,-268,-38,-17,9,4
-37,-302,-43,-34,9,-4
17,-220,29,-19,-24,8
21,-215,32,-14,4,32
-10,-293,-32,-21,8,24
-23,-285,-37,-25,26,28
19,-223,49,-18,-15,-2
40,-210,30,-6,9,13
-48,-298,-38,-11,-15,-14
-48,-293,-35,-28,12,-32
43,-216,37,-48,9,-1
37,-231,32,-21,-15,2
-40,-317,-49,-0,-34,13
-13,-276,-11,-11,1,-16
44,-209,43,-4,14,-35
37,-232,31,-7,-28,9
-41,-304,-59,-15,12,-3
-42,-261,-37,-39,22,-22
43,-214,39,-9,4,20
6,-241,-0,20,-3,5
-51,-303,-59,-3,9,-29
2,-267,-3,-22,7,-10
34,-195,41,35,-1,-8
-5,-255,-2,-3,15,-40
-33,-299,-76,-27,-5,-7
-10,-272,-5,10,5,-8
53,-193,34,-0,-2,14
-13,-270,-13,-18,-2,-23
-49,-319,-54,-13,-11,7
6,-264,10,16,8,29
56,-208,53,-10,6,7
-14,-276,-9,2,-3,5
-45,-323,-52,2,-28,-16
13,-243,19,-4,-12,6
56,-196,59,19,-19,-4
-18,-275,-18,22,5,-9
-59,-299,-33,-24,30,12
-3,-235,17,14,15,38
29,-199,46,4,10,-17
-32,-284,-24,-49,-79,9
-42,-282,-51,15,-8,7
35,-224,35,-2,29,27
39,-224,44,2,-16,4
-41,-286,-27,28,-28,38
-48,-295,-49,17,-1,-45
41,-231,43,-2,6,18
26,-231,40,-7,-23,17
-38,-274,-38,-8,19,-6
-39,-295,-32,-9,5,-24
31,-225,51,8,-27,32
4,-223,28,22,6,23
-48,-281,-40,2,7,2
-21,-274,-29,-12,-7,12
48,-216,28,0,-21,18
32,-240,15,15,-14,-4
-42,-294,-38,-40,-14,-29
-18,-269,-46,9,24,0
42,-200,49,13,-13,-13
1,-261,12,12,18,-13
-56,-310,-38,-13,51,14
-7,-267,-22,24,-9,11
47,-198,49,40,14,-21
31,-251,13,15,10,2
-37,-315,-57,-22,30,2
-10,-248,8,-12,-8,-12
39,-220,38,4,0,-22
8,-261,12,-33,-42,5
-54,-307,-37,5,16,7
9,-264,-1,-2,9,-20
27,-192,46,-5,24,7
11,-262,12,-8,-36,-27
-44,-310,-46,5,-35,5
-9,-260,-0,-11,-10,-21
63,-208,44,19,-19,-16
-17,-284,3,-17,12,14
-51,-306,-36,9,22,-12
16,-234,2,14,-7,22
47,-201,58,-2,-32,2
-27,-268,-13,18,23,7
-43,-303,-52,-7,40,-18
20,-255,16,-4,7,22
53,-216,46,5,37,-21
-19,-289,-36,4,14,18
-52,-290,-49,4,-1,7
19,-221,30,46,-4,18
36,-221,46,31,-16,-26
-24,-292,-34,-27,13,-6
-39,-294,-35,-18,5,27
27,-216,39,9,27,5
55,-226,45,-38,-1,-28
-29,-272,-33,8,8,34
-43,-287,-44,27,5,-17
30,-211,35,8,16,10
15,-233,33,18,52,8
-40,-294,-53,-6,36,-4
-5,-290,-43,-0,11,-20
41,-219,54,-3,-6,-0
19,-233,50,-27,2,-12
-59,-304,-55,24,-12,-15
-32,-269,-27,-3,-3,-3
38,-191,33,4,-4,-2
15,-227,29,30,1,-14
-49,-310,-34,-35,-27,-13
-15,-261,-14,20,-0,-4
40,-203,51,4,-6,24
-3,-264,14,-29,8,-22
-60,-310,-43,7,4,32
-24,-274,6,35,3,-43
43,-237,62,-12,82,3
-11,-252,0,-6,-13,-1
-55,-313,-58,-31,-3,6
15,-250,2,-12,-22,20
47,-215,58,23,15,14
-22,-257,7,52,-38,-4
-47,-297,-44,-15,17,-4
9,-242,-6,-7,-21,8
40,-221,50,1,-10,-15
-20,-273,-27,33,0,-20
-52,-317,-37,20,-11,-33
15,-223,27,-23,-10,1
55,-203,56,25,-18,34
-11,-273,-25,-16,-22,-21
-56,-304,-47,4,-10,34
22,-239,24,13,-27,65
38,-223,52,-16,3,-17
-21,-305,-25,-8,1,0
-48,-307,-51,-31,-30,38
26,-221,44,-10,9,-37
41,-215,26,17,-5,-29
-37,-294,-36,19,-10,-0
-26,-291,-29,-33,2,5
52,-207,60,-22,1,23
25,-219,33,-8,-8,-22
-68,-298,-29,6,-3,-2
-19,-264,-29,-8,-12,-9
26,-224,22,-11,-9,-9
29,-248,28,1,10,-8
-37,-294,-59,0,-30,13
-19,-278,-15,7,-27,-4
41,-212,64,-5,-14,30
23,-246,21,-41,-2,28
-48,-311,-42,13,-27,32
-8,-254,-6,8,-28,-23
44,-205,29,-18,-18,-1
-1,-239,4,-20,-25,-1
-41,-290,-40,-21,-17,-21
-10,-263,1,14,8,-10
37,-198,44,-2,-1,-21
9,-264,8,-29,30,32
-61,-305,-65,4,7,23
13,-248,-14,22,8,42
55,-224,50,6,23,-1
8,-260,-8,29,-7,-22
-39,-292,-50,-1,16,19
7,-237,-7,-3,8,29
50,-209,57,26,-27,11
2,-249,1,-14,26,-2
-47,-315,-58,-18,24,2
20,-252,-1,22,22,-2
52,-207,53,-5,-21,-19
-21,-258,-14,9,23,-6
-37,-311,-44,-26,5,-2
15,-239,29,47,12,18
53,-231,43,5,28,38
-23,-276,-31,20,13,13
-38,-287,-38,2,-0,-9
23,-220,26,-25,-5,46
42,-223,36,-7,10,22
-26,-310,-21,22,12,10
-49,-285,-35,-9,-5,-24
18,-223,36,37,-20,16
23,-215,39,-1,23,19
-45,-289,-57,1,17,12
-39,-303,-24,61,-35,-7
20,-216,32,4,6,-6
30,-246,51,-4,10,-5
-31,-307,-38,12,11,-4
-39,-284,-38,-3,20,1
38,-236,51,-12,22,15
18,-232,23,-23,4,21
-54,-295,-54,37,10,10
-10,-278,-26,-25,40,40
48,-203,57,-12,-29,34
38,-252,0,14,17,-1
-55,-280,-45,1,-14,1
-37,-288,-7,1,13,7
43,-218,52,8,-17,-36
36,-226,19,17,-5,10
-35,-297,-44,-12,45,1
2,-237,6,1,-4,8
58,-222,36,-6,-11,-12
1,-254,-2,31,4,10
-65,-308,-55,42,0,12
11,-250,24,22,14,-25
28,-207,53,32,18,-20
-18,-246,11,19,-21,12
-46,-308,-39,-36,-10,-25
8,-254,29,6,-43,-13
56,-207,49,-1,-25,30
-13,-264,-1,16,9,-3
-72,-314,-44,-32,-15,4
28,-233,15,20,-12,26
34,-205,49,22,22,7
-15,-285,-20,16,8,26
-60,-297,-59,4,19,-3
20,-252,29,5,21,42
37,-189,40,3,6,-12
-23,-311,-27,-20,11,-19
-47,-299,-54,-10,2,4
24,-232,30,-6,24,-8
37,-231,45,-7,-1,4
-25,-280,-30,-10,16,9
-50,-300,-50,-26,-26,-9
40,-222,41,8,-10,-12
35,-205,26,-27,17,12
-46,-287,-28,2,-21,-7
-14,-303,-39,-36,20,7
53,-221,50,29,-20,-12
24,-220,21,36,-8,-14
-35,-302,-51,-7,8,6
-28,-282,-30,-10,-2,-16
51,-212,37,-10,5,-2
27,-231,23,9,5,7
-46,-289,-51,27,22,-15
-4,-267,-12,20,23,12
61,-204,36,46,-1,2
30,-239,15,1,-25,17
-40,-307,-60,15,11,28
-12,-256,0,8,-7,-22
57,-214,52,-13,13,1
8,-259,14,12,3,8
-53,-319,-75,-24,9,2
15,-252,-2,2,-31,14
46,-201,62,-39,-20,6
11,-251,4,16,1,1
-50,-300,-66,33,35,21
2,-259,11,-5,-27,-33
64,-210,43,-28,-30,13
-0,-265,-8,-11,-5,-0
-46,-321,-46,16,22,42
17,-242,4,12,33,-3
25,-204,74,-6,-8,4
-23,-254,-21,-2,-27,30
-57,-302,-39,-35,-42,30
37,-242,30,-2,-16,-9
37,-203,42,-7,-3,14
-31,-289,-18,15,-21,16
-41,-300,-37,-25,-3,-7
48,-235,38,-11,-31,37
44,-212,42,22,-33,52
-20,-280,-27,-13,17,6
-33,-293,-30,-3,-24,-7
18,-227,18,-27,4,19
43,-207,28,9,3,6
-28,-285,-30,17,-11,21
-45,-285,-50,-1,-11,54
36,-213,34,-21,3,-27
20,-234,46,-23,1,-25
-37,-305,-35,-4,6,-14
-31,-290,-50,4,-27,-8
42,-222,40,-4,13,3
22,-224,9,-30,-12,13
-43,-300,-52,-18,15,-13
-15,-267,-24,8,-20,10
43,-217,40,-6,-19,14
30,-239,-7,10,19,-20
-27,-300,-50,-10,-48,-8
-14,-254,-1,-22,-38,-17
48,-208,32,-6,18,-22
-7,-239,2,-29,18,-34
-53,-311,-37,10,2,-1
-15,-258,-4,4,-37,-8
46,-205,52,20,14,35
13,-258,11,4,-33,20
-52,-309,-49,22,-33,-8
1,-261,9,0,-4,-9
47,-197,50,-7,-22,45
9,-258,9,-1,-14,-1
-56,-302,-52,-34,-24,-5
-0,-241,13,-19,-3,18
47,-222,45,-4,-4,17
-11,-261,-4,2,33,-21
-34,-302,-34,-6,-37,-23
22,-240,17,-4,9,10
38,-214,39,-11,-27,-1
-9,-275,-27,29,-13,29
-42,-308,-50,16,20,3
11,-228,35,-40,10,-5
46,-208,29,-13,5,17
-40,-284,-41,-27,-28,18
-50,-287,-60,41,-20,-4
25,-249,31,7,-32,-19
25,-204,60,12,-2,-13
-34,-277,-21,26,36,18
-44,-298,-46,24,36,-7
37,-219,26,28,27,2
48,-216,54,6,23,-16
-34,-299,-64,37,-22,8
-39,-287,-37,-20,-2,-19
69,-196,31,-12,-5,1
27,-227,40,15,26,-10
-36,-309,-37,18,3,10
-27,-274,-19,-0,-27,-2
59,-215,23,-21,7,-3
27,-219,10,-3,-18,24
-37,-304,-36,-12,16,7
-29,-258,1,24,-13,-13
45,-204,74,13,-12,-22
31,-237,7,-16,28,24
-53,-299,-35,-31,4,-7
-20,-266,2,5,17,23
40,-220,51,18,11,3
4,-236,17,13,19,35
-48,-297,-66,-51,16,25
-16,-261,-1,2,-31,3
45,-208,54,-1,-40,-10
15,-252,-27,0,-4,-29
-58,-307,-45,7,4,19
8,-269,-1,11,-5,-30
56,-203,52,49,-7,-1
-1,-275,14,-17,3,29
-32,-308,-56,29,15,20
22,-217,17,-17,25,-8
61,-195,47,8,1,-1
-21,-266,-34,-16,13,35
-51,-308,-39,9,14,-1
22,-238,13,10,21,20
49,-199,45,-11,26,32
-17,-274,2,18,-27,-8
-53,-316,-48,-8,-19,44
18,-229,31,-3,-2,-10
42,-204,54,-24,-10,5
-23,-283,-22,-4,2,14
-45,-303,-33,23,-31,51
31,-237,39,-11,27,22
48,-239,33,-14,14,-19
-34,-286,-49,-5,15,-16
-45,-300,-22,-70,6,-28
26,-228,38,7,0,4
22,-211,40,20,-6,-7
-46,-279,-14,5,-8,-1
-28,-281,-36,-7,6,-1
27,-218,52,3,3,0
38,-234,35,-19,19,3
-47,-315,-37,-36,28,-47
-26,-295,-25,13,-7,4
31,-209,52,24,3,-4
22,-246,18,-31,-19,-5
-67,-305,-36,28,21,-18
-24,-286,-8,6,22,3
41,-212,50,13,-10,37
8,-245,30,5,-9,-18
-45,-303,-30,16,28,-14
-8,-252,-7,7,-17,-23
34,-209,41,13,13,5
17,-244,5,3,5,-5
-51,-310,-42,-23,-33,10
-7,-249,-1,-5,-5,-11
46,-214,50,-12,-1,15
2,-249,-14,0,-17,24
-52,-307,-54,1,-9,-11
23,-234,3,-25,-11,1
50,-214,43,17,-25,-19
-6,-265,4,-2,-25,-22
-35,-290,-53,-5,13,32
15,-233,15,26,-6,-24
57,-211,36,12,-5,-2
-26,-261,-24,-4,-14,14
-77,-295,-42,18,2,-16
0,-228,19,9,38,-8
51,-204,41,9,-22,-29
-26,-260,-21,27,-20,3
-47,-281,-36,20,-17,10
26,-228,27,6,31,-35
36,-204,54,-2,-13,-19
-22,-307,-23,-13,11,19
-57,-299,-33,-42,-10,5
27,-225,18,34,4,12
35,-228,30,-9,4,37
-45,-267,-28,-8,-31,-21
-42,-276,-41,26,7,-6
30,-214,44,-11,8,13
52,-212,29,13,-20,-3
-43,-310,-27,-21,7,25
-26,-293,-26,-31,14,-31
45,-209,57,-7,-39,31
9,-236,32,34,-10,28
-56,-312,-45,32,-10,26
-28,-283,-27,8,23,6
46,-211,36,-8,-12,-15
17,-234,12,-20,3,17
-37,-302,-29,-38,24,6
-5,-256,-10,-22,18,20
66,-220,46,29,5,-15
19,-243,13,-4,22,2
-44,-310,-39,-16,-8,-20
-28,-266,0,18,-4,24
52,-205,61,13,-38,-16
6,-234,3,-1,15,11
-52,-306,-36,8,33,-26
-3,-253,-4,-4,-3,-14
53,-205,67,3,15,-16
10,-266,-12,-9,-22,-2
-36,-316,-53,28,-24,3
17,-251,6,19,-5,5
58,-218,37,-5,30,7
-6,-279,-6,-9,-9,-7
-40,-289,-43,3,-28,10
10,-227,22,10,9,-22
38,-212,44,-10,-22,-10
-21,-287,-33,-30,-7,-4
-47,-332,-42,29,-1,-4
27,-239,15,-38,25,7
24,-225,23,9,14,-3
-13,-262,-23,23,31,3
-20,-301,-40,-11,3,-22
40,-214,17,-11,-27,11
54,-218,39,-17,63,29
-52,-295,-29,-24,-2,-12
-27,-303,-31,19,-3,-35
13,-223,38,0,39,5
33,-217,31,-2,-46,16
-33,-307,-34,10,-24,49
-32,-278,-36,19,-28,15
30,-226,58,-20,-31,19
8,-228,10,21,-4,-19
-49,-305,-25,16,6,-29
-26,-285,-37,32,-13,3
69,-206,36,-7,-29,-12
16,-226,19,9,7,21
-41,-306,-50,-16,7,14
-25,-275,-3,41,-13,1
34,-214,51,35,15,5
25,-246,3,17,17,-20
-45,-303,-42,22,29,-22
-1,-264,-9,-18,-1,-20
54,-215,27,-34,-23,-32
2,-258,20,-22,-8,4
-56,-291,-39,6,3,32
1,-258,6,-26,-10,26
39,-206,62,-0,17,2
8,-269,-11,-15,-17,14
-71,-312,-59,-12,24,5
-4,-246,-2,43,6,45
63,-206,47,-6,6,4
-24,-276,-6,-16,21,13
-56,-306,-49,10,-2,-19
9,-251,-2,-2,-6,-19
51,-208,61,-35,6,4
-23,-249,-14,-10,-11,-22
-58,-304,-59,-37,-12,18
22,-237,21,-14,-21,12
44,-207,44,-12,9,8
-30,-303,8,-14,14,42
-39,-314,-43,-11,-15,20
22,-249,30,35,-4,-20
39,-207,48,-21,-4,10
-45,-259,-8,22,-10,12
-59,-279,-36,-18,71,37
39,-219,19,-24,15,-19
49,-225,43,40,-11,10
-33,-288,-22,-17,-20,37
-25,-293,-40,2,29,-13
25,-221,46,-30,39,4
40,-245,33,22,17,10
-55,-282,-29,48,-22,16
-35,-288,-41,16,-33,-5
21,-224,36,-21,40,-9
23,-232,41,19,-14,-8
-42,-316,-40,-15,10,35
-37,-280,-43,13,12,17
49,-222,37,-44,-3,42
13,-235,41,21,-7,36
-31,-297,-59,18,19,-22
1,-271,-10,13,15,-7
44,-207,53,-11,9,-6
20,-258,-1,-4,22,8
-44,-306,-40,64,-3,-32
-17,-258,6,-8,9,-4
62,-210,59,19,-14,-9
-2,-245,12,-12,38,0
-46,-318,-58,-30,-9,-5
-12,-268,-8,-6,-2,10
70,-218,53,20,2,13
-30,-257,-4,12,41,-4
-56,-280,-58,2,-8,-19
4,-261,21,17,6,16
62,-189,57,4,16,26
-7,-264,1,-32,-15,4
-61,-308,-46,12,24,-21
1,-224,9,-16,-12,-22
35,-200,52,16,-21,-23
-23,-275,-11,22,-5,-15
-35,-300,-48,-11,15,29
11,-218,16,10,42,6
40,-217,47,-15,-1,6
-19,-283,-13,7,-18,-6
-61,-302,-37,9,4,11
37,-227,29,11,15,2
42,-215,46,-20,-9,32
-26,-280,-38,7,-46,4
-36,-273,-44,-0,2,-6
33,-216,59,-16,-25,-11
33,-202,49,-34,2,-10
-32,-283,-24,-12,-48,-33
-8,-269,-56,-27,29,-7
25,-213,17,-47,4,-1
37,-232,30,-24,7,32
-32,-286,-48,7,-5,46
-18,-298,-39,10,13,46
39,-207,39,3,20,-10
7,-219,9,1,-14,0
-44,-315,-33,10,-9,-25
-29,-282,-22,-21,23,-13
60,-217,41,26,-3,33
19,-254,-1,-2,5,-11
-50,-292,-49,-11,20,19
-19,-267,3,-7,-9,13
56,-198,58,-11,-22,12
15,-251,23,6,-29,-20
-32,-300,-29,0,-2,19
-1,-258,-24,-1,-2,-31
64,-207,34,16,1,-15
22,-281,6,-2,8,-31
-49,-324,-44,28,31,0
-9,-268,-7,-25,9,-7
50,-214,44,-25,4,-28
0,-259,1,14,-9,9
-50,-321,-48,-10,-31,25
-0,-242,10,-32,-18,26
58,-205,33,-0,-7,-27
3,-260,-9,10,4,11
-37,-308,-35,2,22,11
26,-257,23,-13,-9,36
33,-208,35,-3,-9,-4
-6,-272,-10,-6,7,-7
-48,-295,-40,28,9,15
36,-227,2,-29,-22,7
26,-232,30,-21,16,-13
-26,-284,-40,5,-1,22
-60,-294,-52,13,10,-14
12,-233,16,-24,33,-6
33,-203,34,23,18,12
-29,-293,-50,-43,11,27
-35,-293,-40,24,5,-14
39,-204,35,5,15,-2
36,-224,60,-8,5,4
-46,-288,-32,13,-0,26
-16,-286,-14,6,20,14
40,-216,27,13,-8,-7
39,-240,18,1,-4,29
-41,-298,-26,25,-3,-11
-31,-290,-23,-0,5,-9
58,-210,65,-2,-9,-24
17,-233,16,2,32,-23
-49,-305,-64,16,-22,-37
-14,-270,-25,12,-2,-12
38,-223,54,13,-9,-14
8,-254,7,-2,-1,5
-28,-305,-48,-17,12,13
-27,-263,3,28,8,-28
41,-204,42,-19,-26,39
1,-260,21,-10,5,-5
-52,-307,-51,-37,-3,-30
-17,-255,-8,18,-41,24
50,-206,51,-8,-3,38
7,-259,9,-43,3,-27
-53,-309,-48,-2,-2,-4
2,-248,11,-3,5,-19
55,-221,41,28,16,6
-11,-278,16,32,12,29
-51,-291,-71,-2,-15,30
3,-228,9,3,9,-9
40,-213,57,-12,23,20
-18,-269,-21,-20,-25,18
-60,-297,-39,-9,15,15
2,-243,12,-10,-19,12
44,-211,35,-2,-35,1
-28,-283,-25,21,13,1
-32,-299,-30,-2,20,-29
5,-243,16,-32,-18,12
34,-210,55,13,-24,13
-53,-295,-26,53,4,34
-41,-291,-30,14,28,-1
23,-229,46,12,-0,50
34,-252,52,15,-7,11
-23,-283,-34,-13,37,-6
-26,-288,-34,12,-1,21
39,-216,50,18,-3,-3
47,-220,20,12,23,-36
-34,-290,-42,-31,25,5
-26,-279,-20,14,40,15
41,-226,45,-15,8,7
26,-236,29,2,-3,-24
-44,-301,-41,22,2,1
-34,-264,-30,2,1,-5
53,-205,57,-33,-17,-15
18,-239,27,19,17,8
-58,-304,-54,-7,-59,1
-26,-253,-18,-8,-52,-5
51,-205,43,-45,-32,17
21,-240,1,26,-3,-10
-67,-313,-43,42,11,2
-5,-272,-3,26,22,-18
54,-201,48,-7,29,11
-6,-256,28,11,30,-32
-52,-317,-45,-24,45,5
12,-262,-9,0,13,-11
44,-224,43,-22,-7,48
8,-258,-8,-6,22,24
-51,-315,-63,2,-1,2
22,-274,8,51,-3,25
61,-208,48,-19,19,2
-21,-263,-9,-34,6,29
-44,-299,-33,31,17,8
-1,-226,9,-9,-23,-8
55,-212,57,6,-4,-4
-7,-275,-7,20,-14,6
-46,-295,-41,7,-31,-12
18,-236,15,-21,-3,22
51,-210,45,-18,24,26
-24,-280,-37,48,36,13
-55,-303,-28,9,-28,-21
24,-230,30,-4,-21,24
44,-194,37,17,-23,-30
-30,-283,-33,-14,0,-6
-42,-295,-35,0,35,-37
33,-232,40,7,-41,-9
29,-208,29,6,-4,27
-34,-304,-17,16,-10,29
-27,-281,-30,13,-45,23
23,-209,42,17,16,-15
25,-222,19,-10,-9,-12
-41,-296,-40,-51,30,-3
-25,-282,-23,-12,-18,9
41,-206,50,-9,6,8
23,-240,7,18,36,-8
-38,-310,-37,15,-6,-7
-24,-283,-18,19,-10,15
59,-221,62,-1,8,-17
7,-249,12,-26,-7,17
-46,-302,-72,-22,14,21
-5,-264,-8,-46,12,-43
46,-222,46,27,-3,29
-12,-244,17,-4,-13,8
-58,-302,-42,-26,-21,18
4,-273,-7,-17,4,-3
72,-210,39,2,-22,-3
2,-254,5,5,-57,9
-46,-304,-57,33,-21,25
-8,-257,-16,11,35,37
37,-217,41,26,-14,22
6,-253,-11,-17,6,-3
-60,-312,-67,27,13,8
22,-240,-1,0,11,-3
33,-193,43,2,-10,18
-1,-277,-22,23,24,-7
-68,-313,-58,-10,21,5
13,-229,4,19,35,-8
38,-192,53,-3,21,-9
-43,-256,-7,13,-30,-35
-39,-297,-48,8,40,11
26,-239,14,-4,14,10
31,-208,43,-5,26,-33
-9,-287,-21,19,-3,-7
-29,-310,-49,-22,23,31
32,-203,20,-20,-36,2
21,-227,44,8,13,1
-17,-287,-21,20,8,3
-41,-272,-53,-6,-9,28
35,-236,35,-14,-15,-1
40,-225,31,7,-19,-38
-24,-308,-45,-35,2,-14
-12,-266,-42,34,-17,-3
48,-218,46,19,-28,12
20,-211,28,-16,-19,6
-35,-302,-56,11,-3,12
-35,-270,-15,-6,-25,-0
58,-217,24,-2,-29,40
24,-248,10,-45,-1,-8
-55,-285,-49,16,-9,9
-25,-265,-28,19,23,20
34,-225,35,6,27,-4
5,-220,13,-1,39,28
-35,-298,-58,-2,14,-0
-12,-268,-13,-16,-17,17
57,-224,43,12,-54,9
15,-236,12,-42,-10,36
-57,-303,-44,1,50,50
2,-269,-14,27,-2,4
41,-211,54,-23,45,8
7,-264,21,30,20,17
-55,-301,-63,5,-40,26
21,-251,2,1,12,13
38,-220,55,29,20,3
-17,-254,-21,5,-20,-14
-38,-297,-39,-14,-36,10
5,-237,17,1,22,26
39,-197,58,44,-23,-19
-5,-277,-5,31,14,-23
-46,-284,-54,-0,10,-7
13,-232,25,-22,-35,3
49,-212,41,0,-1,-7
-29,-296,-4,14,19,22
-39,-313,-43,7,-14,-45
14,-240,25,-11,37,14
27,-213,60,2,7,-30
-31,-291,-32,17,-16,-7
-66,-294,-49,26,-9,47
27,-226,22,-0,-34,16
28,-207,41,-2,-6,-24
-24,-283,-52,11,-21,-5
-39,-311,-31,-18,1,-13
40,-230,28,3,-1,-8
37,-238,31,31,-29,-43
-43,-286,-50,-0,-15,22
-31,-285,-25,18,-33,-29
56,-206,58,-25,6,9
17,-236,22,24,-6,20
-42,-285,-58,40,-2,5
-18,-268,-39,-7,-42,45
62,-198,39,-0,-31,7
32,-221,10,30,27,-38
-36,-310,-55,8,-17,11
-21,-279,-17,10,20,-32
51,-193,51,-11,-6,-12
10,-238,-8,-16,-7,-4
-50,-297,-52,20,-22,-27
-10,-254,-17,46,-0,23
58,-203,51,19,-26,11
7,-243,-10,-2,-23,11
-56,-318,-34,4,-14,14
-8,-260,25,-10,-28,36
39,-217,39,30,-2,-33
5,-254,-9,12,-3,3
-49,-304,-61,12,19,29
7,-238,10,11,4,20
53,-214,59,-49,22,-2
-10,-271,-16,-0,-21,-6
-38,-291,-48,-28,17,48
12,-247,20,1,4,21
44,-200,45,-4,-8,-11
-9,-277,-8,17,28,-16
-57,-301,-44,27,4,-5
14,-245,35,18,17,-20
40,-206,49,-13,-8,-7
-34,-261,-20,-2,18,17
-51,-293,-49,6,-19,-11
19,-232,25,-2,22,-8
41,-211,42,-10,-23,-10
-16,-283,-30,16,-7,-2
-31,-286,-37,-21,-2,-15
23,-221,35,-41,-44,1
27,-203,50,6,25,21
-43,-298,-45,-5,27,4
-48,-288,-34,7,-30,2
39,-218,47,-9,-1,5
46,-223,18,8,10,0
-49,-301,-34,-4,-3,3
-14,-276,-29,17,19,29
43,-203,40,-20,-16,-30
18,-224,39,16,5,12
-51,-294,-46,-25,9,9
-4,-270,-30,-3,21,-23
52,-207,52,2,-11,-7
12,-222,21,-4,-19,27
-40,-307,-54,-34,7,20
-9,-261,-26,-35,43,17
40,-213,43,30,42,10
-4,-237,-2,15,29,2
-43,-310,-39,12,2,20
7,-280,-17,4,11,16
55,-200,41,19,1,-13
13,-257,0,22,-29,-21
-54,-305,-34,17,-2,17
1,-256,19,0,-20,-24
43,-206,58,-24,-5,-13
-2,-283,-13,14,5,-3
-45,-319,-51,-25,-25,30
11,-245,6,-10,-23,0
46,-188,41,-7,-6,8
-3,-266,-14,-16,9,19
-50,-286,-60,-4,24,-28
3,-258,27,12,7,22
51,-198,49,5,16,3
-32,-275,-24,41,-15,-17
-41,-302,-19,1,-3,-2
48,-236,10,-22,-8,13
46,-206,31,-10,18,-6
-13,-281,-14,9,-3,14
-29,-281,-54,-10,-17,21
32,-211,26,-26,24,36
36,-224,28,23,-21,-34
-32,-302,-35,-42,-16,0
-42,-300,-43,-2,11,16
38,-222,35,-30,-9,47
37,-224,41,18,0,26
-24,-273,-36,-19,29,52
-17,-281,-31,-30,18,-7
37,-219,30,-8,25,-3
17,-227,42,-15,11,4
-52,-286,-25,5,1,-2
-34,-291,-25,18,-15,31
45,-227,42,34,-21,-9
23,-239,47,4,-15,-12
-54,-300,-55,-8,3,9
-28,-288,-14,-19,-23,6
36,-218,56,-11,28,-7
17,-241,14,-17,-14,-10
-57,-321,-63,8,-30,22
-21,-289,-11,-1,3,6
30,-206,60,-10,-22,-6
22,-268,15,16,-2,3
-58,-300,-85,-9,19,12
-4,-256,-20,-7,-29,-3
35,-211,63,35,40,27
-4,-257,-13,-5,43,-34
-31,-306,-58,-9,17,-57
13,-244,-9,-17,17,-18
35,-218,34,-13,5,-42
3,-258,-10,25,-22,-5
-70,-321,-50,-41,3,25
27,-260,30,-10,8,22
51,-219,41,15,-30,8
-24,-267,-6,-1,5,-12
-37,-318,-45,-1,-4,-9
6,-227,10,24,-32,11
51,-214,53,0,-8,-18
-31,-279,-32,5,46,17
-52,-287,-23,30,28,9
27,-220,35,-4,19,24
41,-241,51,14,-20,4
-37,-291,-26,-13,-19,7
-40,-290,-44,6,21,27
59,-217,49,-3,-19,21
46,-224,46,-38,22,-13
-23,-283,-34,20,4,20
-48,-309,-20,14,25,4
29,-229,47,-2,29,-15
27,-222,17,-12,12,-26
-37,-303,-49,-7,3,1
-28,-283,-39,18,-28,-5
31,-236,21,-9,-15,-4
24,-223,25,-3,10,6
-50,-320,-57,8,22,-20
-37,-274,-15,1,14,-21
61,-203,53,10,30,6
35,-231,13,-5,-24,13
-65,-324,-47,5,32,-28
-24,-258,-25,12,30,-29
26,-211,50,3,3,-2
-5,-249,28,-5,10,12
-40,-332,-55,-37,-2,2
-7,-236,-53,20,18,2
67,-219,51,4,-25,9
-7,-245,9,18,12,-7
-61,-298,-50,-18,27,-8
7,-264,2,9,-21,-2
53,-219,39,10,0,25
-1,-256,-9,-3,-1,15
-55,-288,-40,14,-14,5
1,-236,-2,8,-34,-20
26,-207,66,6,-17,-6
-14,-262,-7,-11,-22,23
-49,-302,-47,-11,-3,-38
10,-234,13,-1,44,26
47,-210,64,0,-16,-19
-6,-279,-14,-5,-29,8
-43,-291,-50,-18,-19,10
8,-223,42,1,4,-17
49,-214,52,-8,16,11
-40,-279,-28,-6,-1,-43
-57,-292,-42,-33,4,7
41,-225,22,3,-10,2
38,-229,40,-6,-33,-15
-29,-298,-37,2,1,17
-21,-284,-46,-32,37,-27
18,-215,16,-29,21,34
26,-228,22,10,36,-10
-39,-304,-15,-0,-16,13
-42,-300,-40,-3,-4,18
47,-223,65,15,10,22
23,-226,16,-4,1,-6
-35,-308,-34,20,-2,-4
-29,-287,-32,6,-4,50
45,-223,33,-12,27,-19
31,-224,9,49,11,10
-21,-311,-47,-7,37,-33
-18,-252,-23,-2,29,-26
53,-219,55,-19,1,-18
-7,-234,24,12,-11,17
-51,-292,-28,9,2,-7
-24,-267,1,-4,8,-37
50,-231,23,-10,8,-2
-4,-245,15,22,2,13
-50,-305,-62,-41,-16,17
-9,-267,-2,-19,36,-23
53,-211,57,-20,22,-15
-9,-255,9,-9,8,16
-56,-310,-57,-46,-18,-25
-8,-254,-2,2,-5,-9
63,-195,51,4,1,39
9,-275,15,28,26,-1
-32,-323,-53,-3,1,-15
6,-247,2,-2,-13,-10
56,-200,32,35,-1,12
-8,-259,-13,5,9,9
-64,-304,-58,6,-17,4
16,-251,14,-6,-1,-11
45,-214,55,-1,-9,12
-19,-275,-22,32,-33,-3
-42,-295,-55,-16,35,-39
28,-248,47,-12,13,11
51,-215,35,12,13,25
-29,-301,-24,-18,-32,-27
-50,-285,-38,1,9,-7
35,-237,26,6,-1,16
41,-223,27,12,-7,18
-25,-287,-45,-55,-15,14
-47,-285,-51,-6,39,-8
15,-210,26,-24,-5,-2
24,-219,27,-5,-8,34
-33,-288,-40,-16,2,38
-36,-288,-36,-32,21,-12
46,-218,30,-13,20,-5
25,-248,31,-9,-39,18
-45,-290,-52,-2,5,-8
-41,-286,-38,42,-11,17
53,-213,52,-23,-10,-13
20,-245,4,-12,-46,19
-53,-318,-36,24,-12,9
-27,-281,-12,21,-37,2
50,-206,39,-1,-21,16
6,-243,4,-30,-23,30
-58,-313,-58,10,3,19
-13,-271,1,-30,-5,-30
51,-208,55,-7,-25,-50
6,-244,8,25,-10,-42
-49,-312,-48,-11,-4,-29
-2,-254,-10,-5,-19,-32
46,-212,64,-2,-19,-3
-8,-252,-6,5,-16,8
-46,-304,-57,25,43,28
-6,-236,-17,-0,21,13
49,-216,44,16,-16,-6
-16,-250,2,-25,4,1
-52,-313,-43,20,2,30
19,-270,5,14,-10,24
22,-193,33,-4,6,-24
-7,-269,-30,-16,27,-15
-38,-321,-55,-4,-26,2
20,-220,26,-0,7,-16
41,-198,39,13,2,-37
-32,-283,-26,17,11,-8
-33,-292,-49,3,36,-4
23,-229,35,-9,2,13
27,-216,56,13,10,-5
-40,-273,-12,-15,14,10
-20,-283,-33,3,26,-2
27,-212,33,5,-6,-3
48,-211,58,-45,-38,-26
-29,-286,-32,19,-3,-27
-32,-284,-42,-28,16,29
20,-207,13,-15,18,-19
34,-214,36,-12,-18,-5
-54,-295,-42,-10,0,-18
-35,-273,-31,-4,-27,20
53,-217,47,-13,-13,11
28,-233,3,0,-6,26
-40,-301,-59,38,7,-11
-20,-283,-10,3,-5,-40
27,-204,33,-32,6,7
17,-221,27,15,-29,12
-65,-305,-42,-16,9,29
-9,-285,-13,15,33,10
41,-206,51,3,-21,-12
1,-242,18,-47,-4,-13
-50,-301,-36,-22,23,19
3,-267,-3,20,-18,38
42,-194,53,23,4,-45
21,-261,8,44,12,-18
-39,-307,-51,28,9,-8
4,-278,2,15,33,19
53,-218,50,-33,-15,8
-4,-260,-5,25,-29,-22
-71,-288,-37,2,22,14
17,-252,23,3,7,5
43,-202,46,35,-6,57
-20,-268,-5,-7,-14,25
-39,-304,-43,-16,1,-38
13,-226,19,1,-2,-1
44,-211,62,-11,20,-34
-20,-260,-30,-5,-13,-2
-36,-300,-15,-16,-1,15
35,-255,19,-5,-7,16
48,-216,50,11,23,3
-30,-274,-20,-20,-24,17
-63,-298,-21,-5,6,34
55,-239,32,-38,-1,-3
41,-214,53,-34,8,12
-20,-278,-46,9,7,-26
-40,-286,-37,44,19,-2
32,-220,26,24,14,-46
33,-202,39,29,24,9
-36,-304,-32,-13,9,20
-46,-280,-57,25,-29,12
36,-230,35,-21,1,-11
37,-211,35,-4,16,-20
-26,-297,-54,-4,-23,25
-26,-282,-16,17,-6,-9
40,-211,35,-21,38,14
28,-233,26,-6,-12,-17
-40,-294,-46,22,4,-8
-11,-289,-26,-10,6,-4
37,-194,39,40,-20,15
8,-224,21,-14,-40,5
-47,-303,-52,1,11,-27
-15,-257,-17,18,-17,1
33,-211,53,-6,-11,1
-1,-259,26,22,-6,21
-43,-309,-45,13,-9,-14
-16,-248,-14,-32,-14,9
42,-198,54,5,-1,16
6,-240,6,13,21,11
-67,-304,-70,-8,5,5
-4,-254,2,-12,3,28
59,-203,56,19,-34,-1
-4,-281,-18,3,-0,32
-41,-302,-30,-4,-25,-17
15,-239,3,3,-19,46
43,-197,46,0,31,27
-15,-274,-5,14,-1,-12
-48,-300,-61,-2,11,-30
20,-257,2,2,-4,61
37,-222,41,0,4,32
-16,-289,-20,-20,-2,17
-72,-299,-46,44,12,-45
31,-227,11,-7,9,25
34,-197,36,-27,5,-10
-14,-293,-31,-3,-11,-7
-41,-317,-54,-9,-13,-2
24,-212,24,-35,15,9
34,-216,60,-3,22,-14
-37,-303,-30,5,2,18
-30,-307,-23,-45,6,13
28,-214,40,-18,0,-2
36,-210,39,8,8,-5
-43,-297,-32,-14,19,12
-35,-310,-13,-2,10,6
48,-219,40,-23,59,58
10,-212,22,-5,-27,-30
-54,-310,-54,-3,-40,3
-16,-279,-23,-6,13,-2
29,-214,36,-29,22,-27
13,-245,5,4,20,19
-35,-292,-49,20,2,-17
-23,-273,-16,11,6,-8
54,-214,32,-9,36,14
9,-239,16,-32,4,-7
-32,-318,-47,34,-40,-17
-27,-278,-20,-8,-6,-8
57,-201,36,19,-1,25
30,-241,8,-10,-23,-35
-48,-287,-61,26,-22,1
7,-271,-11,-10,-19,8
53,-214,34,10,20,-3
-16,-256,10,0,18,6
-44,-297,-46,-17,15,-9
11,-242,6,-17,-6,38
38,-211,52,3,28,21
-28,-263,3,1,-6,-27
-72,-291,-56,-4,23,5
10,-248,9,26,1,2
31,-220,34,-30,-1,-2
-27,-275,-10,-21,7,-25
-35,-292,-69,2,7,-15
-1,-232,5,-11,-5,0
60,-229,56,-28,11,-1
-30,-274,-15,-27,24,-15
-58,-305,-11,4,-27,-3
35,-230,32,17,-19,-27
44,-210,35,-37,-4,10
-23,-305,-18,-12,-29,14
-47,-293,-31,-14,30,-31
32,-225,33,-1,7,-5
39,-224,47,41,-2,-16
-30,-281,-38,8,-0,-14
-35,-299,-35,12,9,7
41,-214,49,11,31,-30
30,-231,36,49,1,5
-56,-307,-35,-3,32,-42
-20,-281,-33,-7,-2,-12
36,-213,44,35,-21,9
4,-234,31,-31,-1,-0
-44,-263,-41,-0,-20,37
-14,-293,-13,5,-10,3
52,-201,52,14,6,35
24,-227,20,-15,4,22
-42,-309,-58,4,12,-23
-4,-268,-29,10,40,-30
59,-223,60,-0,-14,-4
10,-234,39,-14,-15,12
-52,-306,-48,11,-24,-33
-18,-263,-19,-40,-7,8
58,-200,62,24,18,-12
1,-248,17,34,8,17
-60,-294,-59,-15,48,26
-19,-257,-6,0,1,-21
54,-203,69,18,-33,-25
-7,-264,5,11,-2,-4
-46,-308,-44,11,-3,-16
4,-247,1,14,-21,-5
34,-214,46,-26,21,-29
-18,-242,-17,-21,-53,-42
-49,-316,-47,-1,26,-57
31,-244,24,45,22,3
49,-201,45,-4,23,20
-23,-280,-26,2,7,-19
-60,-299,-52,50,7,-11
15,-245,7,-4,-7,20
40,-229,52,6,20,-2
-15,-280,-19,4,3,-8
-41,-311,-58,-13,6,-5
39,-234,12,5,-2,-6
52,-222,34,34,-26,-20
-27,-291,-42,14,1,7
-53,-285,-33,17,9,-30
29,-239,30,-12,13,-2
39,-212,19,4,25,-30
-38,-276,-41,-17,9,-15
-37,-260,-22,2,29,16
47,-216,40,-26,24,-39
36,-213,34,10,-0,-27
-28,-299,-37,19,2,-10
-20,-292,-32,1,-20,-3
41,-220,57,5,-22,4
12,-240,25,28,-13,-1
-47,-289,-49,-14,-17,-0
-9,-279,-9,38,23,-16
44,-206,58,29,-8,43
19,-245,26,2,-31,40
-48,-301,-33,-19,2,-29
-12,-264,2,28,-4,-21
32,-202,77,23,-11,16
-10,-244,27,-21,-13,-22
-48,-312,-46,21,8,-5
-3,-261,-7,-20,-4,25
49,-201,45,-0,18,44
-2,-261,-2,-17,-21,-4
-42,-309,-38,5,27,-33
4,-257,21,15,-9,18
57,-217,33,-1,-9,34
-1,-265,-7,2,6,-2
-64,-319,-31,27,16,-39
2,-242,11,11,15,-17
43,-194,44,-55,6,2
-18,-269,-16,1,-31,15
-42,-309,-53,6,56,-3
19,-249,3,-27,26,29
51,-216,58,-10,-9,14
-14,-281,-43,-18,12,-3
-43,-286,-37,-23,5,-58
18,-230,44,-32,27,21
28,-226,55,18,31,-27
-12,-291,-32,-13,26,-33
-20,-281,-37,-30,-22,-18
35,-242,34,-25,-2,-0
34,-236,37,27,-3,14
-23,-286,-38,-35,-41,13
-46,-299,-39,-17,11,-16
22,-227,25,36,9,-21
33,-228,52,44,-29,-10
-42,-284,-40,-36,-29,-10
-27,-287,-25,26,-11,-19
27,-234,37,3,-25,-31
18,-221,32,54,6,15
-58,-298,-21,33,-28,-3
-31,-280,-26,-10,24,-9
71,-216,44,-23,23,-8
19,-248,16,3,17,2
-40,-303,-51,-8,-15,-23
-31,-267,-17,8,23,-15
52,-194,60,20,-25,13
-0,-238,33,-1,9,-8
-32,-293,-42,-64,12,-13
-5,-274,-13,8,-13,8
47,-195,37,-29,-14,-18
1,-244,3,-8,-17,-1
-52,-293,-33,-10,-9,51
-7,-255,-10,-20,-18,-12
40,-215,45,-20,-24,-23
-13,-248,9,1,22,-23
-47,-306,-51,-0,-7,-0
-1,-246,-3,6,-4,-15
52,-217,50,-19,-30,1
-23,-267,-3,-20,14,2
-59,-302,-48,8,6,-4
15,-259,-4,-5,-22,-18
65,-208,44,12,6,-26
-30,-264,-24,10,-33,-11
-55,-313,-39,30,-27,15
32,-227,29,12,-5,9
37,-217,42,42,-18,24
-17,-288,-10,-7,4,-26
-40,-299,-42,-22,0,25
22,-224,21,46,10,27
43,-222,46,32,-50,-30
-17,-316,-26,9,1,12
-29,-315,-49,9,14,-10
25,-221,28,-35,-23,-2
26,-241,31,-48,16,-12
-45,-301,-35,13,0,-9
-42,-274,-19,3,18,-16
25,-225,58,-17,14,-15
29,-236,39,-28,-0,-43
-31,-295,-40,9,-20,12
-35,-282,-33,-15,24,-3
32,-224,45,-17,-16,35
30,-220,18,6,13,-41
-56,-291,-59,-13,-20,11
-1,-289,-31,-12,-17,-46
45,-212,50,-23,17,-32
19,-238,12,-6,-18,24
-41,-300,-60,19,-9,4
-8,-267,-12,-17,-33,20
45,-198,57,-5,-30,-16
-6,-248,7,-15,-31,-11
-60,-302,-61,-13,-14,-10
3,-276,-20,2,17,-3
34,-201,51,-19,-47,-12
14,-266,6,-21,17,-3
-55,-301,-57,-25,17,-12
6,-272,7,-12,-11,-14
48,-219,64,6,13,-19
6,-264,-12,29,-22,31
-24,-313,-47,-20,-38,-16
15,-247,-8,-4,-35,19
48,-238,49,0,-3,23
4,-286,-22,-10,22,12
-48,-295,-26,-19,5,17
18,-243,-9,12,10,9
42,-201,45,8,22,33
-15,-274,-23,-15,-13,-1
-50,-299,-46,42,-6,-25
23,-204,27,15,12,-9
27,-209,52,-21,12,6
-33,-300,-29,-33,9,-13
-48,-302,-42,-10,-5,10
26,-211,16,-19,16,22
57,-234,42,-8,-11,9
-23,-300,-33,21,10,-25
-32,-306,-46,27,-7,-24
37,-222,37,4,3,-2
28,-220,35,2,18,2
-48,-297,-31,17,-10,60
-31,-290,-18,2,22,19
46,-238,63,4,-1,10
21,-224,32,15,-12,7
-37,-318,-49,-15,20,10
-37,-290,-31,-6,15,-29
37,-206,60,10,23,-51
34,-223,29,-9,-5,-54
-48,-300,-47,42,-12,16
-36,-264,-13,-4,-8,13
45,-211,44,27,3,16
12,-230,8,-7,5,21
-72,-305,-30,22,3,-7
-20,-264,-15,-5,-36,9
63,-213,39,24,-29,-8
16,-275,-5,-22,-16,15
-57,-301,-48,-15,2,-3
-13,-251,1,-21,-5,-54
62,-199,39,13,-4,11
16,-266,13,-32,2,6
-59,-295,-36,-40,-20,6
24,-246,5,38,19,5
43,-209,54,-3,10,10
7,-247,-28,18,-21,-25
-52,-306,-50,-1,24,39
0,-243,24,-3,-19,17
61,-204,30,-5,-19,20
-15,-275,-15,-8,-7,-3
-49,-316,-72,11,-2,-28
11,-239,21,16,-11,13
48,-207,45,27,24,25
-25,-285,-8,9,4,-38
-48,-319,-40,-8,24,9
14,-256,26,6,-4,24
55,-213,37,14,-12,3
-13,-296,2,-8,5,-5
-41,-301,-44,-3,-0,-19
26,-231,23,-6,-3,-27
31,-228,41,25,18,44
-20,-267,-38,-8,-19,-6
-36,-279,-32,-53,0,5
31,-218,18,-22,30,24
37,-226,32,-0,3,-15
-51,-283,-36,-36,-2,26
-17,-275,-17,3,-16,33
38,-220,40,11,7,3
28,-236,28,-2,-12,3
-41,-297,-35,-36,-12,-8
-25,-288,-29,-5,-16,30
54,-216,30,-6,-2,33
1,-245,24,-5,21,-5
-34,-306,-30,16,10,-24
-2,-251,3,-22,-5,-9
46,-204,43,3,9,19
36,-248,22,11,-54,21
-45,-309,-45,3,-7,14
-15,-251,-4,25,9,16
45,-221,50,29,29,-2
13,-254,10,-25,-18,17
-32,-283,-63,24,-8,18
-3,-264,10,-18,-5,13
56,-206,52,-31,34,17
3,-275,-14,18,-3,-14
-50,-321,-61,-25,15,7
7,-250,-9,0,13,-13
57,-195,64,-0,5,8
-7,-261,4,-13,-14,-6
-46,-308,-50,13,-2,3
-9,-223,6,28,-5,-14
43,-199,44,6,-7,15
-17,-268,-28,-23,-41,17
-23,-287,-46,23,1,-4
28,-227,29,-6,-33,3
30,-209,40,6,1,-7
-14,-290,-25,-28,-9,-3
-44,-296,-44,4,-26,9
27,-241,22,-10,-25,-2
59,-226,46,-20,-8,32
-42,-284,-25,-13,-23,12
-31,-303,-38,53,17,-3
39,-214,56,-4,22,16
47,-229,37,-19,5,-23
-36,-284,-32,3,-1,38
-39,-290,-47,1,-30,-16
55,-205,26,-10,-2,16
47,-206,28,6,0,7
-35,-297,-36,-3,-14,0
-32,-297,-39,7,-30,-3
33,-213,47,-16,47,9
21,-239,47,-38,12,-4
-37,-299,-60,-18,2,-2
-19,-271,-37,-10,15,-20
32,-211,50,-11,-17,14
-0,-249,1,-18,-4,-12
-59,-307,-46,-32,1,-3
-13,-268,5,-13,-3,8
61,-202,48,-2,10,28
14,-240,-10,-54,0,-38
-69,-306,-52,45,5,7
-17,-257,-3,-21,-20,10
39,-204,22,-35,-46,44
-7,-257,9,-24,7,-3
-57,-312,-46,-7,18,21
11,-249,-8,2,6,-6
44,-215,58,3,-17,5
2,-268,-9,10,7,-23
-37,-320,-43,24,19,-1
2,-232,6,-11,-12,-57
53,-204,42,17,-30,4
0,-267,6,0,-24,-25
-46,-310,-46,3,-1,-18
21,-247,38,-9,-37,14
31,-195,54,30,-13,-19
-21,-272,-25,-3,19,-18
-41,-326,-40,-14,-9,25
11,-256,15,-22,-6,10
40,-208,42,12,6,-6
-33,-288,-22,28,0,-34
-46,-308,-34,46,32,-24
13,-229,9,-13,4,-12
62,-227,30,1,16,4
-25,-287,-32,-21,8,-4
-40,-299,-35,-21,39,9
38,-240,31,-39,-6,35
36,-220,44,-21,-21,-25
-34,-296,-48,-9,-17,9
-27,-289,-30,10,-43,-30
38,-227,52,-2,8,-14
34,-224,42,13,0,26
-35,-296,-27,14,33,-2
-24,-288,-38,2,-13,-19
30,-205,49,-7,9,-5
21,-240,10,-4,22,-10
-38,-311,-43,6,7,11
-30,-266,-13,-0,7,7
44,-221,50,-15,-17,-5
20,-229,7,17,-21,4
-44,-285,-53,6,-11,-31
-16,-268,-15,6,-1,38
65,-212,57,-40,-27,-30
2,-237,-2,-1,23,29
-58,-301,-54,12,-4,55
-11,-271,-10,20,-32,-16
31,-197,57,-9,16,-1
0,-278,23,3,34,-51
-53,-310,-44,-8,-13,32
-2,-257,5,18,-33,33
56,-198,41,3,11,-15
11,-256,-19,6,15,-13
-46,-303,-62,-10,9,-8
19,-251,7,-3,-21,-4
58,-215,43,-8,20,-3
-22,-269,-25,5,-2,-8
-66,-287,-41,11,-54,-13
30,-236,12,-21,9,-15
43,-206,42,-7,10,-19
-27,-282,-11,28,-65,17
-46,-308,-26,-21,13,-14
29,-226,6,-31,29,-23
32,-202,45,3,-2,-22
-40,-276,-21,9,6,-38
-32,-296,-57,6,-44,-19
43,-225,43,27,29,16
37,-224,43,-8,-6,1
-41,-275,-50,-3,-4,8
-40,-307,-33,-29,13,-3
24,-223,33,24,22,-31
45,-203,17,2,-6,8
-35,-283,-23,2,-7,6
-42,-275,-29,40,7,-42
59,-224,31,19,0,-7
41,-218,37,33,15,-22
-34,-276,-39,-27,12,11
-15,-277,-25,-5,0,0
50,-216,28,3,-15,27
9,-233,-0,51,-5,-5
-49,-305,-35,-4,-0,18
-7,-273,-19,-36,29,-26
39,-194,52,16,20,-32
20,-228,18,-10,11,21
-47,-314,-41,-6,6,39
-24,-257,-14,-8,-9,23
56,-226,65,11,0,-23
21,-264,14,0,3,29
-51,-318,-46,-23,-10,22
-17,-254,1,-11,-9,-30
39,-190,49,-13,-19,2
-5,-264,17,0,16,18
-51,-314,-58,-6,6,26
11,-235,8,26,-6,6
46,-218,44,10,10,-7
-21,-247,-3,7,-12,-14
-42,-305,-55,23,7,2
6,-241,9,19,32,-19
34,-195,43,-2,12,-8
2,-286,-25,-19,28,-13
-29,-306,-19,-18,-39,7
11,-241,9,17,10,24
35,-217,50,-8,30,9
-39,-286,-35,-5,13,23
-42,-297,-41,-19,-15,-23
29,-244,25,-29,-33,-19
13,-213,33,-0,19,-2
-27,-286,-26,9,35,7
-46,-290,-23,0,4,7
41,-216,16,5,-7,-9
45,-217,40,-33,7,-11
-48,-295,-20,-6,19,20
-27,-281,-21,10,-36,3
33,-220,35,11,6,-6
33,-231,26,12,31,-18
-46,-296,-39,3,-47,-38
-11,-282,-23,-14,-48,18
32,-205,49,32,-23,-2
19,-228,20,-9,6,3
-43,-301,-35,8,2,4
-8,-272,-6,-22,-34,-10
45,-211,55,-2,-9,-23
20,-241,11,49,-3,22
-36,-291,-45,-16,-1,5
-9,-293,-33,-8,8,11
50,-195,45,17,24,13
10,-261,-1,3,-2,28
-49,-297,-42,-0,-16,-7
-10,-251,18,9,-58,-21
41,-229,46,-7,-27,6
12,-250,-8,-9,-21,15
-52,-312,-41,-33,-34,16
1,-250,-6,-12,-20,-11
36,-210,54,9,-3,24
3,-253,-25,17,-21,-45
-40,-315,-56,31,-43,-19
20,-252,13,-4,0,-9
50,-202,33,12,-5,-15
-20,-264,-17,28,-20,1
-57,-322,-56,14,11,-21
7,-233,14,8,18,-6
44,-200,35,-11,3,13
-24,-275,-20,37,7,-10
-45,-296,-38,-20,19,11
27,-240,28,-37,20,-2
59,-218,50,-6,10,-9
-31,-270,-36,5,5,14
-44,-307,-32,-10,4,-17
26,-218,30,-10,-2,-5
32,-224,22,-9,-36,-23
-32,-294,-39,14,25,2
-46,-281,-24,-52,31,1
38,-205,36,-16,14,-7
25,-231,40,-22,1,12
-43,-309,-50,-16,-12,6
-23,-294,-24,-24,-6,-15
53,-202,39,-22,-40,23
37,-205,21,27,-17,-10
-35,-289,-41,-16,-36,-17
-16,-266,-34,-8,1,9
37,-211,45,10,-9,-10
28,-218,25,2,17,37
-43,-310,-53,4,3,14
-21,-259,-21,3,-57,-1
51,-207,45,-16,-7,-28
35,-251,31,3,36,11
-48,-306,-56,-10,-16,20
-12,-261,-2,-15,17,-9
45,-206,55,-35,21,5
13,-250,14,1,-14,5
-38,-296,-49,28,-14,8
-1,-252,-2,29,5,18
52,-194,42,-8,-37,-2
16,-246,-8,7,-18,-3
-33,-321,-58,36,1,15
8,-254,11,-30,-2,2
53,-200,29,-19,-5,14
3,-250,4,31,-7,12
-38,-312,-53,-14,-7,0
