-10,-266,11,10,14,-23
50,-189,51,-12,-18,13
-26,-255,-23,-1,-3,24
-40,-301,-56,45,14,-4
27,-222,38,-24,7,2
10,-234,19,0,-34,-33
-25,-295,-51,-3,-17,6
-3,-256,-9,14,10,-1
60,-208,62,4,-18,-59
-1,-262,-8,-19,-25,-15
-51,-305,-49,1,35,-18
17,-231,31,-5,-49,8
44,-218,27,-8,7,27
-49,-299,-33,19,10,-10
-8,-264,-25,26,-9,17
43,-213,43,6,15,12
-14,-245,16,-21,15,-7
-52,-308,-40,9,31,-60
11,-235,16,-9,3,-2
47,-195,41,-11,6,-1
-48,-281,-30,30,-9,18
-39,-279,-43,-18,-18,4
53,-221,35,26,-1,3
13,-253,6,-30,-31,-22
-48,-295,-35,8,-11,-10
-5,-254,-14,-29,-12,-4
29,-216,52,27,-19,-13
-16,-276,-22,-9,-30,-1
-52,-293,-58,-13,-25,-25
37,-202,49,0,20,60
31,-231,15,15,-14,9
-51,-300,-43,1,2,-6
-10,-273,-7,-3,-11,9
43,-179,49,-17,-15,-16
-9,-270,-16,11,13,3
-69,-311,-53,4,12,32
34,-233,40,21,33,-6
26,-236,27,-23,-10,3
-24,-314,-45,-19,-10,-16
-21,-263,-19,-14,-23,-5
42,-209,32,-8,-21,-21
9,-241,-14,-23,24,-1
-44,-314,-56,-14,9,37
9,-218,16,8,-8,3
45,-208,27,-24,-31,-30
-35,-282,-56,-26,27,-31
-24,-276,-27,-1,-29,19
61,-207,55,3,-15,21
11,-254,10,25,-7,26
-39,-306,-50,15,6,29
26,-247,-7,-16,-32,-2
62,-214,40,-28,-23,-2
-15,-264,-16,10,-21,3
-40,-290,-42,-24,-8,-15
60,-220,62,21,5,-25
8,-241,22,-16,-46,-13
-61,-299,-42,-9,-21,20
5,-273,-3,-23,-1,8
39,-213,64,-3,-14,31
-29,-261,-19,-12,-17,5
-40,-290,-40,-10,-10,-21
27,-233,31,-62,-7,3
41,-220,24,-0,3,2
-27,-289,-47,-1,-24,-29
2,-291,-31,12,4,-16
49,-201,43,22,-16,6
6,-246,-0,-34,-6,-4
-61,-317,-61,-14,-6,-40
32,-237,12,17,14,-40
45,-226,34,37,5,7
-32,-294,-26,-38,19,20
-28,-274,-22,-2,-41,-3
56,-205,59,33,18,12
11,-234,18,-15,9,-14
-58,-304,-72,-11,8,3
16,-251,22,-15,21,23
72,-208,39,25,-4,24
-31,-278,-35,-6,1,-12
-33,-314,-35,-17,16,16
44,-224,29,-22,21,-19
23,-233,31,-16,7,-21
-57,-305,-47,18,-64,-22
13,-261,-25,-27,-8,23
37,-207,57,3,28,-16
-19,-256,-16,6,-10,-18
-23,-300,-38,-41,25,-21
37,-231,31,6,-2,2
32,-240,31,9,-2,-19
-39,-308,-70,13,-15,-27
-22,-272,-21,-11,-14,2
62,-211,56,18,1,-3
-32,-265,-0,28,-26,13
-45,-315,-42,-14,-8,12
17,-226,6,-46,20,11
36,-223,43,-26,-9,11
-32,-303,-32,-6,19,45
-21,-291,-5,9,20,-31
62,-200,37,-3,21,3
6,-262,1,-19,-17,19
-61,-313,-54,-27,0,-22
18,-235,31,-4,-21,9
47,-214,54,-10,17,-10
-48,-286,-23,-13,14,3
-30,-277,-53,-37,9,54
50,-203,63,-9,13,35
9,-238,20,-28,6,-2
-62,-300,-47,-36,-11,7
1,-254,-14,-0,30,-5
48,-186,30,-41,-3,-21
-16,-268,-20,-25,21,-9
-25,-302,-58,-5,4,2
27,-210,23,2,26,-42
26,-236,0,-33,-1,47
-40,-311,-44,24,8,29
-23,-277,-33,-9,-4,12
35,-203,45,-7,-40,14
-13,-273,-23,-5,-16,20
-51,-302,-50,20,-16,17
28,-236,41,-27,9,9
37,-221,23,-24,-17,12
-35,-314,-21,16,27,41
-15,-274,-19,1,28,26
54,-204,35,19,-7,-12
5,-256,3,-13,-12,-18
-74,-292,-34,22,34,9
21,-241,40,8,-12,3
50,-201,50,-16,-37,-1
-27,-281,-20,35,41,-42
-25,-285,-44,-3,37,-23
38,-204,57,33,41,-4
3,-265,35,-2,3,7
-41,-292,-55,19,-20,1
3,-243,2,16,-37,5
61,-216,41,-17,14,33
-21,-289,-33,-1,-9,2
-18,-292,-36,-2,-4,5
47,-225,42,1,9,-17
23,-246,35,2,13,-28
-44,-302,-57,-8,-50,11
-24,-264,-4,-11,22,22
52,-215,54,16,-13,27
-28,-273,-6,-8,4,-25
-41,-318,-56,4,-3,-9
29,-228,11,1,6,-24
15,-212,38,-20,-8,-30
-41,-305,-17,-31,2,5
-15,-272,-9,-4,-2,-5
35,-195,53,20,9,-10
10,-239,2,-5,-11,4
-52,-296,-42,27,18,40
-4,-227,12,-2,-6,-4
42,-222,35,-33,-46,-16
-39,-300,-40,-1,4,14
-26,-278,-37,3,-6,-10
46,-229,53,7,-12,3
13,-233,5,10,12,3
-37,-303,-51,15,-15,8
14,-245,5,14,-19,33
37,-217,38,-3,12,-18
-36,-302,-37,9,7,-32
-47,-294,-46,2,-12,-32
30,-223,47,11,-21,18
23,-222,16,-0,8,-18
-56,-294,-39,-34,15,17
-11,-262,-14,-1,7,-25
45,-214,48,26,13,14
-9,-271,-22,8,-21,21
-43,-288,-25,-3,23,7
15,-222,14,39,-27,8
33,-219,46,22,5,-24
-50,-314,-42,44,7,-6
-4,-266,-8,-26,4,-15
59,-187,50,-5,1,-16
-9,-268,-14,-12,-10,-23
-53,-282,-39,-42,30,26
18,-226,38,12,-22,-1
33,-188,57,-11,2,10
-43,-288,-49,-11,-16,18
-34,-296,-28,-10,-31,20
34,-209,57,-34,16,-10
3,-250,12,-15,18,18
-40,-318,-36,-13,-36,-16
29,-241,19,-2,-19,-29
61,-214,42,6,-24,-11
-11,-279,-13,-22,-17,-27
-24,-281,-25,-28,-11,-9
40,-229,31,5,17,-32
21,-243,1,-6,-5,-8
-50,-294,-41,14,0,23
-4,-258,-16,-28,-7,29
66,-208,55,-17,6,6
-13,-260,-22,-47,34,9
-38,-298,-63,8,16,32
38,-219,44,-45,-10,15
29,-223,15,0,46,-4
-55,-301,-56,27,-25,-5
-12,-264,-4,51,-8,-19
60,-202,38,15,29,-17
-13,-259,-16,-11,-37,-4
-48,-308,-46,19,5,22
17,-215,21,26,-7,-48
40,-216,37,17,22,-8
-46,-292,-41,-33,-3,17
-24,-276,-36,-15,-9,-1
58,-197,49,10,2,8
8,-258,11,4,6,8
-54,-312,-52,29,-5,-6
16,-213,22,9,-10,-33
50,-221,59,-15,-16,-25
-28,-286,-37,-31,18,11
-32,-283,-43,29,-33,5
46,-196,44,32,-5,-14
7,-241,22,-6,-27,-21
-35,-305,-50,-4,9,-3
11,-251,15,-10,1,10
34,-196,39,-19,-2,-16
-16,-293,-21,-19,27,14
-42,-297,-41,11,-1,-14
36,-221,51,17,24,11
18,-233,39,-2,25,13
-60,-315,-37,18,25,-15
-10,-254,-25,-22,53,35
66,-213,43,-12,8,-13
-9,-258,2,-19,11,-16
-48,-319,-46,-2,-11,-5
17,-220,28,19,-3,-4
24,-218,22,28,10,13
-27,-291,-39,-10,-28,9
-36,-278,-24,7,33,24
41,-210,38,-8,33,31
1,-249,9,24,-31,12
-41,-301,-43,-14,-29,28
16,-243,9,-3,12,5
38,-222,38,-31,24,-23
-26,-290,-20,14,-3,17
-33,-290,-38,-10,-17,30
42,-203,45,36,-29,-21
20,-230,-6,-12,-23,9
-60,-302,-67,6,6,-8
-5,-260,-10,-6,7,11
48,-208,51,-30,-26,-18
-47,-270,-14,15,38,20
-32,-303,-33,-16,-12,-14
28,-244,51,5,19,-37
25,-243,15,-35,21,0
-55,-308,-52,7,-25,-17
4,-272,6,10,-45,1
70,-202,56,38,26,-39
-19,-256,3,7,-1,-14
-35,-304,-43,-3,-20,13
31,-229,11,-1,-1,14
31,-222,44,25,22,-10
-46,-306,-59,-1,3,-19
-11,-270,-6,-18,-22,-14
49,-215,58,20,-8,20
-14,-230,14,-13,-6,-1
-52,-323,-53,-37,-44,12
13,-225,12,-3,5,-5
34,-216,39,-18,-11,-3
-21,-294,-48,-18,-2,-34
-7,-275,-22,27,14,17
49,-217,44,6,0,-12
2,-219,8,1,6,-0
-67,-316,-46,17,-21,31
7,-240,-1,-11,-11,2
39,-205,45,-22,-21,-16
-35,-270,-28,8,1,-14
-28,-280,-34,-5,26,62
39,-225,39,15,27,19
29,-230,19,23,-17,-32
-42,-304,-47,21,-19,-42
12,-282,-1,-19,-19,39
50,-214,48,34,-8,-10
-15,-274,-11,7,-26,-12
-44,-296,-35,-8,28,-24
31,-215,47,-10,-3,-22
24,-233,23,-21,-16,-13
-43,-297,-58,-32,17,45
-45,-264,-6,14,1,-12
34,-199,53,-6,14,-19
7,-257,-16,5,-16,-1
-35,-296,-54,-11,-4,-33
19,-252,22,22,16,1
23,-202,31,5,-25,16
-33,-299,-40,6,-10,-9
-19,-302,-25,-33,25,29
37,-199,61,-34,-13,-23
2,-246,-0,21,12,9
-60,-289,-53,-14,-5,-5
5,-256,8,-6,29,-15
45,-210,35,9,-26,2
-17,-279,-48,17,-12,-7
-34,-305,-44,-1,-6,-5
19,-217,47,-18,-41,-16
33,-234,13,11,-28,-7
-61,-296,-64,-13,18,9
10,-265,15,-19,-2,3
42,-192,58,24,12,-2
-26,-271,-34,13,13,4
-54,-298,-59,-23,-9,2
42,-209,23,-6,-20,15
21,-232,26,-30,7,12
-54,-297,-43,34,-15,-5
-5,-260,-2,7,15,-12
29,-196,34,-10,-16,-9
-9,-266,-3,63,-2,1
-61,-320,-52,6,-13,-15
52,-225,39,-3,42,60
54,-236,47,-51,-19,-2
-19,-293,-36,-3,20,32
-29,-268,-23,9,-22,-9
31,-213,42,-36,-21,-16
-14,-248,14,-8,-35,18
-42,-320,-49,17,-17,-7
4,-252,16,-37,-2,-26
47,-219,42,5,-11,-7
-17,-291,-30,34,-18,20
-20,-290,-36,-28,20,-3
43,-216,54,19,23,26
9,-249,14,-17,-22,-3
-47,-309,-66,13,29,-1
-0,-271,-6,23,20,20
50,-207,45,9,8,-13
-9,-275,-13,2,39,3
-75,-305,-56,20,6,19
37,-230,48,3,3,12
41,-214,14,-14,9,28
-47,-300,-51,30,6,-16
-29,-264,-9,2,-12,8
51,-213,40,-31,-6,39
2,-259,-6,-45,-1,22
-38,-299,-49,-39,3,8
20,-236,29,30,13,-9
48,-222,39,-3,-6,24
-59,-303,-47,23,-21,-2
-15,-279,-7,21,32,42
52,-206,52,-8,18,-9
7,-236,2,0,-5,27
-46,-306,-45,-19,31,6
2,-242,20,-33,-8,38
57,-211,39,-12,28,2
-31,-292,-36,8,-29,2
-33,-280,-27,-15,20,25
39,-226,51,-17,-20,-31
-0,-254,11,4,-5,41
-56,-306,-60,-11,11,-25
1,-246,11,2,-19,1
52,-218,43,16,-11,-6
-44,-285,-26,-21,-12,2
-55,-281,-47,-34,-21,12
41,-234,38,-4,-5,-9
6,-237,26,-23,4,25
-55,-293,-71,-44,-2,11
-6,-253,-7,12,21,13
49,-210,53,10,-11,-10
-3,-279,-10,-1,12,-11
-58,-280,-39,-20,-12,19
31,-239,34,27,-30,17
40,-213,33,14,4,-12
-62,-306,-45,-10,-4,38
-5,-269,-5,38,-32,24
44,-214,54,50,-23,-1
11,-244,-17,26,4,5
-37,-298,-50,54,-14,31
14,-223,21,14,37,-18
29,-221,31,-25,-23,-12
-39,-266,-46,33,11,-3
-21,-275,-27,9,-22,-11
51,-195,45,-41,0,16
8,-250,-3,12,-19,13
-61,-289,-67,14,28,8
19,-255,-4,12,2,-20
64,-206,38,29,2,-10
-45,-276,-8,8,-16,14
-26,-320,-47,-17,13,31
57,-219,25,6,5,-8
26,-243,9,5,-7,23
-58,-308,-56,-6,32,-16
4,-251,-22,-11,-2,-17
32,-204,59,-10,5,-36
-1,-291,-27,24,16,26
-31,-301,-48,-11,11,22
34,-203,32,-2,-13,-27
9,-223,27,38,-19,-0
-33,-305,-50,17,17,-2
0,-263,-19,12,12,34
52,-210,69,-2,5,7
3,-282,-6,10,30,-25
-58,-308,-60,30,20,-6
10,-233,24,-4,22,15
40,-228,41,-37,5,27
-53,-307,-25,17,56,14
-31,-283,-32,-18,-5,-11
53,-186,53,-5,-14,-25
5,-246,2,6,-12,-12
-44,-308,-37,-2,32,4
-2,-248,1,-21,-6,-19
52,-204,40,-17,35,-1
-31,-299,-46,15,-3,-15
-16,-291,-26,2,-37,-4
40,-218,38,37,3,-26
15,-250,38,-28,-13,-8
-52,-306,-74,5,-28,7
-0,-236,7,27,-41,-10
39,-201,53,-12,-36,-27
-29,-285,-10,4,-14,-7
-46,-284,-51,4,45,-9
49,-215,30,9,25,-22
23,-248,27,-19,-23,-4
-30,-303,-68,13,-15,-23
3,-287,0,-43,-36,-10
47,-209,63,8,-11,10
-8,-283,-17,8,12,9
-35,-299,-24,-6,4,2
25,-219,18,-34,5,9
25,-228,56,-23,9,3
-44,-305,-30,-14,-32,-14
-44,-273,-24,-2,-53,-1
23,-221,47,37,-27,8
5,-246,3,-17,-29,3
-43,-302,-57,49,-7,37
13,-237,20,1,6,-38
44,-221,43,-17,25,-43
-35,-284,-36,-2,-13,-2
-32,-301,-33,-16,-39,12
31,-205,32,33,-2,6
12,-225,20,-21,6,18
-36,-304,-61,6,-20,21
-1,-254,11,3,11,-19
42,-216,52,3,12,-21
-2,-282,-31,-10,-46,10
-62,-290,-40,9,26,-31
30,-233,49,13,15,-15
15,-229,35,13,13,2
-35,-320,-51,-38,22,-3
10,-269,-7,16,4,-19
46,-222,50,-3,-2,-6
-12,-251,-15,5,-0,13
-43,-290,-62,10,-24,-4
46,-226,42,-23,-24,23
31,-237,29,42,34,0
-45,-302,-50,21,11,-42
-20,-268,-27,5,17,4
74,-190,68,33,-12,26
9,-271,3,33,-9,35
-52,-310,-60,9,-15,4
32,-230,8,40,33,19
34,-215,48,-4,11,9
-39,-287,-44,5,3,-17
-47,-295,-33,-7,-18,-43
54,-215,55,-9,-19,6
16,-247,-4,14,-5,23
-69,-314,-54,35,33,-35
14,-250,19,-4,-29,-7
30,-215,51,1,-13,-29
-19,-308,-16,2,5,-17
-46,-296,-33,-33,9,-37
25,-214,17,14,-4,22
13,-243,27,-27,1,-12
-41,-298,-43,-11,-15,3
-6,-268,-6,-17,10,-4
42,-218,50,-23,-13,-14
-7,-281,-3,-13,-14,-18
-53,-291,-57,-36,26,-20
35,-213,40,25,10,18
26,-235,22,0,36,6
-42,-305,-49,-5,6,-11
-22,-261,-7,-26,-13,22
46,-205,40,30,12,23
4,-248,-4,-16,-26,7
-53,-287,-58,-36,-4,-9
27,-246,36,-0,10,-19
26,-221,40,-2,27,-13
-29,-281,-34,1,25,8
-34,-270,-28,30,26,-11
42,-212,31,-4,21,9
16,-247,8,13,-47,-14
-45,-317,-48,-15,41,-2
-16,-239,21,-6,13,3
19,-200,37,-1,18,-32
-41,-290,-40,26,3,3
-28,-284,-28,-13,-4,9
32,-213,46,-23,15,48
9,-240,27,-14,13,-5
-49,-324,-42,-19,-0,-4
1,-260,2,31,-66,4
40,-223,54,-7,-17,32
-32,-270,-2,-35,-2,2
-38,-303,-40,2,17,-2
41,-214,29,10,-25,5
26,-227,25,-33,17,-4
-41,-296,-47,23,-2,-31
-5,-260,-3,-8,-18,-12
51,-204,54,-8,-6,-21
-4,-266,2,-4,-27,46
-30,-303,-39,-19,-23,7
33,-234,18,-32,-16,-22
41,-232,40,-15,19,8
-58,-303,-63,14,-26,-14
2,-278,-22,-6,-18,-1
48,-204,67,8,-24,-7
23,-260,-0,-5,21,3
-38,-291,-50,28,-11,13
23,-229,19,-7,-12,-21
33,-209,47,2,3,-8
-30,-272,-11,-1,5,48
-36,-293,-34,-20,13,12
49,-224,38,-5,9,-30
29,-224,6,-9,-17,-44
-69,-319,-46,-6,12,11
11,-261,4,-11,-5,11
53,-198,29,10,-70,8
-18,-278,-11,-13,15,11
-42,-308,-46,-6,4,-24
20,-235,22,-1,-18,22
31,-219,18,-6,-17,6
-45,-314,-47,37,3,-25
-12,-263,-3,14,12,18
57,-190,44,-15,15,-3
-16,-264,-12,7,14,-4
-45,-316,-58,20,11,13
24,-220,18,-36,14,37
55,-190,26,30,-1,29
-45,-296,-34,21,12,22
-10,-257,-19,-32,21,3
57,-213,46,1,46,12
-7,-260,-5,4,-7,-9
-41,-314,-58,-17,-7,-12
30,-229,12,16,-13,7
54,-220,55,-1,12,22
-25,-285,-18,-17,23,-22
-24,-285,-36,-24,-7,31
16,-209,19,-16,-16,-3
13,-246,5,29,-2,-4
-45,-298,-46,-44,-0,-14
0,-261,6,-11,7,-19
50,-220,48,-18,23,-19
-32,-293,-20,-2,13,-6
-44,-290,-36,-1,31,6
38,-207,44,10,13,-34
44,-228,25,-11,-3,-7
-56,-293,-48,-3,17,10
-11,-269,-22,-7,27,-17
42,-201,65,-2,-5,17
1,-254,-34,-6,4,22
-37,-304,-53,-4,0,20
38,-244,27,1,-1,-27
50,-223,51,12,24,14
-38,-317,-21,-3,13,9
-5,-279,-19,6,-18,-6
45,-203,51,-24,-5,-9
-11,-251,1,14,-40,21
-48,-293,-56,25,4,-27
28,-233,19,-12,12,13
37,-226,32,20,-35,-30
-34,-291,-50,4,-36,-14
-31,-293,-42,-0,6,11
26,-209,56,12,24,-12
18,-242,28,1,-3,-1
-46,-308,-53,20,4,-0
6,-240,21,-34,22,36
59,-194,52,7,-7,18
-10,-283,-27,12,-2,25
-54,-297,-29,-37,7,-10
29,-217,38,5,-20,8
22,-237,32,37,-23,6
-27,-298,-46,-23,18,-27
3,-273,8,3,-9,19
46,-219,48,21,-20,26
-18,-274,-20,-18,5,11
-48,-305,-64,7,9,17
28,-229,28,-16,-3,-18
23,-226,8,0,-25,-30
-48,-310,-38,-22,-7,22
-15,-256,-27,15,26,-11
40,-212,48,7,15,-21
-3,-252,1,6,-16,-3
-52,-300,-34,6,-9,-29
34,-233,15,9,43,-27
38,-217,47,-37,-15,8
-40,-277,-41,-32,-18,-4
-18,-287,-14,25,11,-2
63,-212,42,13,7,16
8,-248,14,-6,-18,-19
-56,-295,-33,-5,25,-1
6,-237,4,-2,12,2
52,-217,42,10,-5,-0
-26,-278,-23,6,31,10
-40,-281,-38,-0,-12,-13
57,-216,31,-39,-27,-15
19,-238,13,-6,8,-14
-37,-315,-53,5,-16,37
38,-228,14,4,-5,6
41,-201,54,-0,-17,-2
-30,-274,-15,3,32,-16
-38,-297,-25,5,11,-3
52,-220,44,3,10,-8
42,-241,48,-3,-15,-22
-44,-312,-48,8,44,14
-9,-256,-14,-19,-34,-13
79,-193,52,-6,4,-22
-20,-268,-5,49,-24,5
-57,-319,-49,7,-10,10
29,-239,24,18,7,21
2,-205,27,4,26,-1
-50,-284,-34,2,14,-17
-29,-267,-6,7,-0,-22
34,-209,34,13,-1,13
14,-268,-2,-26,-1,27
-46,-318,-55,10,12,-5
24,-233,14,3,27,5
39,-226,44,15,17,-11
-31,-297,-39,-11,-19,21
-23,-283,-9,15,-1,-31
39,-219,42,-8,-38,15
17,-248,9,-15,2,27
-68,-306,-67,27,38,-34
14,-260,10,32,-3,-8
59,-191,48,11,-15,7
-20,-268,-18,3,-12,1
-36,-286,-38,4,-18,-19
33,-214,40,-19,-11,19
36,-234,9,23,-8,28
-38,-316,-49,-28,-23,13
1,-265,-4,-1,14,17
53,-212,30,15,1,-31
-10,-297,-20,10,-17,-31
-24,-296,-48,17,-15,-5
22,-231,29,-8,-30,44
37,-209,33,14,16,40
-35,-286,-43,-23,11,-31
-30,-269,-20,-16,16,-16
31,-216,39,13,-9,4
-8,-234,-0,-14,-9,-10
-38,-314,-43,4,23,-36
39,-235,2,14,6,-3
58,-211,39,-20,30,-36
-37,-285,-25,-19,-15,27
-36,-287,-52,-38,15,8
43,-193,28,-9,-47,-36
34,-234,21,-13,-17,-2
-34,-311,-58,-27,-4,-7
-0,-218,-12,-11,23,24
56,-212,53,-13,26,-31
-18,-290,-32,15,12,-13
-34,-294,-36,15,-57,41
9,-232,28,4,-35,-14
-1,-251,16,-26,1,30
-35,-293,-29,-34,31,5
-5,-241,0,6,18,-4
44,-202,44,25,-12,-16
-21,-271,-2,-14,-2,-37
-60,-293,-42,7,0,-13
27,-236,34,4,-52,-3
31,-217,32,30,-1,-22
-56,-316,-51,-54,-2,-26
-26,-279,-16,-7,10,10
50,-198,56,6,18,-5
-3,-251,22,18,-26,-16
-29,-311,-35,-22,25,-35
21,-241,27,32,-26,16
46,-223,41,-28,21,-3
-37,-309,-43,13,5,20
-31,-275,-31,3,-11,8
52,-227,37,-16,22,19
6,-249,8,-0,13,-4
-49,-286,-57,11,29,-11
14,-238,14,-5,-5,-6
42,-235,54,-19,27,-1
-27,-298,-32,-24,16,-2
-43,-292,-43,15,-11,-7
33,-219,38,13,-38,4
34,-229,19,-31,18,-12
-41,-302,-27,10,4,-1
1,-262,-14,-5,-1,29
32,-228,46,-50,-23,30
-20,-270,-14,28,40,25
-49,-302,-45,7,-19,-20
16,-222,30,-23,3,4
47,-222,35,49,-22,-5
-26,-306,-50,-17,-8,-12
-5,-257,-10,32,-37,46
57,-217,52,-22,-55,8
-31,-290,-15,-7,16,-37
-59,-297,-41,-2,-9,1
45,-222,30,29,-10,3
40,-222,43,-21,-52,9
-43,-292,-21,5,-7,-40
-26,-282,-12,-7,8,21
46,-195,55,6,-17,-3
16,-266,12,-0,-12,-22
-46,-294,-56,7,7,28
13,-237,10,-16,-5,11
34,-220,52,-17,22,-21
-45,-306,-18,-13,5,26
-17,-295,-30,-19,23,44
53,-220,45,12,-13,8
10,-248,22,-16,-10,-6
-51,-300,-45,-29,-15,14
16,-246,5,-32,11,-19
37,-201,51,2,-6,-26
-35,-282,-14,-12,29,-4
-33,-299,-46,-12,-14,25
50,-224,32,-2,14,-16
38,-232,25,-27,23,-2
-40,-299,-45,-31,26,-6
-1,-276,-25,9,0,14
66,-211,54,-9,3,14
3,-260,-12,-18,-25,14
-52,-320,-57,-16,-21,25
19,-230,21,19,1,9
30,-209,48,13,-0,-17
-25,-302,-30,-10,21,-8
-16,-284,-4,-15,20,10
48,-188,48,1,-17,22
-2,-244,-4,2,-12,-10
-59,-285,-71,-9,-22,-3
27,-238,19,-0,-35,37
39,-195,49,-21,9,-30
-31,-282,-17,29,-31,-5
-31,-278,-39,9,-26,-5
48,-198,42,-17,7,7
0,-215,21,27,9,47
-44,-288,-64,-0,2,9
4,-250,1,20,22,4
55,-217,56,-17,12,36
-23,-280,-40,21,-21,9
-37,-297,-46,30,32,-21
30,-229,42,-23,8,-31
11,-229,24,-13,31,-14
-46,-292,-60,3,-12,-15
6,-271,-15,-5,-6,10
77,-221,63,18,-13,-14
-13,-277,-6,15,31,-22
-55,-286,-39,5,-7,-19
34,-257,22,46,-3,-11
33,-226,36,12,19,7
-37,-298,-55,2,22,30
-37,-262,-22,-14,-19,21
44,-213,56,37,7,21
14,-270,31,-3,-8,23
-51,-313,-36,-29,5,11
21,-217,17,4,-20,-11
48,-219,60,10,-26,2
-41,-282,-28,19,18,4
-30,-282,-42,-1,-19,14
59,-206,53,-38,-8,16
16,-234,14,0,4,8
-45,-323,-42,34,-1,-9
10,-233,11,-22,14,-12
52,-215,53,9,-7,2
-23,-294,-16,-10,0,-5
-31,-311,-47,25,-24,-4
43,-220,29,-13,4,-18
24,-237,22,7,-14,-5
-45,-313,-42,20,6,14
-5,-254,-8,46,2,-30
74,-222,46,-29,11,29
-15,-271,-14,-7,-23,-6
-30,-280,-40,10,1,13
22,-202,38,2,-8,4
47,-215,43,4,7,-1
-42,-287,-38,9,50,-17
-4,-265,-1,45,-20,16
54,-207,50,-1,-24,-8
1,-253,-1,8,38,1
-69,-302,-31,5,-1,-22
18,-238,25,33,-17,5
37,-232,35,11,-25,-20
-33,-291,-48,-25,26,-43
-5,-276,-26,3,27,-23
35,-215,46,23,-3,-0
10,-250,-11,28,-23,-10
-56,-306,-25,19,-46,16
10,-238,1,7,-0,37
51,-190,47,17,7,-3
-27,-302,-30,11,6,-15
-42,-306,-25,-1,26,-9
38,-208,37,-23,8,4
1,-233,33,-24,-9,-9
-57,-296,-54,-2,22,-8
-15,-225,2,28,7,-8
41,-222,43,33,-32,12
-30,-272,-10,2,-14,25
-43,-323,-43,4,-23,-10
29,-214,46,-25,20,-4
15,-221,36,-3,-14,-16
-47,-300,-34,23,1,3
10,-271,-19,13,10,-25
51,-206,49,2,9,-4
6,-267,-3,7,5,-15
-60,-300,-63,-3,-3,-2
26,-211,9,-35,1,-9
38,-226,36,15,38,4
-18,-290,-29,19,9,-2
-14,-274,-31,-47,-40,34
45,-199,43,7,-18,19
3,-237,-2,-8,29,18
-56,-291,-58,-20,-8,27
-1,-227,25,-22,0,8
38,-204,24,21,-26,9
-59,-288,-30,15,4,8
-40,-305,-34,6,6,53
54,-206,57,4,-12,10
38,-240,15,-8,-29,-6
-44,-298,-41,12,-12,-4
24,-238,9,-9,11,7
52,-210,37,-12,20,-19
-31,-273,-17,5,34,-23
-49,-297,-51,24,15,-6
41,-199,46,7,-32,15
27,-219,14,14,-13,-15
-54,-301,-43,19,-3,-15
-5,-277,-13,-14,8,29
35,-198,51,-25,8,55
-1,-256,-9,-12,-45,10
-53,-293,-68,2,-13,12
50,-228,31,23,-25,26
40,-223,27,-1,-43,-9
-44,-303,-56,16,28,-2
-11,-271,-0,-4,37,13
57,-216,42,25,27,-5
-2,-251,12,13,27,-2
-44,-294,-62,28,27,-6
14,-236,23,-13,12,22
37,-234,40,-31,-2,-3
-41,-294,-48,-33,25,-6
-12,-284,-26,18,-11,-20
44,-220,44,-6,10,4
-2,-240,28,0,30,48
-47,-307,-56,-5,6,12
9,-260,-2,4,-11,0
47,-223,41,-9,10,-9
-31,-286,-28,17,-19,9
-38,-314,-31,12,24,-30
51,-207,37,-12,1,-19
24,-231,34,23,14,23
-72,-298,-74,-12,13,13
-0,-262,-13,6,27,-30
49,-208,42,-3,-21,-10
-12,-277,-1,-24,3,1
-56,-307,-41,-13,34,12
42,-234,50,2,19,-13
29,-230,34,23,-15,-12
-43,-302,-47,21,72,13
-2,-256,-6,30,21,-3
59,-227,48,-18,28,-11
4,-269,5,-34,-2,26
-44,-297,-52,-28,8,12
45,-232,15,-17,15,-6
37,-239,44,-3,-21,-12
-47,-294,-21,-27,7,-0
-30,-277,-19,-11,-5,-13
59,-198,32,-10,-16,2
14,-234,0,28,14,10
-38,-318,-33,-26,-26,9
15,-239,14,27,-9,-27
36,-216,53,-28,22,36
-31,-275,-22,-30,-15,-23
-37,-281,-57,-16,-6,30
60,-219,59,28,-29,26
17,-240,21,14,13,-5
-50,-304,-49,-7,-29,-2
0,-248,23,-4,-21,-25
37,-203,70,-12,46,-9
-18,-287,-17,2,14,-1
-24,-302,-39,11,19,-15
17,-224,32,-4,10,31
24,-199,40,7,10,-11
-19,-319,-57,14,-36,-15
6,-271,-3,-3,11,-23
41,-214,39,-2,7,-2
-11,-264,-11,-15,18,-9
-53,-317,-42,22,0,8
19,-229,23,32,-14,-1
58,-223,49,17,-7,2
-44,-284,-41,-6,13,25
-16,-273,-10,-3,14,12
55,-214,48,9,-26,-11
2,-246,5,-9,-61,53
-46,-333,-44,15,42,26
20,-225,6,22,1,-4
43,-220,53,5,31,-14
-37,-276,-31,-8,-7,11
-22,-298,-32,-8,-13,-38
42,-210,48,-33,-30,4
14,-234,19,-2,-27,-17
-48,-305,-35,-1,28,7
-7,-259,-12,-12,-20,5
53,-208,69,-12,4,-12
-37,-279,-9,-3,12,-8
-43,-301,-32,-32,20,2
39,-226,25,-24,-7,-24
31,-221,39,-7,-20,-5
-46,-316,-57,7,15,-34
-14,-262,4,-1,-11,-18
26,-201,51,-12,25,-5
-15,-249,-19,20,24,-18
-40,-308,-31,1,2,-20
19,-221,43,-7,30,3
29,-234,51,-8,5,5
-52,-304,-42,-9,2,21
-33,-271,-25,-1,16,2
46,-212,40,12,-42,-1
7,-250,-7,-9,-4,33
-38,-290,-41,22,-25,-7
7,-242,17,-19,-0,-17
39,-237,49,-11,13,3
-20,-285,-25,10,11,-8
-51,-275,-26,-30,-47,-35
37,-209,63,-41,11,-8
16,-242,14,-2,7,10
-48,-290,-63,-10,0,-17
10,-258,-3,-13,14,3
48,-205,48,-21,32,-30
-24,-271,-24,6,19,17
-29,-298,-38,-7,-18,-4
39,-221,49,25,-26,-17
26,-227,16,25,29,0
-66,-300,-51,-38,8,18
-5,-269,9,-4,42,-2
40,-203,51,-19,21,-31
-5,-285,-15,26,11,-50
-28,-293,-59,14,15,-34
27,-235,44,-10,-23,-6
38,-214,32,14,16,5
-39,-293,-41,14,16,7
-15,-273,-29,-23,11,5
69,-200,61,25,-35,8
6,-263,-7,-15,7,13
-59,-311,-35,-9,32,12
10,-228,37,-13,-26,-2
68,-213,42,-11,-17,-17
-22,-301,-33,-33,-8,-10
-44,-303,-32,16,-10,-14
66,-216,55,-19,-15,-15
-3,-242,2,-24,6,-9
-49,-288,-46,-16,-21,-37
0,-250,4,1,18,-19
41,-212,48,-8,-7,9
-21,-277,-30,3,-19,-22
-8,-289,-49,26,-13,-34
50,-207,27,9,11,28
16,-241,20,-45,1,-7
-39,-307,-52,21,-15,-8
4,-256,-22,-13,19,8
58,-213,53,-1,17,-42
-32,-283,-32,4,-17,10
-52,-295,-44,24,-17,3
34,-232,33,-44,-1,-30
28,-222,33,-10,-5,19
-50,-301,-42,-13,-2,6
-36,-289,-4,-5,-1,-13
42,-193,49,10,17,27
-10,-278,1,-39,30,4
-56,-311,-43,-16,-28,-11
2,-248,27,3,-12,21
47,-228,57,-10,19,-11
-53,-309,-27,-23,0,10
-2,-282,-19,17,10,-3
46,-211,61,-16,11,-1
4,-263,11,-22,-3,-6
-52,-309,-59,-23,-24,-13
4,-247,0,-48,-17,21
32,-200,44,47,8,15
-19,-296,-27,8,-12,30
-22,-293,-32,23,-3,-5
44,-218,52,18,-3,-12
1,-250,14,-13,9,-4
-54,-330,-62,46,-0,-11
7,-249,1,-7,-19,12
46,-189,57,48,-4,3
-24,-263,-11,-27,-4,58
-49,-292,-50,-22,15,8
39,-222,45,10,15,27
32,-226,41,-33,33,5
-42,-274,-44,27,3,-6
-10,-277,-9,17,-34,-3
47,-225,57,17,7,8
-2,-277,-23,30,12,-33
-38,-317,-24,-21,23,-27
14,-241,32,-0,3,-4
40,-212,33,16,22,-0
-38,-314,-33,5,-6,-12
-16,-277,-13,-9,-25,-4
49,-202,45,-2,26,3
16,-260,3,11,-26,22
-60,-311,-51,-15,-26,14
11,-237,20,-25,13,8
37,-217,44,16,-0,-9
-21,-293,-41,-55,12,5
-50,-292,-24,-8,-5,8
50,-207,51,0,22,-22
22,-247,18,-9,-0,-16
-54,-286,-56,2,-34,3
-13,-244,14,-31,-2,5
57,-219,62,18,-23,-27
-36,-274,-15,-11,-48,9
-52,-306,-53,8,-7,-6
47,-229,44,-0,-9,-31
30,-222,25,-16,-14,8
-51,-287,-51,7,22,34
-5,-260,-10,-10,-13,11
45,-203,62,-7,23,-3
2,-246,6,-1,-14,13
-45,-292,-51,8,23,-9
24,-222,32,-12,5,10
38,-225,25,2,15,-11
-39,-293,-39,30,5,11
-22,-260,-21,-12,10,-27
55,-196,43,-22,-17,-42
-1,-265,5,26,-7,-28
-49,-302,-64,13,-14,0
17,-239,11,25,8,13
39,-207,11,-36,-11,-18
-44,-304,-42,36,24,-22
-21,-278,-25,-3,-9,14
33,-207,36,-7,-16,-1
15,-251,4,33,-28,8
-64,-309,-57,-2,45,22
0,-246,6,46,-8,-1
44,-218,68,-0,0,-26
-21,-283,-19,32,-18,-1
-41,-306,-44,23,2,-44
61,-218,40,16,40,-1
23,-226,7,-33,-21,-8
-40,-312,-34,-3,-27,11
-26,-280,13,-6,-11,-7
59,-203,55,-44,13,-1
-22,-269,-21,-11,7,-22
-41,-300,-67,24,2,-30
6,-212,37,-11,-15,15
30,-233,41,-17,-19,11
-46,-292,-32,-12,10,-28
-24,-273,-32,-13,-29,22
40,-192,47,15,-4,-25
28,-254,-10,-6,44,-2
-62,-308,-52,18,-11,3
6,-225,27,14,-1,15
49,-210,58,-18,18,-34
-43,-266,-24,-1,1,-20
-9,-270,-13,-11,-9,16
40,-205,40,-10,10,-7
3,-251,1,-3,20,-29
-26,-305,-54,1,25,-14
10,-224,22,18,21,-21
59,-208,35,-18,-21,-38
-17,-292,-39,15,-24,12
-47,-307,-43,1,-11,-41
30,-195,36,-2,-13,-17
25,-245,22,24,-6,-6
-56,-304,-39,-21,-17,36
7,-245,-11,14,13,22
58,-225,52,-5,-8,-0
-18,-278,-20,-22,12,15
-42,-307,-42,16,15,-34
36,-222,38,-6,-33,28
26,-240,43,18,-4,-12
-58,-294,-59,-14,-7,-1
-13,-274,-17,30,-13,9
50,-200,43,60,26,-9
-9,-256,-9,-24,-21,-35
-39,-303,-53,3,-29,13
18,-240,18,17,-7,3
41,-224,33,44,3,-26
-43,-308,-29,-8,33,33
-17,-274,-39,27,12,10
48,-200,65,5,15,42
-3,-243,22,31,-4,20
-67,-316,-39,-18,32,22
23,-236,9,-6,1,-14
31,-208,48,-18,-1,8
-16,-291,-44,-6,-11,-3
-9,-290,-40,-5,15,53
60,-231,38,-24,-21,-11
10,-244,12,-2,26,5
-36,-314,-61,-11,-19,-10
2,-259,5,-14,-11,13
60,-208,44,19,36,-11
-5,-266,-1,7,18,40
-40,-308,-46,36,11,-42
40,-213,38,3,-11,12
24,-227,20,-16,23,3
-64,-305,-41,27,-57,5
-10,-247,-15,-5,17,-22
41,-220,39,-14,-9,27
-17,-288,-7,29,-36,-10
-45,-301,-54,6,-1,14
25,-241,44,-13,-6,-24
35,-225,46,-6,12,43
-42,-278,-57,-17,-2,-23
-27,-271,-26,-9,-10,3
39,-203,57,-29,-27,37
5,-247,5,18,6,-3
-38,-328,-74,-3,-17,-33
17,-240,14,22,-10,-44
43,-211,40,5,11,6
-40,-275,-30,25,-53,12
-11,-286,-35,-20,27,5
37,-207,52,16,13,5
5,-246,24,-2,-24,-13
-41,-301,-38,-1,41,-8
-1,-246,12,11,-10,10
33,-199,49,-5,-22,-12
-23,-267,-27,-3,-4,-37
-47,-310,-29,18,-4,-21
36,-216,36,17,9,-5
21,-236,30,34,18,1
-42,-311,-61,-30,6,4
-5,-272,-21,-4,-6,2
56,-212,32,7,6,71
-17,-270,-6,-2,2,-28
-46,-310,-45,-5,54,-5
37,-222,31,11,28,4
62,-224,23,29,22,7
-24,-310,-59,18,13,-19
-5,-279,-3,48,-28,18
54,-197,59,16,-39,3
-7,-267,-11,10,12,-21
-65,-312,-56,-28,-8,7
26,-233,17,2,38,-1
39,-190,40,15,4,-6
-43,-296,-27,-8,-3,38
-20,-269,-33,-24,23,5
33,-216,44,16,5,8
8,-250,-3,-34,11,5
-63,-306,-41,27,-18,-9
1,-242,5,-15,-20,-12
64,-196,68,-7,-18,-3
-19,-287,-35,-19,17,18
-37,-295,-41,6,-53,15
31,-222,22,-1,14,-50
3,-231,17,-17,12,-4
-49,-306,-51,-10,15,-8
-12,-256,-2,-17,-22,-42
44,-223,48,-15,-15,-3
-13,-278,-8,6,-1,-4
-37,-295,-42,28,14,-52
24,-220,27,-18,30,2
32,-197,23,-18,-2,-43
-18,-289,-54,4,-6,-15
-19,-275,1,-31,-12,-18
29,-208,40,-1,2,-53
-2,-279,-5,-6,-0,-42
-63,-289,-48,31,2,14
43,-249,14,6,-16,-6
34,-222,46,-11,-9,-24
-41,-285,-40,-2,-28,-27
-21,-272,-31,3,-4,-18
51,-190,50,-7,-15,9
16,-231,2,8,-7,-1
-61,-315,-54,32,5,-8
7,-259,13,-20,11,-1
32,-211,56,-4,16,-29
-37,-292,-31,-17,10,45
-37,-292,-43,5,-18,1
44,-209,43,12,9,28
13,-233,18,5,-18,15
-45,-302,-53,4,-10,16
-1,-292,12,-14,30,-8
60,-215,45,15,13,-24
-15,-293,-21,46,14,11
-62,-295,-54,-20,10,9
37,-218,39,10,19,6
27,-225,34,-32,-2,6
-47,-303,-32,5,11,24
-17,-270,-4,-18,-20,-15
61,-199,56,-10,2,-11
-7,-254,9,19,-11,19
-35,-286,-47,1,-4,-34
23,-231,34,-12,14,-5
50,-221,40,-24,16,19
-51,-313,-50,-19,8,-11
-16,-298,-17,-7,2,17
30,-215,39,34,6,-21
-18,-264,11,-14,-11,-2
-63,-305,-67,-20,-9,-50
25,-223,3,5,11,2
41,-199,47,-1,31,-10
-27,-284,-29,6,-1,-8
-10,-316,-33,-23,51,12
38,-207,48,14,15,14
-1,-241,6,7,-15,26
-50,-324,-54,22,-10,-54
3,-254,11,1,-1,-20
46,-223,56,-14,12,-2
-9,-278,-25,12,6,-22
-52,-302,-20,-13,18,-19
34,-219,59,-19,-23,26
29,-246,40,13,-58,30
-47,-306,-52,12,2,6
1,-269,2,5,7,13
61,-205,58,2,22,-15
-8,-269,-9,16,32,49
-52,-311,-51,-2,-28,13
10,-244,28,16,-19,-14
39,-210,25,-13,22,15
-51,-299,-31,15,-1,-23
-8,-280,-15,-41,5,3
67,-198,49,-4,13,-2
20,-261,-10,-35,4,-10
-50,-302,-42,21,-14,5
9,-218,35,33,16,-11
43,-217,49,-36,2,-22
-30,-307,-43,14,14,12
-20,-276,-43,-9,1,-5
49,-217,53,4,7,9
10,-240,10,0,5,41
-63,-304,-56,38,7,-3
-3,-234,7,-10,-34,-5
35,-217,44,-5,6,-26
-30,-271,-25,4,-0,-7
-67,-311,-52,27,-1,20
41,-204,56,13,-13,10
29,-250,33,-19,-9,-40
-40,-322,-61,17,54,-10
13,-270,-14,-39,-21,21
65,-207,45,-5,7,0
-19,-269,-14,1,31,18
-47,-310,-38,4,-3,-9
9,-227,39,15,12,-21
36,-208,41,16,31,13
-38,-299,-68,-1,-10,3
-20,-287,-23,-25,12,10
77,-197,43,-13,-13,-23
7,-256,-10,51,2,-6
-46,-295,-48,-28,-4,-24
36,-228,7,20,25,-5
40,-224,54,-14,39,6
-25,-291,-33,-12,15,20
-35,-280,-16,17,-14,-33
45,-218,60,30,17,3
18,-245,13,17,-15,-3
-54,-309,-51,10,-23,-30
12,-254,9,17,-24,-5
40,-212,55,12,13,-8
-37,-286,-22,33,25,-4
-18,-294,-36,43,4,18
10,-217,30,10,-7,-5
9,-242,19,-1,32,-1
-37,-309,-62,-7,4,27
17,-264,-10,12,-14,-5
71,-183,50,-29,-13,-3
-24,-261,-24,26,-16,-29
-43,-301,-33,-1,1,0
29,-225,17,-15,2,21
32,-216,34,-7,-37,22
-47,-314,-58,-14,13,21
1,-279,-32,10,8,8
57,-204,49,9,-5,-11
-13,-254,-8,-4,21,13
-38,-306,-68,-22,-20,-33
17,-242,34,-1,-2,44
32,-208,29,5,15,12
-43,-272,-27,-16,2,4
-21,-298,-22,32,-33,2
47,-206,36,21,-13,13
22,-242,-1,-5,10,-13
-44,-310,-66,27,-25,8
3,-238,18,-35,16,3
42,-193,36,-0,31,-1
-24,-263,-12,21,-17,9
-38,-292,-34,17,31,-9
52,-239,54,16,-9,-1
14,-239,21,-12,-17,10
-54,-295,-46,-5,-42,-21
10,-250,23,12,-26,-34
61,-206,52,2,3,12
-42,-265,-18,30,-15,-16
-44,-290,-37,35,-18,13
53,-218,36,-49,48,18
15,-231,38,21,2,-37
-47,-307,-43,-21,-15,8
-15,-266,-13,-25,8,4
50,-218,55,2,-12,4
-6,-252,13,34,9,-2
-45,-292,-58,-11,19,19
23,-218,31,16,22,-23
53,-224,39,8,0,-21
-45,-293,-33,19,20,-17
-21,-283,-6,-1,1,28
59,-210,48,-6,21,-44
-15,-249,-2,-11,8,0
-55,-300,-47,-9,10,-19
13,-217,26,-37,-15,-31
33,-225,57,40,4,41
-23,-296,-46,17,-18,3
-22,-284,-22,5,9,17
58,-206,64,8,11,-11
14,-254,31,15,-13,48
-61,-300,-38,7,-34,-30
9,-259,1,-20,25,15
60,-215,54,-36,13,-18
-18,-270,-5,36,27,11
-24,-287,-33,-3,-12,4
31,-211,32,-32,18,-29
27,-220,29,-1,-44,19
-51,-303,-40,-0,25,-1
-20,-264,-1,29,-24,17
61,-192,43,-12,-2,20
-26,-272,-2,22,-20,8
-43,-276,-23,18,2,25
34,-230,20,-2,16,-6
34,-222,29,-12,49,25
-30,-299,-49,-25,-24,22
7,-262,-29,-12,-2,26
30,-199,56,7,-23,-8
-28,-250,-18,-3,-20,-5
-41,-302,-50,-16,-0,-31
35,-235,28,19,10,-26
59,-211,43,16,-20,4
-48,-300,-51,-37,11,-35
-48,-298,-33,47,-31,-16
24,-225,30,11,-31,0
-5,-259,13,1,25,7
-55,-313,-42,-16,-39,-6
23,-259,11,-11,-8,2
41,-193,37,3,-10,5
-36,-282,-28,-7,4,-7
-41,-286,-60,-27,6,9
49,-208,39,1,-19,11
7,-231,9,-3,6,59
-21,-296,-40,-7,-5,-12
-3,-259,8,20,24,-16
39,-208,54,-14,17,-19
-11,-267,-24,13,-4,-40
-52,-302,-53,18,-34,-16
21,-211,31,26,-14,-0
29,-240,36,9,-2,29
-44,-286,-46,45,10,-7
-24,-273,-24,5,7,12
39,-201,52,49,-54,4
-14,-258,11,6,-8,-28
-44,-287,-63,-5,19,-3
16,-249,31,-8,-19,-4
32,-206,30,-15,-15,-0
-33,-288,-56,-21,-1,11
-43,-283,5,-4,-10,-26
49,-209,30,-16,31,4
-4,-233,15,-9,35,11
-57,-301,-43,-33,-18,-4
12,-222,15,-2,7,6
41,-210,39,-14,11,-12
-27,-282,-19,21,23,36
-36,-312,-51,24,-9,15
59,-216,22,5,-11,18
16,-244,21,-10,-28,-39
-55,-292,-85,-14,20,-28
-3,-260,-4,41,-27,-13
36,-214,56,-5,-10,-12
-22,-281,-3,-12,-21,-6
-52,-301,-31,5,-22,9
41,-218,44,-0,31,-7
35,-215,18,-22,-6,6
-56,-320,-41,-15,-30,8
-15,-254,-18,41,-19,14
40,-201,59,52,7,8
4,-268,-16,-15,-4,-3
-52,-317,-35,10,26,9
11,-229,19,-6,-17,9
40,-220,30,-22,3,-29
-32,-305,-28,21,4,12
-24,-284,-27,5,-22,15
57,-222,48,7,-10,-21
8,-251,15,2,-10,-10
-56,-306,-38,-42,42,24
20,-235,10,6,-1,-16
41,-221,47,16,-1,16
-31,-274,-50,8,-27,-69
-33,-275,-48,-39,-7,-0
54,-200,47,13,13,4
29,-243,33,-13,-9,-16
-41,-310,-63,-6,-4,-20
-30,-249,11,-24,44,-9
66,-212,50,19,20,-27
-27,-261,-15,-2,-12,-6
-49,-300,-48,32,47,-17
38,-227,32,-6,12,-4
29,-211,15,49,-3,-13
-47,-315,-43,-20,-8,9
-14,-257,9,-12,-4,-17
40,-204,52,-2,8,-30
-18,-273,-10,5,19,0
-48,-302,-43,0,-23,11
33,-223,33,-0,30,11
54,-228,33,-8,13,33
-34,-285,-41,-1,-22,-24
-29,-258,-21,-26,-12,41
58,-214,60,27,22,15
-1,-250,5,10,-23,2
-52,-285,-49,-35,9,-11
8,-239,21,-11,21,50
54,-220,58,-2,-4,12
-33,-289,-46,3,19,-19
-41,-296,-28,2,49,-31
60,-212,41,-2,-11,29
8,-258,11,1,14,-7
-48,-303,-46,-10,23,6
20,-242,4,-2,3,-8
53,-205,53,4,8,28
-3,-287,-20,-13,1,-8
-38,-305,-25,27,-6,-6
32,-207,57,-11,17,18
8,-217,39,-14,-30,8
-51,-305,-62,-4,-20,8
1,-266,-14,5,-16,-20
42,-211,61,17,-13,18
-13,-272,-2,12,12,-1
-59,-281,-39,32,-6,-1
22,-225,32,-17,-16,27
44,-233,55,2,-4,7
-38,-292,-39,22,6,-6
-10,-265,-26,15,-4,-10
51,-198,69,-8,2,-1
4,-261,19,-8,-2,-2
-49,-304,-29,-29,14,4
37,-235,18,14,18,24
23,-204,46,-13,34,37
-43,-289,-33,-26,-14,36
-22,-278,-27,19,-14,-4
41,-211,42,-19,11,-4
-1,-241,23,-17,32,-6
-49,-295,-59,23,15,-13
22,-238,-5,11,9,-15
39,-211,41,8,18,1
-28,-285,-30,9,-13,19
-15,-302,-27,2,50,7
50,-204,40,12,-7,-1
16,-227,39,1,-1,2
-68,-305,-43,2,-19,-17
2,-257,-29,12,-12,-23
47,-218,52,-19,-34,-36
-23,-264,-7,-21,-15,-9
-31,-308,-35,-9,-14,-21
25,-215,36,-3,17,49
22,-222,37,2,28,22
-58,-278,-76,32,-2,2
-10,-265,-4,8,4,59
42,-206,44,10,-30,23
-10,-250,23,-5,-15,7
-44,-309,-60,-15,-32,28
2,-227,27,-16,17,-1
56,-216,16,27,-5,7
-37,-306,-46,-17,16,-17
-6,-284,-21,9,-24,-12
58,-205,33,-14,1,-1
2,-246,8,-5,0,-13
-48,-310,-52,-14,1,-5
15,-260,-7,-9,-39,-15
47,-212,58,32,-3,-12
-36,-285,-34,34,7,27
-27,-288,-43,9,-25,-7
15,-211,38,-6,3,-19
25,-220,20,-6,33,0
-39,-306,-47,-32,-5,1
-13,-259,-12,18,-25,9
42,-220,62,-6,-16,-21
1,-273,-29,30,-37,24
-56,-295,-44,19,43,25
41,-225,44,13,-10,-5
28,-223,51,-21,-1,17
-40,-294,-41,2,-11,-13
-8,-264,-14,-8,16,3
43,-198,34,26,7,17
2,-257,-18,35,19,-24
-45,-303,-62,-6,4,3
18,-238,31,28,-38,-0
18,-216,29,-3,-3,-8
-36,-286,-54,28,-7,-17
-24,-281,-19,32,-17,9
30,-205,45,-4,-3,21
4,-238,-1,-14,2,1
-55,-300,-52,-33,72,14
-1,-243,18,-11,21,1
28,-217,42,26,38,5
-44,-275,-36,-30,23,-2
-25,-288,-46,18,41,6
41,-209,40,2,39,24
14,-244,19,-35,-11,2
-37,-304,-73,-22,4,-9
12,-255,9,-11,-20,-3
54,-209,31,2,-13,-2
-22,-261,-17,18,18,-16
-48,-299,-40,-50,13,-11
28,-213,28,6,31,-0
28,-226,21,-16,28,-19
-40,-313,-44,27,39,29
-1,-287,-7,17,33,-6
60,-225,42,-10,-11,1
-15,-239,-4,-25,-25,-25
-32,-298,-49,2,2,-4
31,-219,22,33,34,13
33,-214,43,0,33,27
-43,-300,-53,28,32,-14
-14,-266,-21,-7,-15,-3
37,-213,50,-7,-33,3
2,-260,-8,18,-1,-9
-44,-319,-35,-11,9,17
-6,-247,29,7,-6,-5
35,-214,35,17,-9,-0
-26,-289,-28,18,-1,9
-32,-278,-35,-14,15,17
45,-207,37,37,5,-3
-3,-241,-9,8,-19,-19
-36,-300,-56,-6,-11,9
-8,-243,10,16,-30,-14
62,-206,45,-26,-0,8
-28,-294,-20,-2,12,-15
-46,-297,-26,-27,42,34
57,-223,17,40,1,30
25,-217,17,19,-1,19
-49,-303,-49,26,-7,-10
13,-230,-16,-5,5,11
47,-220,58,20,-46,-9
15,-272,-15,21,17,-9
-59,-312,-44,-6,-27,-4
31,-236,51,7,-34,44
45,-230,28,-40,-14,46
-45,-320,-36,11,-8,30
-13,-267,-22,6,-47,4
45,-194,70,-49,-19,44
2,-261,1,-19,28,13
-39,-293,-48,-2,-14,-20
20,-220,48,-11,-10,18
38,-196,42,6,-14,10
-33,-270,-41,9,-20,28
-26,-267,-32,21,14,-3
57,-220,44,-17,-12,13
-7,-235,4,23,10,27
-46,-304,-41,-15,22,-0
8,-253,0,19,-22,29
59,-218,46,-9,16,28
-23,-288,-13,12,-4,9
-23,-288,-48,1,6,10
32,-216,48,-22,2,-14
24,-209,10,12,-8,-32
-48,-308,-57,-16,40,-4
1,-240,-17,20,28,4
54,-188,58,11,11,-10
-19,-266,-28,3,-11,-41
-35,-290,-53,-23,7,-29
30,-218,25,-4,-12,2
16,-220,37,38,11,25
-64,-305,-52,-9,9,10
-6,-268,-7,6,24,0
57,-199,55,7,8,-36
14,-275,-8,6,-24,37
-49,-308,-41,-2,-16,7
24,-239,29,24,-20,-17
45,-218,54,9,-7,-21
-38,-301,-48,-14,3,50
-8,-295,-28,5,-9,26
66,-221,62,6,61,-6
-17,-253,28,-9,14,1
-42,-304,-40,4,-6,26
10,-238,11,-25,16,-20
26,-218,37,11,9,-16
-19,-287,-20,-32,3,8
-44,-304,-29,-3,3,-6
52,-203,59,-25,47,-0
41,-241,14,7,1,-26
-30,-307,-67,23,14,-2
-2,-261,-3,-5,-13,15
47,-197,32,6,4,11
-23,-276,-16,-44,4,-4
-24,-298,-52,-8,-7,-16
31,-239,26,-1,-7,-15
24,-227,29,-12,2,6
-56,-294,-36,3,-22,2
-9,-262,-12,54,-18,11
28,-200,67,-11,-18,-18
-24,-263,1,-10,17,-15
-45,-312,-38,3,11,6
27,-222,34,18,-25,-3
12,-212,48,-21,-17,-7
-51,-302,-40,-25,-31,9
-17,-268,-16,-26,28,-26
63,-197,65,3,1,-39
4,-259,6,-18,17,-1
-52,-295,-53,7,69,42
12,-253,21,5,-26,-18
36,-202,35,4,-21,-9
-36,-270,-10,12,-13,1
-32,-303,-30,7,6,-7
41,-207,50,-0,5,26
35,-236,27,-7,-1,12
-70,-297,-45,18,-6,-40
28,-246,17,14,-29,8
50,-217,59,-6,26,-4
-29,-274,-21,-1,14,21
-45,-295,-24,12,-16,-31
43,-210,48,-9,-4,3
24,-235,20,-23,18,-20
-60,-284,-46,-39,-14,34
11,-274,6,19,-10,-12
37,-193,73,-27,20,-29
-35,-271,-8,-13,20,16
-35,-297,-49,31,22,-0
41,-233,40,-7,-6,23
25,-212,47,-5,-14,-10
-62,-300,-61,2,15,10
-24,-287,-29,40,4,20
61,-214,36,-9,-22,-21
-1,-271,2,-5,6,53
-68,-315,-59,-32,5,-26
9,-230,15,3,28,-18
46,-201,28,-8,-12,21
-43,-281,-48,-15,-5,4
-21,-300,-27,28,10,20
50,-200,49,17,5,22
-11,-231,10,27,-3,18
-58,-307,-62,-2,34,2
-12,-223,-7,-4,-14,-12
42,-197,54,-16,-40,-48
-52,-266,-30,-31,-16,-4
-35,-297,-37,-12,8,8
46,-193,53,-20,-36,2
14,-259,29,-12,35,10
-56,-319,-61,-15,14,20
8,-275,2,-46,5,-11
63,-191,43,2,18,4
-1,-256,-6,10,8,17
-61,-292,-21,-40,5,3
22,-241,42,19,-26,1
32,-219,36,-17,-6,3
-39,-285,-43,-11,-13,24
-1,-278,-8,-9,0,15
41,-213,52,2,8,-14
0,-263,-12,-6,-1,10
-51,-302,-40,-26,10,-2
38,-247,15,-9,26,-5
41,-225,38,41,17,-25
-42,-273,-32,-4,7,35
-33,-287,-22,32,32,23
33,-215,45,9,-15,-4
-5,-241,13,7,10,-1
-50,-291,-65,-1,3,16
9,-252,2,30,4,-12
64,-200,40,-6,-5,27
-38,-268,-28,-23,1,-30
-29,-296,-50,-4,45,-18
27,-239,44,10,11,-19
27,-241,13,-15,23,-33
-56,-296,-45,-27,-23,36
-9,-258,5,10,-14,1
53,-216,56,19,-3,-26
-21,-261,-9,-43,-5,-1
-53,-290,-47,-7,-16,50
49,-224,34,14,-4,-3
32,-228,24,-15,3,2
-49,-309,-37,-33,32,-12
-3,-267,0,-9,-12,-8
49,-210,52,10,-9,15
5,-236,8,-3,21,14
-41,-309,-52,22,37,4
12,-223,35,-0,22,11
53,-227,29,29,-15,-7
-40,-286,-48,-29,28,-33
-7,-277,-17,-38,6,10
49,-196,69,1,-15,-15
19,-248,-12,0,25,-13
-59,-284,-46,-19,-11,-4
11,-263,4,27,19,31
58,-201,32,-17,-5,16
-37,-275,-43,27,38,-30
-21,-287,-37,-6,-32,-0
44,-211,28,48,-27,-21
20,-239,12,0,-35,-34
-43,-315,-58,-24,32,13
2,-254,14,-6,-12,-33
46,-205,32,3,32,7
-24,-267,-9,20,2,-9
-47,-308,-54,-4,4,-4
51,-227,48,-34,-16,13
35,-237,19,-2,27,1
-53,-328,-39,17,4,29
-12,-265,-11,0,49,6
45,-212,42,8,35,4
-4,-261,-7,23,-14,8
-41,-307,-44,23,-9,58
29,-228,31,-31,-4,-40
29,-215,36,10,7,-12
-43,-302,-52,8,21,-10
-16,-276,-23,29,-3,-23
43,-241,54,19,-8,5
3,-263,-16,-39,-26,-4
-64,-318,-39,-47,27,10
24,-215,11,-47,-34,-20
49,-221,47,-9,16,-9
-30,-279,-40,-8,-14,23
-14,-293,-36,36,30,2
45,-206,34,-13,-3,14
18,-230,-4,-19,6,7
-70,-304,-42,-14,11,-6
-2,-251,-7,8,2,22
43,-212,41,7,-20,-9
-31,-259,-13,14,-9,-11
-24,-288,-34,1,-19,-9
36,-208,33,11,21,-25
25,-232,41,7,-37,-35
-47,-312,-41,20,9,5
15,-240,-5,-12,-36,34
38,-225,59,-39,0,-30
-38,-266,-9,-45,-10,18
-48,-292,-53,12,-0,14
16,-225,25,21,-5,1
29,-224,53,-26,-8,21
-40,-296,-45,5,16,19
-18,-245,-28,-27,3,18
34,-203,50,1,-23,4
5,-264,2,-31,-13,35
-58,-317,-59,3,39,-25
9,-233,8,-6,-32,41
38,-198,43,4,1,3
-39,-293,-28,-3,-22,-22
-44,-295,-24,4,-13,9
46,-205,40,24,22,-25
14,-265,18,-49,31,2
-41,-284,-43,-14,5,-6
3,-227,15,32,21,3
45,-224,39,10,-7,27
-24,-272,-14,8,16,27
-28,-311,-26,24,-27,10
39,-230,53,-30,15,9
11,-221,7,12,8,-6
-59,-293,-43,9,-21,-1
-16,-264,-4,7,16,-9
61,-206,50,8,-2,-13
-22,-275,-17,26,9,-11
-34,-302,-54,14,-44,-4
47,-216,57,1,-29,8
37,-221,26,5,14,19
-15,-304,-48,-1,5,5
-22,-263,-7,36,11,15
48,-207,49,4,1,16
-11,-260,-7,32,-29,-7
-45,-303,-39,19,7,-17
5,-245,35,-14,-15,4
23,-218,41,-33,11,4
-35,-302,-48,-2,-9,-8
-22,-288,-31,-12,9,12
45,-218,61,12,12,-30
4,-256,5,31,-6,2
-30,-303,-48,30,-7,31
21,-254,13,-8,26,19
45,-223,45,7,34,9
-37,-274,-26,3,-29,2
-35,-308,-10,-4,-1,-11
39,-211,54,-8,6,32
20,-247,38,-23,-29,16
-45,-322,-36,2,-25,24
-6,-271,4,-15,16,23
44,-223,47,-5,5,-20
-14,-276,-8,6,15,27
-37,-308,-35,-0,-28,6
30,-217,36,36,6,-6
36,-229,34,6,-15,-9
-45,-323,-43,1,-5,13
-9,-267,-11,-0,4,-33
38,-215,57,-27,28,-3
0,-276,0,27,28,22
-57,-294,-46,-2,4,9
24,-214,22,19,9,-19
28,-226,37,2,-10,4
-49,-305,-40,-39,-23,-0
-22,-271,-32,29,-29,-0
41,-198,36,-26,-28,6
5,-248,14,9,22,21
-39,-318,-64,-20,-31,6
20,-241,17,15,8,11
22,-203,60,-22,2,17
-33,-285,-39,1,-21,-21
-7,-300,-11,7,-5,3
49,-218,38,22,4,6
21,-248,25,-8,7,-6
-42,-315,-36,12,7,9
-7,-255,2,-42,-14,8
47,-193,47,13,-22,-26
-6,-290,-48,-4,-0,-11
-50,-293,-53,-1,-4,9
46,-190,38,-12,-6,-18
22,-232,34,-1,-17,-11
-50,-311,-51,-28,14,-20
-9,-263,-15,50,-16,38
26,-204,43,-12,21,-10
-7,-275,-14,-19,19,24
-41,-298,-44,-4,-20,-4
28,-223,37,1,20,3
26,-201,11,-13,-26,-32
-27,-288,-39,28,5,-3
-8,-274,-14,-3,-30,-10
65,-208,60,35,25,7
-5,-265,13,6,0,34
-63,-301,-47,28,-18,42
14,-243,9,14,-32,24
38,-230,43,-21,-3,-26
-40,-286,-31,21,28,2
-27,-302,-13,-9,47,41
36,-198,40,-17,9,-4
-2,-239,14,-28,-39,-9
-45,-308,-54,9,11,26
11,-236,-8,12,30,-2
48,-206,36,-0,28,-4
-31,-288,-30,-26,-6,-35
-36,-288,-41,-0,14,-8
54,-211,38,-25,-42,11
27,-230,29,9,7,-17
-56,-310,-53,-16,-13,5
8,-260,-22,-13,9,-7
40,-198,52,-6,-16,-15
-29,-267,-25,24,16,-12
-51,-304,-34,-3,5,2
42,-221,32,-8,-8,13
41,-222,49,10,-9,28
-41,-305,-46,25,5,2
-18,-281,-28,18,-8,-27
56,-199,53,1,5,2
4,-240,-10,-14,-2,-17
-58,-299,-54,42,-9,-6
24,-245,9,-0,-39,-14
38,-227,43,14,-32,4
-42,-295,-38,3,-11,33
-35,-288,-38,26,-29,38
38,-203,59,10,-22,5
-2,-239,2,-20,13,5
-42,-309,-54,-8,-23,-26
27,-257,5,-9,33,-8
50,-207,42,-10,-22,7
-34,-276,-34,-20,-16,-26
-28,-291,-36,9,-9,11
52,-210,50,1,-2,27
22,-242,15,-5,-24,-2
-64,-284,-40,-16,-8,23
-16,-278,4,-9,1,1
48,-211,41,-18,10,23
-7,-264,-14,-37,9,-1
-45,-306,-46,-1,9,-11
40,-234,23,39,-5,-2
27,-245,13,30,-21,13
-28,-303,-43,-11,-6,5
-12,-275,10,-8,-10,26
58,-204,62,-1,-56,23
-13,-257,-13,16,-38,-6
-48,-304,-57,58,11,15
29,-229,8,-42,37,19
27,-211,39,-4,-29,1
-51,-288,-46,-46,-9,-34
-24,-266,-16,-3,35,0
67,-210,41,36,34,66
11,-246,13,-25,35,-6
-51,-307,-40,-51,19,15
20,-230,12,-32,16,-9
50,-218,56,21,-43,6
-27,-289,-34,-18,-28,-8
-39,-307,-47,-50,-12,-6
44,-221,37,18,7,-7
36,-266,22,-43,17,15
-68,-326,-55,-9,-14,-18
1,-262,0,-26,-3,34
51,-199,54,0,-28,-12
-21,-280,-32,-5,-12,5
-41,-298,-50,-19,-9,-3
44,-220,28,4,17,13
11,-238,34,-16,-23,-22
-39,-305,-39,19,-45,8
-26,-271,-25,14,-25,18
43,-200,58,24,-1,-0
1,-257,-6,-11,8,8
-26,-308,-48,-11,-15,-32
22,-233,37,-5,-39,-26
37,-214,48,-7,-18,2
-40,-296,-12,3,-14,23
-16,-264,-22,-28,15,-18
49,-190,60,-30,7,-7
3,-272,16,-21,-7,22
-54,-311,-51,4,-7,-7
7,-248,24,-2,0,0
35,-224,42,-9,11,-15
-45,-281,-22,3,41,27
-34,-308,-23,-21,12,8
43,-204,37,-3,-10,0
11,-225,9,14,26,-36
-54,-320,-47,16,23,-9
11,-259,3,2,-10,22
60,-226,44,16,-36,-51
-19,-284,-24,-28,-6,35
-27,-318,-30,-19,-10,-30
32,-211,37,-22,4,-24
20,-245,30,-3,14,-4
-50,-300,-41,10,-3,22
10,-259,-17,-3,-16,11
45,-208,52,-38,-16,-11
-20,-264,-9,5,-0,-24
-68,-314,-65,-4,11,-13
35,-226,32,5,-17,-16
38,-238,30,-23,21,35
-47,-317,-38,20,-4,16
-2,-263,-14,5,4,5
49,-198,33,7,-14,5
-20,-249,-9,-11,-16,10
-60,-296,-43,-5,-3,3
23,-230,24,-30,-7,-9
36,-219,29,9,-6,-11
-48,-310,-38,27,-1,-40
-7,-281,-20,36,21,-14
44,-222,44,-5,-21,50
4,-237,21,20,-14,-7
-33,-304,-38,11,9,-29
7,-243,10,-8,4,10
33,-211,53,-3,10,-41
-38,-292,-42,40,-17,23
-35,-295,-43,55,11,-23
47,-214,38,-8,49,11
27,-228,29,-21,-25,-7
-47,-311,-50,12,22,11
-5,-267,14,-8,14,-4
40,-205,56,2,8,21
-27,-256,-6,-12,12,5
-41,-303,-41,-1,-3,-1
31,-222,29,-30,-9,37
42,-225,43,29,23,19
-29,-298,-50,8,4,-20
-16,-289,-9,17,-17,8
39,-215,41,15,-10,-9
-9,-276,-5,6,-8,6
-50,-312,-38,-21,-10,31
28,-242,21,-4,-2,29
56,-206,52,48,-11,-17
-41,-271,-40,19,-22,-16
-22,-272,-32,-6,-4,24
37,-212,56,-15,7,-6
-7,-245,6,18,27,24
-51,-327,-55,9,0,10
7,-249,26,-19,-10,18
58,-214,31,32,3,-15
-26,-289,-23,-12,-1,17
-39,-271,-43,-4,-21,-2
39,-217,42,-22,22,13
35,-231,24,-24,-14,-18
-58,-299,-42,-24,13,-19
11,-274,9,-25,-20,-41
63,-219,40,-32,-7,-42
-29,-268,-30,-26,35,20
-44,-279,-20,-5,-11,-5
42,-237,50,1,3,-20
41,-226,23,-6,-1,19
-34,-307,-63,-23,-12,3
-20,-270,8,12,-60,29
40,-214,60,3,-2,-18
-3,-265,-14,17,5,-7
-60,-299,-49,-8,10,-1
28,-233,23,-24,-11,-23
53,-192,48,-0,-13,-5
-37,-288,-41,15,-1,16
-20,-274,-20,1,-3,-24
29,-215,51,-11,17,-18
9,-260,7,-16,-21,-19
-45,-303,-52,8,-0,6
35,-246,8,-10,-51,8
39,-216,57,23,-28,-31
-27,-299,-27,6,-18,1
-25,-288,-48,-4,-17,20
37,-231,53,30,-19,5
11,-253,16,9,5,13
-48,-290,-59,14,7,14
11,-254,11,-2,-3,40
43,-215,30,9,6,7
-11,-285,-45,17,-9,4
-22,-297,-44,-29,-17,-8
48,-212,27,37,4,0
39,-228,28,28,-30,-25
-50,-304,-52,19,-41,-15
-9,-261,-11,-10,12,3
41,-194,50,-28,25,33
-26,-264,7,-5,-20,15
-49,-289,-59,4,8,-10
36,-237,14,-25,-17,2
51,-213,39,-18,10,8
-37,-314,-40,-28,6,8
-34,-281,-26,-7,-17,22
36,-214,38,12,8,11
1,-255,13,11,-18,-15
-41,-296,-60,-42,-3,36
23,-248,16,7,1,-4
48,-217,49,-10,22,18
-45,-295,-33,6,5,-15
-32,-294,-29,-7,-46,3
48,-221,34,39,19,-21
27,-236,33,-11,39,-9
-48,-304,-38,-8,5,-57
18,-251,-6,3,-1,-2
52,-209,38,34,-0,-7
-32,-288,-25,15,-8,17
-45,-281,-27,-1,12,-15
42,-218,35,-51,42,32
26,-219,25,4,28,10
-44,-294,-50,-50,-22,-33
7,-244,-8,27,2,9
42,-189,39,17,11,-12
-7,-250,-16,-2,-2,-19
-55,-283,-49,23,13,-24
14,-238,32,3,-17,19
44,-225,37,16,-15,9
-54,-298,-43,28,-8,32
-22,-266,-4,-7,-7,-10
20,-204,69,-6,-20,6
-14,-267,13,1,-20,33
-45,-310,-45,-8,-5,30
22,-236,19,-12,-18,-45
40,-203,48,10,10,16
-44,-288,-61,7,-10,-4
-40,-283,-23,-12,9,-1
49,-205,41,12,-2,24
8,-267,26,-2,9,-4
-55,-303,-56,-16,8,-21
13,-246,9,21,-18,19
45,-207,46,-22,-20,19
-30,-277,-30,-1,-3,-31
-20,-274,-19,-36,40,0
19,-211,28,-0,-6,-12
21,-234,13,-0,-29,5
-42,-289,-49,31,22,19
1,-256,8,19,-8,-2
70,-205,52,-5,17,-14
-12,-284,-15,-8,3,2
-50,-293,-62,-4,-4,-4
42,-226,38,6,-2,-10
19,-229,26,22,13,-8
-34,-314,-40,-19,37,6
-27,-263,-20,-9,-1,3
53,-208,51,-8,-13,36
-13,-268,-11,29,-5,-29
-34,-310,-25,27,0,7
37,-247,25,-5,15,23
43,-213,38,2,-21,39
-34,-295,-33,-7,11,-11
-26,-296,-17,-17,17,38
49,-210,44,14,-0,1
-8,-252,28,-28,17,32
-64,-312,-39,23,-20,-7
2,-241,22,-7,-6,-44
50,-213,24,37,-8,-8
-32,-292,-26,-11,-12,7
-30,-291,-16,-22,1,-39
33,-205,32,5,-11,-10
-9,-240,17,-14,6,10
-56,-300,-59,11,-9,7
2,-264,2,23,9,-8
53,-208,54,-9,-20,28
-20,-260,-38,44,-21,4
-56,-293,-50,-6,21,-25
32,-220,30,22,-8,-4
20,-243,26,-18,-31,-29
-45,-280,-57,-29,20,-5
24,-262,-17,2,13,48
52,-187,39,13,11,-20
-7,-249,-9,-69,50,-15
-32,-300,-44,24,-18,13
40,-204,23,31,29,25
35,-224,32,7,12,5
-63,-308,-49,-3,12,-26
-30,-256,-33,-41,-10,34
40,-198,40,-11,11,3
-3,-262,4,-28,-25,-4
-34,-298,-43,4,47,23
27,-230,15,-25,11,-3
51,-216,49,17,-1,21
-26,-290,-36,5,10,-47
-42,-277,-38,23,12,-1
22,-223,53,-29,-34,-22
18,-245,1,25,6,48
-60,-288,-59,-10,32,2
2,-263,-18,-23,16,-4
41,-216,57,11,-34,43
-48,-272,-18,20,6,-12
-40,-286,-46,-14,2,-16
50,-210,30,13,27,-14
23,-228,14,-5,22,-28
-41,-286,-52,28,-20,-12
-21,-258,3,7,-1,-9
48,-212,43,-11,-10,-3
5,-270,-13,26,12,-7
-50,-310,-55,21,-4,-27
16,-239,35,-15,23,-14
46,-234,42,1,-7,-21
-26,-294,-46,31,15,-41
-19,-281,-18,-0,-45,1
59,-185,44,20,-9,-9
-9,-250,-5,8,-29,-7
-64,-306,-69,1,-1,6
26,-231,26,-3,-41,14
53,-218,32,6,-25,4
-40,-276,-25,24,-9,26
-34,-267,-18,-14,-15,-3
48,-205,37,8,6,-40
6,-251,26,1,-35,2
-56,-327,-59,8,17,-5
30,-252,13,17,43,-7
52,-199,42,-3,-2,-29
-45,-290,-13,26,-49,-30
-47,-292,-42,36,-15,-13
35,-231,40,20,-9,22
19,-236,20,-45,3,-39
-36,-315,-57,-22,-8,3
13,-278,-7,-4,-28,-3
39,-212,49,27,15,-9
-11,-285,-19,-4,-3,-1
-36,-314,-50,-3,1,4
21,-218,33,-10,21,-30
44,-220,13,11,24,15
-30,-297,-29,-4,25,-10
-31,-283,-3,12,46,-12
58,-203,53,-24,-13,26
-4,-254,5,2,-3,19
-46,-301,-33,-9,-7,-8
28,-220,14,-9,8,-24
51,-202,7,18,-4,-5
-49,-294,-50,-23,6,-43
-39,-287,-29,-9,8,10
52,-202,22,16,-18,-28
5,-245,-2,-16,-21,-12
-40,-313,-42,-27,4,-2
-3,-246,13,-3,-22,-21
33,-226,66,5,-2,-16
-38,-295,-11,-3,9,33
-34,-294,-24,8,1,12
28,-212,55,22,-7,-23
31,-231,25,-32,19,-3
-47,-296,-51,-14,-2,-35
-15,-251,9,-5,2,-4
53,-207,51,-4,-43,-21
-8,-272,-30,0,17,-14
-43,-295,-35,3,36,-12
32,-221,25,-5,12,3
23,-228,32,23,-60,23
-34,-306,-57,-20,-10,1
2,-284,5,-18,-17,5
65,-200,59,15,-12,-27
-6,-249,-10,18,-41,-2
-37,-301,-51,-14,26,7
26,-235,25,8,-7,-14
45,-212,53,10,-2,28
-38,-302,-37,21,2,1
-21,-278,-14,19,-8,8
40,-214,51,-16,-7,8
2,-255,4,-16,19,2
-51,-293,-50,-6,9,19
11,-237,8,5,-17,4
37,-213,45,-34,-14,13
-18,-294,-28,14,24,-9
-35,-311,-30,3,-14,1
48,-212,42,-38,11,14
9,-245,21,-9,-2,31
-59,-312,-40,19,-14,-11
25,-238,-10,7,-26,17
40,-196,66,11,10,-14
-27,-290,-20,26,-0,24
-28,-282,-46,-6,-6,-13
37,-214,49,-23,13,-5
37,-236,40,-5,-16,-11
-47,-300,-63,-12,-12,14
-26,-285,-24,36,24,2
48,-205,44,-24,20,-9
-25,-282,-8,-22,-48,16
-29,-314,-40,-11,-36,5
26,-229,36,5,12,8
56,-227,37,16,26,23
-30,-286,-56,5,-10,-2
13,-284,-26,-4,2,25
48,-204,53,-13,-9,2
17,-262,-6,-27,8,-3
-50,-305,-65,12,34,10
33,-262,16,5,10,6
41,-231,40,-15,18,45
-29,-277,-21,8,11,14
-22,-281,-12,3,-1,18
33,-210,38,-5,-25,2
30,-254,15,-17,-31,8
-59,-302,-32,-10,5,24
9,-260,-2,-32,-42,8
39,-218,36,-11,23,-12
-55,-286,-22,6,37,20
-45,-288,-41,40,10,17
33,-217,46,5,16,-32
19,-218,17,8,-22,-19
-25,-305,-54,52,26,-43
-7,-285,-6,13,25,2
54,-218,60,-16,-22,28
-3,-263,-24,-13,-16,9
-63,-308,-47,-19,38,-11
27,-246,12,-9,8,5
38,-213,32,6,20,-19
-25,-296,-58,8,-15,-25
-27,-292,-32,-9,51,-4
51,-209,56,-21,-2,1
8,-257,-9,58,20,32
-50,-309,-41,-24,37,-5
30,-232,20,-7,0,-22
39,-196,44,-14,19,11
-33,-306,-48,22,-32,-30
-17,-286,-28,5,-1,29
70,-207,42,12,1,32
-5,-249,3,-0,-43,-6
-65,-323,-59,5,-39,7
3,-243,0,26,21,-15
60,-201,52,36,-23,-16
-31,-270,-24,-0,2,-5
-43,-292,-32,-18,63,-6
47,-215,45,2,27,3
26,-242,26,28,1,7
-45,-304,-44,13,-34,-23
7,-252,8,-17,11,-31
43,-195,59,13,19,34
-24,-246,-3,12,-23,4
-35,-296,-25,9,-26,-3
25,-223,33,7,-25,13
54,-218,51,-19,12,16
-41,-314,-48,13,-7,21
-20,-288,-42,-38,12,4
45,-218,65,-9,-18,-15
-15,-265,4,-25,34,24
-44,-282,-56,6,-23,0
21,-259,25,-2,10,1
31,-213,37,-15,14,14
-49,-317,-35,21,16,14
-36,-284,-18,11,-17,11
38,-216,40,18,11,6
9,-246,2,5,11,16
-49,-321,-58,-10,12,-22
20,-248,32,-12,-7,12
34,-211,49,2,-1,15
-37,-280,-35,-5,-19,3
-42,-295,-42,10,11,21
24,-227,54,30,-13,14
28,-233,21,-5,18,-2
-44,-303,-45,-21,-6,11
22,-251,2,29,-29,-16
61,-204,63,8,0,37
-37,-273,4,16,14,19
-48,-294,-62,0,-27,-34
43,-225,39,-9,24,-6
35,-239,25,-5,-6,35
-41,-321,-42,-7,-4,24
-9,-256,-10,18,-0,-18
43,-201,40,40,7,32
-12,-266,-6,-6,29,51
-45,-296,-35,-1,-9,-0
21,-228,27,-26,-32,-16
31,-244,39,18,-15,6
-28,-281,-30,-1,-10,33
-9,-278,-21,29,27,35
54,-226,63,27,-7,40
1,-251,17,8,11,-5
-62,-310,-27,9,-10,21
22,-243,24,13,20,6
26,-201,25,24,25,-14
-27,-297,-25,-11,3,1
-39,-292,-21,-6,15,26
43,-222,46,-29,7,-1
3,-247,17,4,-11,-13
-63,-293,-36,-38,18,7
-8,-256,5,-21,2,1
43,-204,50,10,7,9
-14,-281,-24,14,5,-2
-38,-298,-42,-3,33,16
50,-209,46,12,25,10
38,-228,32,22,15,-14
-49,-312,-43,14,-39,27
2,-272,6,10,1,-17
63,-206,48,-12,9,-6
-6,-262,-12,32,-4,-21
-48,-302,-37,31,14,1
37,-234,27,-21,-17,8
47,-213,45,-46,42,18
-57,-292,-35,-30,21,-6
-24,-266,4,-22,21,5
41,-191,56,1,7,19
-2,-239,-9,20,21,17
-56,-302,-56,-44,21,-34
20,-239,18,-5,-20,25
35,-214,51,26,22,16
-16,-305,-44,-33,-31,9
-40,-273,3,-39,5,19
54,-214,48,-10,0,20
21,-249,8,-16,21,-14
-58,-307,-59,-2,18,26
7,-256,7,-18,18,-0
38,-224,44,-22,12,32
-5,-277,-10,-25,-6,-28
-32,-284,-17,-7,-0,11
37,-216,30,-6,-8,-2
19,-250,15,31,11,7
-46,-305,-52,16,-4,-19
-6,-253,8,6,-25,-25
39,-212,54,8,4,3
-18,-256,-21,4,-18,-13
-43,-299,-31,-3,-9,-1
29,-223,23,-12,2,-14
26,-223,27,-7,28,-24
-45,-291,-38,-16,-11,-14
5,-263,-13,-48,10,23
45,-202,49,-16,23,3
5,-271,6,0,7,14
-50,-305,-57,-1,-15,40
19,-237,11,11,-3,16
40,-192,13,-7,9,-13
-31,-285,-56,5,-22,-19
-9,-267,-15,2,6,8
60,-212,38,0,-5,21
1,-265,-10,13,-4,17
-52,-308,-45,14,-7,-9
26,-252,-3,-1,-12,-11
64,-209,44,12,29,-23
-30,-281,-20,-6,24,-17
-26,-287,-38,1,30,-21
30,-218,36,-36,-30,-9
20,-223,30,9,16,25
-45,-317,-68,-18,17,22
12,-264,2,16,-3,-24
72,-189,44,30,-21,18
-10,-281,-18,37,30,25
-32,-292,-36,22,-7,-2
33,-215,30,-24,-41,-37
18,-227,35,-2,14,-14
-46,-299,-54,-13,19,41
-9,-248,-11,35,-27,21
55,-223,49,5,-1,-5
-0,-255,1,-28,-11,4
-53,-284,-49,-7,40,0
13,-237,12,-39,-1,4
33,-214,43,-10,11,65
-39,-282,-41,-5,7,-2
-42,-267,-15,-1,-6,-11
71,-217,41,-29,-11,-19
1,-234,10,-20,-24,31
-62,-307,-48,-10,-5,11
13,-257,28,20,-13,3
23,-222,42,2,-14,15
-47,-293,-33,-13,-11,-35
-29,-299,-44,40,36,-7
45,-208,46,5,-9,-23
25,-240,11,-9,-6,9
-37,-317,-61,2,3,-35
-3,-242,-8,-6,29,29
47,-221,51,-30,-25,51
-18,-271,-12,3,11,-13
-43,-311,-51,-20,-2,-25
47,-201,39,4,8,8
25,-219,29,18,-2,-22
-44,-293,-54,-3,-52,9
-19,-262,-4,-3,25,6
76,-213,52,16,-6,2
-10,-272,-14,36,-17,22
-42,-296,-58,-26,-9,2
10,-248,46,-20,-20,30
39,-199,40,11,5,5
-45,-283,-43,-9,-0,26
-16,-268,-23,-5,21,25
49,-229,63,-24,27,41
-13,-263,8,40,-14,-16
-60,-296,-43,13,40,3
-1,-236,19,-11,9,-9
66,-214,59,-2,-18,-5
-21,-290,-18,13,38,25
-22,-285,-28,1,9,-11
37,-201,56,-0,4,4
16,-244,12,-47,10,2
-64,-307,-57,17,32,-20
2,-232,9,52,43,-47
48,-209,57,-14,28,12
-10,-290,-13,6,8,-22
-20,-277,-39,-12,-18,13
46,-211,46,-24,25,-12
7,-233,30,-16,-2,-14
-25,-299,-49,7,23,-8
-24,-257,-4,-29,5,10
49,-217,61,12,21,-25
-14,-267,-20,-11,35,7
-56,-311,-68,6,67,-3
34,-218,31,-1,-5,-14
40,-222,42,19,-12,-23
-35,-313,-48,-10,-20,3
-34,-272,-9,-11,19,8
39,-223,45,35,7,22
1,-241,-25,-30,16,6
-34,-304,-39,13,20,13
19,-239,0,21,40,16
49,-212,35,39,-1,-8
-19,-305,-41,-3,21,-21
-31,-269,-25,9,8,-13
41,-214,42,4,9,2
-3,-241,14,25,-13,-55
-53,-286,-64,26,1,21
6,-250,5,7,54,36
34,-205,65,-0,-6,-1
-16,-269,-11,-33,9,34
-56,-294,-34,19,-22,17
44,-213,28,-14,-54,6
14,-226,5,-6,14,3
-46,-313,-48,-3,-12,-27
-1,-268,-11,-13,-7,17
48,-212,41,-22,-12,-34
-12,-268,-33,23,-15,-25
-30,-306,-43,11,-15,-11
36,-236,36,19,-17,-3
25,-235,23,48,16,8
-41,-307,-56,12,-26,-5
-8,-249,-11,-6,-24,32
51,-215,47,1,32,9
-5,-258,11,5,-21,-1
-69,-317,-50,-23,8,4
19,-241,12,-3,-9,-7
40,-203,41,9,40,6
-35,-297,-44,19,15,2
-50,-280,-36,-20,26,-5
52,-193,44,7,17,-41
15,-248,-5,-24,-0,8
-30,-302,-54,-0,5,-18
2,-243,4,-1,-6,9
44,-219,40,-11,11,-11
-47,-300,-15,0,-0,-48
-34,-282,-33,-30,-2,-33
42,-213,48,16,-5,-9
13,-243,25,-25,-13,-22
-44,-306,-64,-15,-10,-16
10,-255,-7,-5,-15,9
54,-192,52,-3,-4,-9
-36,-260,-22,-16,12,2
-32,-297,-32,-13,-13,-13
24,-223,39,-17,-4,27
20,-234,34,-2,-20,-53
-51,-286,-63,-29,4,-35
0,-264,-3,12,-6,13
37,-219,63,12,16,28
-19,-243,7,-5,34,-29
-58,-276,-37,17,-14,25
22,-240,27,11,-16,31
51,-235,42,-19,-10,0
-36,-287,-45,-17,-16,7
-18,-291,-27,17,19,-17
60,-215,39,34,13,-6
3,-252,20,-41,4,-1
-54,-285,-54,9,15,-3
17,-234,13,-2,39,-17
48,-225,43,-16,-16,12
-40,-275,-21,41,5,4
-23,-270,-32,-10,-16,-2
65,-216,39,-1,18,-61
13,-245,24,-15,-15,-27
-63,-301,-42,-17,19,15
14,-253,9,24,9,19
43,-204,60,-12,2,10
-18,-291,-24,-19,-18,-9
-31,-304,-44,10,21,-1
46,-216,38,-7,4,27
26,-212,29,1,-26,7
-46,-320,-62,-7,-12,-18
-8,-253,-9,8,-12,8
45,-203,36,-2,-13,3
-0,-267,7,4,15,42
-44,-302,-44,31,14,-32
45,-233,22,-30,-1,-14
44,-201,56,-29,14,10
-49,-294,-30,9,-9,-6
-25,-275,-20,1,9,3
60,-203,60,11,10,-20
-9,-246,3,-8,1,5
-22,-310,-40,-10,-18,25
14,-241,24,18,2,-6
39,-209,42,-4,7,13
-42,-284,-37,7,35,-30
-35,-284,-33,2,11,12
42,-203,64,-9,-25,25
9,-238,11,-10,2,3
-45,-319,-59,-1,-5,-10
11,-241,5,-8,17,-25
49,-221,55,11,7,7
-13,-271,-40,-6,-19,-26
-28,-282,-19,-21,-15,-5
66,-233,21,-11,-21,36
21,-226,19,1,-3,4
-39,-297,-47,-0,-1,9
-15,-239,-1,12,-10,20
59,-206,47,-12,22,-2
-24,-268,-19,14,-45,6
-49,-298,-30,20,-32,13
33,-223,33,14,44,-34
32,-216,19,20,-13,3
-68,-322,-45,-23,24,-12
-30,-271,-15,31,-12,-11
36,-211,26,-25,-0,-20
2,-263,-6,-8,16,24
-54,-306,-39,35,22,-58
23,-240,44,10,16,-3
28,-217,45,-9,8,3
-25,-281,-41,18,-9,2
-29,-296,-33,9,-38,-9
55,-192,45,-18,-25,-28
13,-252,5,5,-49,-9
-46,-314,-49,14,4,17
29,-239,4,16,-32,-4
41,-195,49,-11,-27,-8
-18,-273,-16,-26,23,2
-35,-283,-38,-7,-2,-0
41,-227,30,-45,-14,8
22,-235,25,-2,-57,-15
-63,-308,-21,-2,-13,-34
-12,-256,8,-10,-18,34
47,-206,46,11,-3,-12
-15,-262,-10,-15,15,-37
-34,-304,-53,-2,-1,-3
36,-232,49,18,-10,-14
36,-234,32,-48,20,-4
-60,-293,-40,-20,-4,12
-22,-265,-23,35,7,17
48,-205,65,17,-18,-17
-25,-271,-5,14,-25,2
-50,-297,-60,14,11,-26
28,-224,45,53,26,-8
38,-209,31,9,10,37
-30,-285,-36,-12,-31,28
-34,-272,-28,-24,-3,-3
52,-234,44,-1,-4,9
6,-255,8,22,3,-21
-62,-286,-47,-8,13,-13
9,-237,24,-8,-0,-20
50,-217,27,-19,-47,3
-38,-302,-36,4,-20,31
-23,-306,-40,8,1,-4
68,-225,41,20,11,-4
19,-239,23,-13,23,4
-38,-297,-38,10,-13,37
21,-255,-0,-24,3,-37
50,-187,50,43,29,10
-10,-268,-34,-20,-23,25
-28,-291,-41,-15,-19,-47
42,-212,34,17,-26,18
22,-216,32,25,9,13
-42,-303,-49,9,12,-28
-9,-266,-13,20,-8,-10
47,-198,47,-18,-15,25
-17,-254,-11,-32,38,7
-58,-292,-42,-30,-13,12
17,-231,21,25,29,-29
58,-215,38,41,-12,8
-33,-295,-53,-20,-18,6
-14,-257,-18,-29,-14,3
61,-209,57,15,-18,27
20,-279,9,-21,18,-7
-71,-315,-44,-34,1,-12
6,-245,12,-34,-8,10
40,-223,43,15,5,-34
-23,-287,-25,7,-16,-6
-35,-299,-31,8,28,-3
32,-203,57,-10,-3,18
16,-233,8,-14,21,7
-53,-301,-57,-22,-12,-2
-7,-264,9,-45,42,10
77,-179,79,-2,-3,17
-17,-281,-47,-50,-46,-21
-42,-306,-29,-18,-43,-26
35,-195,36,-15,-13,3
12,-237,37,-13,-14,-9
-53,-299,-45,-17,-3,38
-11,-251,-5,15,2,28
49,-212,54,-29,10,-19
-3,-269,-3,17,-0,-19
-51,-279,-36,11,-32,-12
34,-228,20,2,17,-10
34,-228,34,15,20,1
-36,-294,-64,25,-2,1
-19,-268,-35,45,-9,20
44,-203,43,9,19,-32
5,-267,0,-22,8,10
-46,-285,-26,-19,-9,-35
25,-234,12,22,29,-12
44,-235,25,-8,10,17
-24,-290,-30,-6,25,37
-35,-291,-37,33,-14,-2
38,-219,34,-11,28,-2
38,-252,7,-7,1,36
-46,-307,-56,-11,8,-11
10,-255,-4,-18,-2,-2
28,-202,60,-9,2,14
-34,-289,-20,15,35,8
-39,-298,-26,-18,10,2
49,-200,43,31,-13,8
17,-255,11,13,44,37
-23,-291,-60,-7,-30,-1
-15,-251,1,-6,11,5
15,-216,47,-46,-16,-4
-12,-285,-19,29,-2,9
-52,-311,-41,4,9,3
17,-213,27,5,-1,19
27,-217,32,27,7,1
-49,-306,-41,-3,22,7
-28,-275,13,10,-20,-16
56,-196,40,13,5,12
-8,-252,-6,-24,13,12
-53,-306,-39,-42,10,-11
29,-230,22,40,54,-42
28,-200,30,-23,10,8
-25,-298,-26,-10,8,-17
-7,-291,-15,11,-38,-10
47,-204,52,-39,0,-19
24,-266,-8,-5,9,-15
-42,-303,-50,13,32,2
29,-239,-1,0,-13,-14
63,-215,10,-2,-0,11
-5,-278,-38,-28,-26,-36
-24,-299,-42,-18,-36,3
39,-201,43,-3,-14,-12
22,-229,12,-6,-23,35
-49,-311,-59,19,19,19
14,-266,11,30,-2,-26
65,-209,53,-36,-39,26
-13,-266,-11,-13,21,-1
-37,-287,-41,-10,2,6
36,-207,25,-17,-24,-30
17,-224,19,-11,2,1
-52,-297,-52,8,10,11
-15,-263,-18,9,-4,-3
66,-214,60,-11,-22,38
-5,-284,0,5,-21,16
-42,-310,-45,20,10,-9
16,-224,22,31,2,-5
45,-212,55,-24,-31,-31
-37,-315,-46,-7,20,-35
-11,-281,-20,18,-24,2
39,-209,43,-28,6,-7
12,-247,5,13,3,-17
-48,-306,-65,10,-4,-14
27,-242,16,-12,15,20
26,-212,44,1,27,-3
-42,-277,-27,-15,-14,1
-16,-290,-36,-14,-1,-9
32,-206,45,-17,-2,-22
15,-223,6,5,5,-21
-45,-304,-51,-34,10,-7
-0,-249,20,23,-17,-8
46,-202,60,3,-9,-4
-33,-277,-33,-7,7,18
-19,-297,-54,42,25,35
41,-238,52,29,51,3
48,-232,36,-15,19,12
-39,-296,-53,-29,7,14
-20,-246,-0,23,-16,31
42,-201,47,21,-27,-34
-7,-270,-10,16,6,-49
-69,-298,-52,39,-22,-5
7,-217,14,-4,7,-13
20,-234,42,-11,26,-15
-57,-314,-57,-33,44,-0
-41,-278,-19,-2,1,29
61,-212,65,-42,10,9
-8,-237,-7,-10,25,3
-49,-311,-38,18,-8,9
24,-232,-0,30,-18,-8
49,-216,56,26,25,16
-35,-281,-35,-19,-13,25
-32,-291,-18,-24,-14,-5
17,-217,34,11,-14,21
28,-250,17,48,-4,3
-46,-322,-34,-1,41,12
1,-255,20,1,25,28
49,-211,43,-39,15,50
-18,-271,-37,31,23,-7
-27,-290,-41,-17,-8,0
50,-226,50,2,29,-10
16,-235,27,14,-7,43
-40,-294,-45,-21,-21,-13
6,-276,8,20,-4,-1
60,-210,35,11,37,25
-26,-263,-5,-3,-4,-18
-56,-301,-41,-4,9,-42
50,-238,43,-3,20,-9
32,-219,29,17,30,2
-54,-287,-42,-40,5,-10
-25,-290,-17,38,-4,-34
41,-198,45,2,-19,34
3,-247,2,49,-8,-9
-50,-314,-25,-37,-4,-12
9,-225,11,-21,-12,-12
42,-208,33,8,8,-18
-23,-286,-32,-3,-3,-13
-33,-277,-25,0,4,-10
59,-213,52,-3,-2,-15
16,-233,12,-12,-4,-46
-38,-308,-46,-3,-8,5
32,-248,22,12,43,6
59,-213,66,-16,14,-8
-42,-298,-37,-4,0,5
-48,-292,-26,22,-35,5
51,-226,30,-19,-10,-52
19,-236,22,-7,0,-15
-54,-302,-44,-14,1,7
6,-248,-10,5,2,21
39,-226,42,37,14,1
-13,-267,-28,-2,29,-21
-47,-293,-43,-33,21,21
35,-233,42,24,-26,-23
34,-218,31,39,26,-22
-37,-303,-20,2,-55,-9
-13,-260,-23,-3,-25,-38
37,-201,43,-16,8,-14
-2,-257,-0,17,50,6
-49,-305,-50,19,-34,9
18,-226,25,4,-10,4
47,-222,45,5,13,-1
-32,-295,-43,24,-2,11
-29,-297,-24,28,12,-23
62,-213,41,-21,-15,26
4,-255,14,-18,9,46
-56,-300,-42,-1,34,45
13,-231,23,-29,47,29
43,-226,37,-18,-26,-4
-30,-280,-39,3,-21,26
-42,-298,-34,25,-37,14
46,-206,33,3,11,19
17,-223,16,24,7,8
-50,-308,-53,8,-46,10
8,-253,21,-0,47,-18
42,-212,58,26,45,23
-26,-280,-15,-6,28,-8
-46,-293,-59,-6,16,31
37,-233,38,-11,8,-14
46,-229,42,-36,-13,-10
-56,-301,-53,-6,28,23
-15,-266,-20,51,-12,15
55,-214,49,21,11,-12
-2,-273,-1,11,-39,-18
-35,-306,-36,8,12,-26
27,-217,33,-19,11,-33
34,-206,34,-5,-23,10
-29,-306,-31,-36,-11,-19
-29,-285,-24,-11,-9,-7
40,-206,47,-17,24,-0
-3,-250,19,20,-65,18
-38,-287,-54,32,10,22
12,-245,10,4,26,7
33,-218,49,9,7,15
-14,-290,-47,4,-17,3
-39,-287,-38,-3,-29,-9
40,-201,63,8,-18,-20
21,-222,14,7,10,-19
-60,-288,-58,22,31,-6
13,-249,-4,13,58,3
50,-223,59,19,-33,-16
-37,-276,-31,-5,14,-26
-21,-282,-35,4,17,-16
28,-217,38,6,13,-24
9,-228,7,-45,16,12
-43,-319,-30,-1,5,-5
3,-261,-3,4,-9,-22
23,-186,57,22,14,-15
-9,-259,-27,36,-2,-6
-59,-301,-50,-2,-30,-30
32,-230,20,-22,9,-2
25,-214,41,8,6,62
-42,-282,-60,7,-3,40
-23,-265,-16,-16,-0,18
55,-221,56,-38,-9,2
27,-255,18,19,-1,11
-56,-305,-37,-11,-22,-7
39,-213,15,28,42,13
55,-226,38,-14,8,-2
-30,-289,-28,-35,9,-8
-39,-286,-14,-3,-7,25
43,-214,50,-21,-13,-21
16,-251,-3,-27,12,-6
-64,-299,-50,-0,24,-14
22,-250,10,0,-13,28
37,-219,31,40,-20,-24
-32,-275,-27,-27,-14,-16
-35,-286,-47,-7,12,5
52,-233,38,22,3,31
17,-255,14,17,15,6
-54,-306,-59,-12,5,32
4,-241,-9,-25,19,-14
24,-201,47,29,19,-4
-5,-264,-21,-1,1,2
-29,-291,-36,2,1,-39
34,-214,38,13,-1,-10
26,-222,34,-6,-31,-15
-38,-303,-31,-28,17,1
-11,-263,-2,-22,7,11
50,-220,38,-23,-2,-2
1,-255,-12,-25,1,-7
-31,-309,-43,-15,-9,-6
10,-234,34,1,6,-22
21,-221,34,-1,19,5
-21,-306,-41,4,16,10
-27,-291,-45,2,7,2
53,-203,57,32,-14,16
7,-254,13,10,9,-4
-38,-324,-54,-19,-12,-11
4,-237,21,1,-20,0
67,-196,62,-6,14,-8
-22,-263,-20,16,15,-12
-30,-292,-35,9,10,18
25,-222,53,-9,13,-20
21,-224,11,9,-29,22
-34,-293,-52,-17,-24,9
10,-263,6,7,-26,-13
52,-207,35,31,6,1
-17,-264,-17,48,24,1
-45,-311,-32,15,7,18
36,-218,35,-28,-15,18
31,-231,9,6,30,2
-26,-301,-41,-10,13,8
-19,-269,-8,-25,29,-9
34,-208,58,-23,0,-7
-1,-259,2,-2,-16,-2
-59,-313,-42,12,-18,-10
25,-226,19,-7,-10,-12
47,-226,26,-11,-11,1
-45,-304,-32,-17,-53,-5
-31,-277,-9,-4,5,-1
35,-208,48,19,25,-20
-8,-245,24,7,27,23
-59,-314,-58,-3,-5,8
33,-245,17,12,35,-18
39,-232,53,14,-9,-59
-17,-283,-29,10,19,18
-12,-303,-25,25,-30,-22
58,-203,49,17,10,-11
16,-241,20,30,-27,12
-53,-298,-60,-4,-0,-40
4,-244,6,-8,-9,15
65,-200,51,5,20,14
-17,-302,3,-7,-20,37
-48,-298,-48,31,5,3
37,-235,52,4,-3,-4
3,-242,15,-2,21,2
-53,-320,-59,-13,-15,39
-9,-262,0,-37,-12,-50
43,-216,54,12,-26,22
12,-263,-16,-7,11,4
-54,-309,-57,42,-9,-7
46,-244,32,-22,-15,-13
33,-225,31,-1,-33,-11
-48,-296,-45,3,-19,-8
5,-289,-19,-32,15,-9
43,-224,55,25,-8,-1
-23,-245,-4,-25,-0,-26
-52,-305,-54,14,-4,-10
28,-232,22,-21,-14,-17
34,-190,32,-16,9,14
-23,-288,-36,-13,-26,1
-32,-296,-44,19,-23,9
47,-210,56,-21,-4,-7
5,-242,4,-2,5,3
-64,-308,-41,5,10,-8
11,-240,-8,-29,19,-14
43,-179,43,15,21,9
-25,-285,-12,10,-9,-7
-36,-287,-27,-42,15,24
44,-206,32,-32,-21,-15
32,-239,18,33,-7,-20
-38,-292,-31,-4,5,0
-3,-275,15,-3,26,-7
51,-203,58,-12,-7,14
1,-270,-21,-1,-25,9
-47,-312,-29,21,1,-5
22,-231,36,27,-14,-22
30,-224,52,-33,-48,8
-45,-310,-46,-3,-11,16
-21,-269,-26,-7,-14,-29
49,-197,51,-47,-18,-12
-8,-246,7,-21,1,-27
-75,-293,-30,8,18,6
19,-224,19,7,8,-10
40,-212,48,-22,-3,16
-34,-300,-48,-4,12,23
-24,-276,-30,-15,-9,-11
50,-218,61,-18,22,10
4,-260,23,50,11,-9
-49,-310,-28,18,19,-7
10,-244,22,8,-16,-5
46,-220,40,-16,-27,-13
-18,-272,-26,-13,-19,9
-41,-288,-33,17,19,4
39,-200,22,6,1,0
23,-233,8,-21,15,-34
-33,-302,-40,-32,43,-6
3,-254,-2,-24,-26,7
55,-198,62,53,7,-8
-16,-255,-10,-15,-26,-13
-36,-287,-52,1,-51,-5
43,-216,34,16,16,26
42,-213,28,28,-22,13
-43,-296,-38,-21,-12,-10
-19,-255,-2,-21,-2,-0
49,-201,63,-22,14,-6
-12,-269,7,-56,-4,13
-48,-303,-44,-18,-1,-17
30,-238,27,2,16,27
29,-212,30,-6,-4,-37
-47,-291,-42,-2,-6,-9
-26,-289,-21,-4,20,7
49,-219,30,12,26,47
13,-226,28,-9,38,9
-59,-324,-38,-26,2,14
26,-261,5,31,-16,-12
43,-209,39,-36,-29,5
-21,-310,-33,12,-2,43
-28,-280,-37,-19,-3,-13
40,-183,50,33,-1,-47
28,-233,20,5,-20,-30
-48,-322,-57,-6,-4,10
9,-254,7,26,-10,6
38,-197,49,1,11,38
-20,-272,-44,6,13,27
-52,-308,-29,-2,-2,-32
54,-237,51,28,14,-12
38,-233,31,20,-2,-21
-49,-289,-55,7,39,8
-6,-271,-9,3,12,22
34,-218,52,-29,3,11
-7,-264,-5,-17,0,8
-44,-293,-41,4,8,14
6,-226,38,7,-30,4
21,-226,34,-7,-50,16
-39,-303,-21,-4,-6,9
-17,-284,-28,37,6,9
57,-197,33,-11,-21,28
2,-238,1,-23,4,3
-54,-306,-45,-15,10,39
20,-230,16,6,9,-13
53,-222,43,-10,22,-14
-33,-293,-40,-29,-21,7
-31,-284,-28,-5,7,-8
49,-205,54,44,-22,2
28,-244,16,17,-6,4
-54,-293,-50,-33,6,-16
9,-228,2,38,10,-14
40,-228,53,-3,10,38
-10,-275,-21,0,32,16
-33,-300,-52,-37,-29,38
30,-206,51,-24,15,-14
40,-227,37,9,-21,-5
-48,-294,-32,-8,-8,17
0,-258,4,-35,-20,-17
47,-218,63,5,-7,24
-12,-271,-13,11,-39,-18
-30,-319,-42,1,-2,5
24,-243,40,15,19,-0
35,-221,37,-23,-50,-29
-45,-308,-55,50,-5,26
-17,-279,-16,30,4,55
58,-201,45,36,6,-35
-14,-258,-13,26,-24,5
-52,-297,-36,-2,-48,1
28,-246,23,5,12,33
43,-214,49,29,-18,-13
-48,-292,-35,-18,-23,30
-46,-291,-20,30,23,-5
43,-219,46,24,21,-3
10,-241,13,30,-34,17
-34,-306,-52,9,-4,-26
-14,-258,-17,26,-11,17
62,-202,41,-9,-19,8
-21,-288,-13,-13,-4,-4
-35,-285,-50,-26,15,-24
34,-200,53,-21,11,-5
25,-228,28,31,-7,40
-49,-303,-59,39,-28,29
1,-270,-0,-1,1,7
59,-203,47,24,-12,-2
-32,-271,-30,-31,2,-4
-39,-293,-50,11,16,-44
18,-218,30,-21,-47,33
38,-232,30,7,13,32
-49,-306,-43,4,11,25
-13,-259,10,43,-7,13
41,-205,54,-10,11,-11
2,-255,5,34,-7,-8
-35,-293,-36,44,37,12
21,-221,20,38,29,-3
39,-228,33,14,5,27
-32,-287,-39,26,13,-36
-6,-282,-14,19,9,38
43,-211,25,-12,-11,-29
13,-256,19,1,-14,-23
-39,-311,-70,19,-7,-11
3,-243,28,-18,6,-14
52,-206,45,-6,-7,42
-27,-293,-29,16,0,17
-35,-283,-23,-0,-47,27
59,-229,26,-28,-25,27
11,-251,41,32,-2,-10
-59,-310,-40,11,-43,26
5,-265,-13,-8,28,13
72,-196,69,-22,-48,6
-22,-269,-19,8,8,10
-33,-305,-52,-8,-12,-9
43,-238,43,13,-2,0
43,-226,28,2,-7,11
-39,-305,-36,-8,-8,-29
-4,-283,-28,12,-47,-5
55,-201,36,14,-20,-32
-16,-243,-17,22,-15,-3
-50,-314,-29,30,35,-9
18,-237,18,-3,3,-15
40,-217,31,4,6,15
-24,-298,-39,-16,-26,-34
-35,-269,-30,23,-44,-4
45,-224,34,-5,-40,42
8,-236,10,-37,-1,-5
-65,-326,-40,-2,48,4
6,-258,8,-12,2,-8
54,-205,57,-24,-18,7
-5,-283,-18,8,15,-32
-45,-303,-12,18,1,-1
47,-197,58,21,25,4
12,-238,34,12,18,53
-51,-313,-45,33,1,29
13,-247,-10,-46,-20,3
56,-207,50,33,17,9
-18,-271,-18,29,9,21
-47,-310,-38,35,31,6
45,-225,23,-4,-44,5
19,-214,15,-23,14,-8
-36,-312,-48,-14,27,11
-9,-279,-19,-9,36,-14
43,-192,45,-7,-14,-27
-24,-266,-7,9,-36,13
-46,-298,-53,16,60,48
34,-233,32,3,51,7
51,-212,49,-39,-19,40
-51,-296,-47,-11,5,-10
-14,-277,-16,14,-48,5
37,-206,62,-11,-47,-15
4,-266,12,2,-19,-34
-48,-306,-59,4,-2,-7
7,-254,15,11,9,-9
26,-216,28,-25,5,15
-19,-281,-15,-5,3,-4
-38,-271,-32,13,-16,-21
68,-216,45,35,-8,-19
2,-239,24,-4,-28,20
-44,-300,-42,-31,18,-25
2,-255,13,25,16,16
61,-202,44,-2,39,25
-1,-292,-19,6,-7,36
-29,-284,-40,-23,-10,21
38,-221,43,-25,15,17
26,-227,15,14,-15,-24
-62,-302,-45,-21,-42,-15
9,-248,4,12,17,8
45,-220,41,24,-13,-12
-5,-259,4,18,14,-16
-34,-287,-38,8,-48,-16
46,-238,31,-9,17,-14
42,-203,20,-2,20,4
-52,-300,-37,44,-32,7
16,-271,-22,-6,18,-20
59,-193,52,-31,18,-21
1,-260,-5,8,-12,-16
-40,-301,-57,-36,6,-4
17,-215,6,24,22,-23
44,-210,50,47,-14,41
-35,-293,-25,-21,-37,-15
-7,-269,-32,39,-10,-29
57,-218,39,-8,-9,-7
15,-241,4,-3,-11,4
-54,-298,-51,-41,-11,0
-9,-245,4,-10,-25,-11
38,-213,54,2,-29,-36
-8,-276,-25,10,-30,15
-51,-299,-48,19,17,-10
46,-222,44,8,-39,31
5,-235,33,-20,9,1
-45,-299,-47,13,-1,-29
0,-256,7,25,49,13
51,-209,34,-41,11,17
-22,-256,-8,26,-14,-2
-52,-295,-28,-8,32,-26
34,-211,42,-3,-18,-2
34,-216,29,-27,-7,-3
-46,-305,-46,31,2,-18
-18,-252,-1,15,19,6
44,-229,34,-30,15,0
-10,-263,-11,-4,36,-9
-51,-312,-45,-14,-10,20
27,-232,11,-3,-55,-7
46,-220,43,-26,-15,-73
-37,-302,-40,13,4,-1
-19,-251,-25,3,20,-10
48,-218,41,-4,-26,-17
-2,-250,3,3,0,19
-62,-289,-50,-5,-6,-5
20,-234,17,-8,-12,18
47,-213,37,12,-27,-14
-26,-297,-46,-13,25,31
-22,-303,-36,-25,-25,-6
25,-189,64,11,16,28
12,-254,19,15,-15,-6
-35,-319,-58,-26,-9,-1
-2,-269,10,-16,-0,-10
34,-217,50,-31,-0,37
-13,-268,-18,-5,-38,-29
-26,-302,-36,-6,6,-4
32,-242,6,14,-4,-15
21,-229,29,-2,-1,-13
-50,-297,-44,2,10,4
-24,-261,-15,-31,9,-13
53,-222,59,35,-36,16
-2,-259,12,9,7,16
-46,-303,-60,3,11,40
32,-215,20,-25,64,-40
30,-224,46,9,-12,19
-33,-307,-27,-3,4,-25
-36,-289,-15,7,25,-12
49,-210,48,-16,-7,40
-2,-243,-2,-10,18,11
-45,-317,-40,-31,-3,5
-19,-244,12,-13,-18,-16
44,-205,63,22,-5,-14
-36,-292,-14,22,-4,-34
-25,-277,-23,16,35,-16
38,-225,51,21,27,-23
25,-247,17,24,-14,-9
-42,-297,-63,19,-18,-3
17,-256,-8,2,15,-12
44,-210,56,-7,-16,-9
-13,-285,-31,5,-18,31
-29,-276,-36,31,-23,-12
26,-219,22,-16,-2,2
24,-218,45,26,6,-5
-59,-303,-34,-9,0,-9
-13,-270,-26,12,-20,-12
56,-209,49,-8,-0,-9
-1,-261,-25,-21,17,-8
-36,-299,-48,-13,-7,-48
30,-226,19,16,-34,-10
48,-197,42,-19,10,18
-45,-288,-55,15,-18,-16
-31,-266,-21,-33,-6,7
41,-202,59,19,18,-19
-8,-284,9,-11,53,-25
-41,-305,-51,-29,-10,3
23,-242,19,16,-1,23
45,-221,50,-0,10,-25
-29,-296,-12,31,-0,-1
-28,-285,-21,2,-21,-16
39,-212,35,-47,9,6
8,-239,28,-15,-20,-49
-42,-295,-46,-22,21,-2
-7,-238,11,0,12,-17
45,-200,54,-2,8,-18
-17,-286,-18,23,2,15
-42,-290,-37,16,-25,18
34,-216,41,23,2,10
8,-245,17,-53,-3,-6
-50,-327,-27,-17,-45,3
-17,-267,0,8,-49,-17
45,-203,55,12,22,-28
-18,-262,-12,3,-7,-20
-44,-308,-55,2,-4,-40
44,-230,32,36,-2,-0
31,-238,26,27,9,-3
-22,-291,-46,-21,-12,-23
-31,-277,-15,30,-10,-19
49,-217,59,-16,4,-13
-6,-269,6,30,-30,-8
-62,-298,-51,16,1,-5
-6,-237,38,2,0,-22
32,-210,43,-18,33,9
-45,-295,-44,-35,-2,42
-32,-287,-41,-3,39,-2
48,-207,54,17,4,5
15,-247,19,6,17,-19
-65,-319,-50,-53,38,33
1,-239,9,2,6,8
65,-226,55,25,-17,-17
-23,-279,-40,-7,3,29
-28,-298,-28,-17,-23,-28
54,-223,35,-20,0,12
29,-269,34,-6,3,-16
-62,-282,-59,4,39,-16
17,-268,9,24,26,-11
50,-213,49,4,10,8
-2,-275,-7,-12,3,-21
-53,-299,-43,11,-25,-12
21,-251,38,-3,31,-11
28,-235,33,-20,11,25
-45,-291,-50,-28,2,-36
-9,-274,-21,4,-42,-52
51,-205,60,-26,12,12
1,-257,11,-40,1,-7
-71,-296,-36,16,-4,-49
23,-235,16,-12,8,-12
41,-229,43,-3,-25,-12
-17,-286,-47,3,-9,-18
-13,-271,-21,-1,16,10
68,-205,50,3,-27,-14
-3,-251,14,21,-23,29
-38,-324,-55,17,10,-8
11,-243,12,-1,16,-19
43,-208,31,14,5,-19
-28,-286,-26,-1,18,-49
-37,-303,-34,12,32,19
57,-211,67,-11,-1,-8
26,-231,26,-2,-5,19
-43,-303,-48,35,-6,-43
-10,-247,12,20,27,-1
39,-203,51,4,14,-25
-17,-279,-9,-18,9,-10
-47,-297,-42,46,22,8
24,-214,39,18,-18,-2
24,-238,19,-8,-23,8
-51,-301,-30,35,11,6
-14,-276,-18,8,-16,12
50,-207,31,-13,23,29
-14,-253,1,-20,34,11
-48,-304,-45,-29,23,19
29,-229,37,29,-7,-32
49,-217,50,25,11,8
-41,-289,-22,13,-7,18
-41,-266,-6,-7,-25,9
28,-207,41,-14,2,-28
-12,-244,12,0,39,-8
-53,-307,-57,3,22,29
14,-250,28,14,12,11
51,-214,40,-19,9,-8
-37,-294,-20,-2,-11,-8
-34,-287,-50,6,9,-8
53,-212,48,11,-1,9
22,-246,25,-23,20,-44
-45,-313,-74,13,-25,-18
10,-258,-1,-22,12,5
56,-218,57,7,-4,-1
-15,-284,-23,2,-14,-35
-46,-302,-31,-10,2,30
23,-214,19,-2,4,17
18,-246,22,39,1,8
-50,-301,-45,-18,7,-7
-30,-251,-16,-22,-18,7
39,-187,56,39,-18,20
-7,-275,-10,12,-20,19
-57,-294,-48,-37,14,-11
32,-213,25,9,4,24
31,-210,41,31,26,2
-63,-297,-53,-25,-37,1
-26,-272,-26,14,24,22
48,-225,35,-7,32,-38
-10,-259,-6,-19,16,8
-45,-300,-74,-6,6,-29
21,-244,32,-13,33,-6
49,-220,31,-13,-3,22
-37,-308,-24,-3,7,33
-17,-277,-45,7,-23,-21
39,-206,46,-15,3,-13
-1,-254,36,7,-25,14
-57,-313,-52,1,2,-3
13,-241,5,-27,24,11
71,-210,41,-5,-32,22
-26,-283,-9,33,-11,18
-46,-297,-31,-26,-1,-29
50,-213,47,-46,-28,-31
16,-228,46,-5,13,-21
-59,-316,-45,-37,7,7
-1,-261,-4,4,36,22
39,-216,46,9,-15,3
-5,-277,-37,-8,44,6
-53,-311,-50,-14,11,-14
41,-235,48,-5,10,33
27,-212,42,-9,22,8
-52,-296,-38,-27,-37,-7
-1,-276,-8,-5,12,-35
55,-194,38,-1,-19,10
11,-248,4,-9,1,-13
-32,-312,-56,-32,-17,-14
28,-232,26,27,-33,14
45,-225,24,-15,-15,-34
-43,-292,-37,36,-12,-11
-33,-291,-24,32,10,-7
43,-210,41,31,43,-30
11,-250,20,-7,19,6
-44,-315,-51,31,-6,-1
17,-237,27,-23,-29,31
59,-220,53,-27,-15,12
-14,-282,-26,4,-3,-5
-49,-290,-37,30,5,-8
58,-213,31,40,1,-19
23,-237,12,24,13,38
-61,-307,-38,-24,-0,6
-8,-260,12,-21,-41,-8
44,-208,59,13,12,-24
-29,-290,5,-6,5,2
-71,-290,-34,54,-12,-17
38,-212,38,9,25,-15
37,-215,28,-27,-5,5
-37,-293,-27,-13,16,-21
-10,-261,-33,-7,8,-21
42,-213,41,-6,15,10
5,-250,-9,-6,40,-16
-32,-297,-46,8,13,19
26,-217,35,-3,-3,-54
26,-216,39,13,5,14
-41,-311,-20,5,20,7
-53,-276,-27,2,8,20
58,-199,48,14,-13,-12
2,-259,-8,-28,3,-20
-47,-320,-47,-32,24,21
7,-224,24,-16,6,40
58,-211,37,6,6,4
-24,-267,-36,14,-9,-11
-40,-277,-33,8,-1,25
51,-217,41,24,18,-9
19,-240,21,17,-18,-19
-55,-311,-58,1,24,-18
24,-248,25,5,30,33
43,-205,56,-20,19,14
1,-266,-19,14,-27,18
-42,-295,-34,-1,-14,-22
36,-218,54,24,-49,-17
26,-238,16,-7,21,-31
-45,-293,-40,1,10,3
-17,-249,-20,16,25,62
48,-189,39,44,17,19
-4,-272,-16,-11,-3,-6
-26,-303,-55,19,3,-22
33,-235,17,-25,-19,31
37,-228,33,-31,1,19
-35,-289,-42,-3,-21,1
-34,-285,-9,-20,-16,11
49,-214,49,-11,0,20
0,-245,8,-16,7,69
-69,-292,-68,8,4,29
35,-228,13,9,32,3
52,-208,51,-6,-19,28
-43,-295,-29,0,-7,14
-27,-283,-37,3,-18,-35
55,-221,38,33,-8,-2
10,-239,8,2,1,13
-48,-306,-49,36,18,5
21,-258,8,25,-19,-40
48,-212,44,9,44,-1
-32,-270,-8,29,30,-0
-29,-320,-29,2,-32,8
66,-220,48,-10,-15,46
-3,-230,8,11,-8,11
-42,-312,-32,-2,52,13
-10,-246,-1,-3,27,10
51,-216,29,-11,2,24
-6,-283,-8,4,19,-0
-59,-293,-37,-16,7,-21
27,-219,36,18,25,10
51,-211,29,-19,-7,18
-41,-303,-55,13,21,1
-2,-281,-15,4,-16,-13
45,-206,48,30,-6,7
-7,-256,1,-19,-10,-6
-39,-311,-44,-14,3,12
14,-245,15,-10,-0,-22
46,-216,59,17,-31,4
-26,-300,-40,-17,-25,-16
-21,-275,-21,-16,13,-5
50,-234,58,36,-14,-0
13,-259,1,4,16,6
-39,-298,-49,-15,4,-1
5,-249,-2,26,37,15
55,-207,48,-9,9,32
-34,-291,-33,43,4,-6
-33,-296,-40,-7,2,2
31,-224,40,24,5,-16
18,-237,13,17,-27,12
-45,-301,-39,12,-6,-4
2,-262,-0,15,-10,-17
67,-221,55,-11,17,10
-16,-269,-14,-22,-11,6
-46,-291,-25,-22,-6,18
16,-205,39,8,-15,-9
37,-225,35,31,2,1
-54,-297,-59,-7,-14,16
-17,-265,-4,-19,5,-31
55,-206,42,6,-25,32
-6,-270,-6,-22,-29,-7
-45,-316,-40,-18,-29,25
31,-241,32,20,35,15
31,-199,42,-4,39,-17
-24,-299,-66,-8,13,-24
-15,-280,-23,-25,-6,-13
56,-214,40,-1,13,-24
-1,-248,-6,-15,-38,3
-34,-317,-55,-17,-4,-5
23,-226,5,13,-13,-2
41,-210,24,-30,-49,25
-33,-296,-27,9,9,-29
-44,-300,-19,-5,-29,7
37,-228,46,17,-30,-4
17,-216,22,-7,3,32
-54,-313,-42,-30,38,-30
-14,-253,-6,-0,-18,2
69,-194,36,-1,34,-0
-17,-275,-25,-6,-4,3
-38,-312,-28,-2,-3,-7
11,-203,13,23,23,9
10,-232,30,-10,12,-27
-37,-291,-38,-22,21,-47
4,-264,-29,-1,-14,-14
45,-219,60,7,-7,-2
-3,-255,-2,24,1,18
-43,-326,-35,-33,-2,19
35,-240,23,1,-2,1
42,-211,27,-22,-29,26
-36,-297,-33,15,16,-10
-25,-268,-19,-0,1,-4
42,-203,42,15,28,26
1,-264,9,-5,-5,14
-58,-302,-33,-2,-20,9
29,-241,22,14,21,-14
45,-212,71,7,12,-28
-24,-281,-37,-19,5,-2
-38,-284,-33,2,8,-9
53,-226,55,8,-29,-11
24,-244,3,-1,2,2
-37,-306,-47,-15,31,-10
10,-270,25,6,4,13
49,-212,48,-14,1,20
-19,-261,5,2,-1,26
-49,-304,-36,-47,-9,47
15,-222,44,15,16,0
27,-233,16,44,-18,18
-70,-305,-55,-12,-16,-0
11,-253,-9,1,31,-14
44,-217,48,-3,-2,-3
-19,-269,11,40,12,14
-43,-316,-38,30,2,24
15,-224,48,1,22,-23
47,-216,48,-11,17,-26
-56,-310,-33,-36,3,23
-23,-287,-25,48,-37,-13
50,-199,43,2,7,-2
12,-258,-15,5,-4,-17
-49,-293,-37,0,10,6
14,-223,24,21,-6,26
34,-233,31,-3,-3,2
-34,-291,-45,9,-13,15
-24,-274,-31,15,-5,1
46,-201,41,-29,-5,21
18,-226,13,-10,21,31
-36,-307,-42,30,-14,-23
-11,-238,-5,28,35,4
47,-200,16,5,3,-7
-10,-283,-20,33,62,0
-11,-291,-33,-3,20,-22
30,-208,53,-15,-2,-13
29,-235,13,24,24,-16
-50,-297,-53,-45,-22,21
-31,-268,2,1,-4,-12
38,-199,53,-4,-28,-6
-7,-265,-13,-10,4,-10
-51,-302,-36,-42,-32,-9
23,-226,50,-7,17,-55
17,-210,43,-20,-25,-2
-50,-290,-28,-4,-21,-17
-15,-279,-13,0,22,-33
48,-219,61,-3,-15,-6
-2,-263,-2,25,12,-9
-42,-306,-59,-38,14,39
20,-250,34,-26,-17,2
42,-205,27,24,-40,-15
-39,-307,-47,30,-20,-10
-26,-281,-14,4,-12,-2
53,-202,26,-15,1,-25
-0,-249,-0,-24,-26,-20
-45,-313,-45,-25,-33,-2
11,-234,19,-8,-12,-34
51,-228,35,-24,14,2
-23,-293,-15,-22,7,35
-30,-308,-16,14,-12,-28
41,-222,53,11,9,-7
14,-226,5,5,8,-8
-53,-307,-58,27,26,-10
15,-256,3,15,6,41
42,-211,41,-13,-35,3
-25,-289,-17,32,9,-11
-57,-281,-29,28,6,-31
27,-210,33,8,0,21
29,-240,26,-11,-16,-34
-53,-310,-55,23,6,4
-15,-271,-12,9,3,37
54,-217,42,10,5,-2
-6,-265,-17,-53,9,-33
-46,-301,-47,-4,-11,54
18,-225,25,7,-5,-9
26,-227,42,-6,-7,37
-26,-281,-33,-45,49,-5
-7,-295,-20,-4,-24,-25
53,-202,71,-32,-43,0
-16,-246,8,17,-9,-5
-44,-323,-28,-14,-8,-2
15,-249,16,10,10,-20
26,-218,45,-21,-14,21
-36,-300,-33,8,58,-37
-39,-292,-26,-9,-52,2
36,-220,32,14,-32,-23
12,-234,6,24,12,-22
-42,-293,-43,19,-4,34
7,-251,-2,-41,-1,37
54,-197,54,-13,2,-22
-20,-270,-18,-13,1,8
-55,-286,-28,30,26,8
16,-220,46,6,28,-36
23,-222,33,-19,18,20
-44,-304,-47,-12,14,12
2,-262,10,-10,0,-17
50,-200,62,-7,-29,-35
-10,-242,-12,-1,10,-14
-56,-309,-49,-10,24,42
35,-221,15,-12,-13,-10
39,-221,37,22,-17,13
-47,-298,-26,-14,27,-6
-27,-280,-25,26,21,-44
39,-214,65,-18,-41,-13
8,-256,-2,2,-12,-14
-59,-315,-62,-7,-0,-7
18,-230,32,-1,28,10
56,-220,52,29,-25,-34
-30,-296,-32,18,9,-1
-30,-281,-21,-0,-11,-14
63,-214,37,29,12,-1
12,-247,20,3,5,-18
-60,-324,-63,14,3,-2
3,-252,8,-19,-8,-16
37,-198,30,7,-0,-1
-9,-265,-25,16,14,34
-28,-288,-64,-7,21,21
33,-198,51,5,6,-3
28,-237,22,-7,-26,17
-38,-300,-34,21,-28,0
-7,-271,-8,8,65,4
72,-201,47,-14,1,8
-22,-270,-12,-40,16,-39
-45,-303,-38,-46,23,-20
10,-215,16,-9,-4,12
36,-217,17,-5,-11,-50
-43,-308,-52,6,-1,-10
-20,-268,-21,10,-27,-20
44,-195,40,-35,5,-7
-18,-262,13,37,-12,-9
-50,-309,-43,-28,18,-8
9,-234,13,7,-19,-0
43,-215,38,-6,31,7
-42,-290,-31,14,4,-42
-26,-259,-19,-8,-17,20
50,-205,53,15,-24,-21
10,-245,13,15,-4,-3
-43,-288,-51,29,9,-8
6,-243,-1,-47,3,14
46,-219,43,2,-4,-11
-14,-299,-16,5,-16,10
-53,-297,-45,22,-4,-10
36,-208,45,7,-43,8
25,-245,11,-0,-55,-1
-40,-299,-34,-16,-14,-0
7,-268,-6,2,-45,3
49,-204,57,-16,-0,3
-2,-261,-30,-12,29,-48
-40,-305,-30,7,-6,4
45,-233,23,-9,-6,-11
29,-235,23,-9,3,9
-63,-313,-40,5,4,15
-31,-264,-13,-4,38,5
52,-178,47,-41,-0,3
-13,-266,-14,-10,-9,9
-43,-296,-49,40,-8,-14
24,-234,7,-2,5,-6
44,-224,41,-19,1,-9
-39,-286,-36,-2,23,4
-39,-282,-25,6,5,-16
40,-216,50,10,14,-11
11,-245,2,-15,-17,-48
-42,-310,-62,43,26,16
20,-248,7,20,9,-35
45,-207,23,-42,-11,21
-43,-290,-15,9,-16,7
-40,-270,-28,26,31,-29
40,-221,38,16,7,31
27,-232,17,-11,-11,-23
-35,-324,-58,14,27,-2
15,-253,-12,10,2,-32
49,-186,54,2,-16,5
1,-262,-32,-37,19,17
-27,-290,-45,45,-55,21
40,-213,42,-4,7,-27
26,-236,20,26,-12,21
-35,-299,-43,-14,-9,1
-4,-289,-29,-73,-6,41
60,-217,55,-6,-21,33
10,-261,-31,1,23,8
-49,-285,-55,-44,-32,13
24,-216,44,9,-6,-19
58,-211,41,-12,20,-28
-20,-297,-65,-15,-18,-5
-40,-289,-22,1,31,-11
29,-205,63,50,32,19
14,-243,2,-7,-3,-0
-47,-312,-52,-8,13,-8
26,-231,0,-10,0,-15
54,-221,51,-40,-27,16
-27,-277,-26,17,24,20
-31,-300,-33,-7,-30,16
35,-217,41,0,-31,-31
14,-252,-5,11,22,-18
-38,-311,-59,-2,-16,15
2,-269,12,3,-0,19
50,-189,71,-31,-6,-13
-22,-280,-26,19,21,23
-41,-289,-41,33,-0,-10
49,-233,25,1,-7,1
18,-234,33,12,-18,14
-54,-320,-48,8,30,-32
15,-252,1,-17,16,44
56,-207,52,5,35,20
-20,-273,-15,-18,29,11
-45,-304,-28,-26,26,-21
47,-225,13,17,-8,13
31,-223,42,42,18,34
-30,-281,-52,2,-35,-9
-20,-275,-21,8,-19,1
40,-214,71,33,-29,-4
-14,-278,-24,-12,-17,-24
-40,-300,-66,-10,20,-15
18,-252,12,-28,-14,42
35,-208,34,6,41,17
-23,-301,-60,-5,-29,-19
-37,-289,-29,-12,-7,17
50,-227,57,-37,3,10
16,-217,12,-4,-1,3
-63,-313,-46,23,-22,-30
10,-249,2,27,-13,33
62,-209,39,18,-17,-24
-40,-286,-40,-1,-12,25
-24,-277,-38,-23,14,-8
39,-229,45,-27,57,-18
22,-232,41,-1,-26,23
-32,-303,-38,6,-16,30
-5,-270,-5,8,-37,20
47,-218,56,1,58,4
-27,-258,9,26,-38,-5
-42,-313,-46,-18,18,6
24,-224,44,-16,43,6
31,-212,38,-9,-24,-4
-51,-301,-57,-5,-5,-8
-6,-277,-17,2,-5,2
53,-204,53,20,-12,14
-8,-261,-17,5,-23,26
-32,-305,-32,-16,5,12
20,-226,22,-38,17,-27
47,-212,41,1,-39,-6
-42,-289,-47,-17,-3,-20
-29,-279,-27,4,-12,12
29,-197,56,3,12,26
12,-241,3,3,-8,-14
-62,-308,-37,7,-17,-21
26,-265,7,-26,-3,-12
40,-211,55,-18,18,3
-13,-291,-7,6,-18,11
-46,-291,-38,-40,-3,10
29,-210,43,32,5,3
20,-232,17,-25,-7,24
-30,-320,-45,-1,-2,32
-3,-244,-16,-15,-16,18
56,-198,46,36,4,28
-15,-291,-15,-15,46,-13
-32,-288,-38,19,-4,-0
42,-220,30,16,-17,17
38,-241,31,18,17,-26
-36,-296,-49,6,28,-9
-8,-261,-6,-17,-23,23
42,-214,47,7,4,4
-4,-261,-17,-15,12,-22
-51,-297,-31,15,-6,-28
12,-214,24,3,-7,-23
36,-191,34,-37,19,9
-30,-304,-29,-18,-4,35
-19,-282,-25,-3,-13,-6
47,-193,54,-17,17,17
19,-253,5,21,33,-6
-49,-312,-54,-21,-3,-4
6,-240,14,-30,-1,12
47,-226,54,8,2,-11
-44,-298,-33,-23,-4,-28
-25,-264,-29,21,-14,11
45,-217,47,10,-14,-8
23,-234,-5,9,-34,6
-55,-307,-38,-24,-12,-9
-0,-250,25,-7,-1,5
57,-197,66,-4,39,13
-15,-271,-34,1,-28,-13
-43,-304,-47,-5,27,-34
37,-212,26,27,6,43
20,-240,42,-23,40,24
-39,-298,-25,-20,48,5
4,-257,-0,38,-7,17
50,-212,66,21,-5,25
1,-273,10,-6,48,-9
-51,-286,-48,-29,-37,-14
19,-230,28,8,-33,21
22,-213,36,0,-33,-16
-22,-293,-36,10,21,-2
-7,-284,-21,-22,-3,-11
40,-220,53,-0,-63,7
1,-244,6,11,20,-5
-62,-299,-62,-26,-11,-13
14,-264,17,37,8,-25
41,-229,39,-11,-12,2
-40,-298,-35,28,7,-45
-39,-293,-30,-23,-9,0
47,-216,45,-19,6,16
15,-233,6,21,-15,16
-49,-298,-37,19,-6,-2
16,-247,20,37,-19,-38
50,-204,44,14,-28,-3
-19,-277,-14,15,59,-2
-43,-307,-41,-13,38,-27
37,-219,35,-45,11,7
23,-232,22,-6,-13,-1
-22,-295,-36,-36,39,-7
-25,-257,-16,30,-8,-24
42,-205,56,2,-21,23
-22,-270,-2,-35,-12,6
-63,-312,-40,-3,1,-31
22,-220,9,8,27,-5
17,-220,49,-19,24,11
-29,-320,-27,3,-5,31
-7,-268,-25,1,38,-22
61,-197,62,-1,-27,4
1,-263,-5,4,-22,7
-51,-279,-58,5,17,4
15,-233,14,-27,-7,-11
35,-215,36,-10,15,-16
-34,-286,-52,-2,2,10
-27,-307,-8,-15,4,-34
41,-222,50,13,-12,-8
21,-246,33,-6,-12,-7
-35,-311,-42,-9,-10,12
13,-239,10,-5,34,37
46,-203,53,-33,-31,17
-34,-291,-35,-9,-15,-15
-50,-294,-39,-31,12,-21
45,-228,53,5,3,10
23,-234,10,-5,-21,13
-56,-311,-39,-22,5,-9
-3,-250,0,4,-7,-11
45,-205,66,-12,8,-10
10,-272,-14,-9,42,15
-36,-291,-32,-1,-9,8
34,-217,25,-6,7,26
28,-217,36,9,19,-10
-31,-305,-33,10,8,-26
-20,-266,-21,8,0,10
47,-195,43,15,11,-14
-2,-252,-5,-13,-42,-3
-51,-292,-56,35,-12,-8
37,-227,13,-46,-21,20
22,-216,35,-17,-4,-5
-30,-279,-37,17,6,-7
-27,-282,-21,11,-1,24
41,-220,29,6,-1,-6
1,-239,-2,9,-19,-44
-28,-304,-51,17,27,-21
12,-246,34,-9,-11,-24
51,-207,61,-28,55,7
-14,-296,-39,-7,-10,2
-40,-277,-42,24,-19,25
36,-216,52,-20,-6,40
10,-235,25,-14,-2,6
-46,-312,-54,7,19,-41
-6,-231,2,6,-11,25
33,-220,55,5,11,-13
-21,-259,-15,-5,26,-60
-55,-296,-53,15,-40,1
36,-238,30,32,-13,4
32,-217,18,-3,-12,-0
-49,-284,-30,1,-31,-3
-7,-273,-16,-12,-2,8
44,-194,49,49,-32,8
-23,-286,5,-5,12,-1
-46,-296,-49,-10,15,17
24,-237,31,-55,0,-13
48,-222,42,5,14,8
-46,-286,-37,14,7,13
-15,-276,-24,4,-1,-9
65,-217,58,-3,-9,-8
-8,-263,6,-24,-34,-28
-57,-308,-44,28,39,-37
16,-254,-4,1,-5,-5
42,-198,55,-3,-70,7
-23,-300,-35,26,7,0
-34,-301,-31,8,-13,13
32,-212,45,7,9,-1
8,-231,14,14,11,-26
-42,-299,-65,8,2,2
8,-259,23,1,33,2
38,-204,33,-15,2,8
-7,-294,-44,17,-15,8
-45,-290,-50,27,-27,-15
42,-221,47,-8,12,20
18,-225,44,35,-15,-3
-55,-298,-50,-8,54,1
-9,-269,-26,8,14,-16
54,-202,34,4,16,-29
-23,-267,-16,4,43,-49
-56,-306,-43,-41,-17,-36
3,-228,24,0,-10,-6
37,-224,27,-2,-28,-7
-26,-285,-45,12,37,26
-13,-280,-25,-2,8,13
50,-212,53,40,-23,-37
17,-251,-2,-3,15,7
-61,-322,-43,7,3,18
1,-241,30,-13,-4,6
38,-212,46,15,4,-7
-24,-280,-26,22,-12,-12
-33,-281,-48,-5,-15,-39
35,-217,42,-13,20,-5
14,-251,15,19,23,15
-41,-303,-48,34,-4,-8
4,-244,9,-6,-30,-15
49,-221,49,56,31,32
-40,-281,-4,-2,-10,32
-36,-294,-46,25,-12,16
41,-226,48,23,8,-4
24,-227,14,0,-11,44
-41,-315,-34,36,24,40
-11,-267,-9,-38,-28,5
52,-213,36,7,50,22
-8,-265,-15,-31,-15,21
-54,-301,-38,4,-20,42
30,-215,18,2,1,-12
20,-223,30,-18,-10,-40
-42,-297,-59,36,-14,3
-18,-260,-1,-25,34,24
56,-215,58,3,2,48
-10,-269,7,7,57,12
-74,-303,-57,30,11,-7
3,-237,24,-19,-3,16
46,-218,36,14,-5,28
-54,-300,-34,-23,-44,-26
-31,-271,-38,-32,4,58
47,-226,45,-12,-9,14
0,-253,2,32,24,-40
-29,-312,-53,28,-12,10
7,-237,-2,11,62,22
41,-217,46,-3,-14,9
-35,-303,-24,-31,20,10
-65,-300,-28,-5,-22,31
28,-219,34,-5,2,19
21,-221,13,-11,-36,-32
-51,-294,-36,4,-1,-16
1,-269,-9,-33,-30,-3
61,-203,55,8,-2,-21
-4,-268,5,-10,-20,-33
-32,-316,-41,4,-14,23
43,-225,32,38,51,45
23,-224,19,-5,-20,-1
-53,-303,-45,-18,12,21
-15,-273,-24,-3,-2,-31
47,-208,36,-5,27,19
-10,-269,-3,-35,18,3
-53,-314,-43,-5,-35,1
13,-229,28,-5,21,4
26,-221,44,56,3,5
-52,-305,-50,1,8,24
-23,-279,-14,14,-8,13
45,-199,41,5,-50,-2
22,-255,6,-23,-17,32
-39,-320,-36,-2,3,-10
-2,-243,12,1,-9,-4
42,-216,41,-25,-16,-15
-29,-294,-26,3,12,24
-44,-300,-15,-36,17,27
49,-218,43,22,-4,-9
23,-249,20,4,-0,5
-53,-299,-48,18,31,-6
-15,-250,7,10,-1,2
36,-234,56,19,-24,-14
-14,-288,-11,28,-29,-13
-31,-311,-56,-28,19,-22
31,-245,53,58,-11,-5
16,-230,35,10,10,19
-54,-308,-54,1,-4,-19
-16,-257,-9,6,-17,30
38,-211,64,19,-24,11
-16,-276,-1,-0,13,18
-56,-315,-40,1,-28,-26
35,-226,49,20,7,1
33,-211,39,-26,-14,-4
-27,-300,-43,-7,22,2
-28,-293,-6,25,-28,-4
39,-211,58,28,-23,-29
6,-243,-3,21,-0,7
-49,-305,-54,-15,-2,30
15,-246,11,-20,4,-9
39,-198,35,16,13,6
-42,-288,-31,12,-23,8
-49,-286,-22,-1,8,-56
57,-204,41,20,7,-8
23,-230,13,-4,-24,-35
-48,-297,-36,24,6,-0
13,-272,8,23,19,-9
58,-212,32,-19,29,24
-27,-277,-5,-28,-19,-6
-31,-294,-45,-15,13,-17
39,-224,29,29,33,5
30,-233,21,10,-19,30
-53,-282,-48,13,-10,13
-10,-269,-30,37,22,-0
68,-216,44,14,-46,-2
8,-260,-0,-16,-5,37
-29,-304,-48,-1,-18,20
14,-232,24,16,7,-14
35,-234,34,2,-4,2
-34,-293,-27,7,-10,9
-13,-280,-23,32,-15,13
57,-217,48,-27,-10,22
6,-241,-9,13,-13,-16
-43,-309,-55,14,36,-43
14,-245,15,4,36,22
40,-213,39,-18,1,33
-28,-286,-31,-7,-59,2
-28,-282,-45,4,-15,-18
27,-206,51,-9,-3,14
8,-248,-12,11,-15,7
-63,-318,-46,25,19,17
-9,-246,1,-9,-16,13
53,-225,76,-22,-16,20
-30,-293,-31,-7,1,-12
-47,-310,-39,-37,-7,47
27,-206,26,-22,26,-6
21,-229,16,12,8,18
-32,-307,-44,52,-14,-11
3,-259,5,-7,14,19
48,-207,50,18,2,11
-19,-280,-6,12,-18,-28
-42,-293,-20,-17,12,-28
39,-225,45,11,17,-5
49,-214,37,1,30,10
-36,-312,-40,-7,-24,-14
-14,-293,-15,-21,13,-5
55,-206,56,-51,-12,4
-6,-266,-3,3,-20,-9
-51,-320,-59,13,20,-1
19,-247,14,22,-24,37
46,-231,39,9,27,24
-14,-302,-36,-15,-17,44
-26,-266,-19,-31,11,-18
49,-205,54,0,1,24
6,-238,2,2,-16,12
-63,-295,-49,6,-2,19
7,-247,19,-2,17,36
40,-188,46,23,9,-1
-14,-296,-24,30,10,-14
-41,-288,-35,-17,-21,-8
44,-217,58,35,28,31
16,-235,25,-8,-26,-10
-53,-317,-44,23,-19,3
-29,-269,-7,4,-17,-17
66,-203,59,-9,-11,31
-9,-288,4,29,-26,-5
-46,-276,-58,-34,1,4
27,-233,42,-14,30,-32
23,-237,8,-15,2,-31
-38,-305,-42,-13,36,8
-34,-286,-11,19,-2,9
38,-189,58,10,-9,25
-8,-263,-5,-9,19,15
-33,-310,-35,-20,12,11
34,-219,23,19,6,5
36,-215,38,-10,-31,1
-30,-285,-33,-25,-18,-8
-13,-284,-21,15,-52,-8
57,-197,56,-25,-21,1
4,-245,-2,1,5,9
-42,-288,-35,-6,-7,-18
32,-226,6,19,10,1
40,-196,53,-6,-19,-22
-37,-283,-16,14,-10,-9
-42,-290,-43,41,22,-26
34,-212,50,-37,2,-40
9,-241,26,-8,-21,-0
-47,-303,-46,3,50,18
0,-257,-6,11,-5,-16
48,-202,54,-4,6,-22
-22,-277,-12,0,-20,-2
-50,-291,-30,-2,-19,28
28,-211,48,5,12,-1
34,-233,37,-7,23,26
-59,-308,-26,-4,-37,36
-20,-266,-8,8,37,-52
73,-188,34,23,37,4
9,-249,-7,31,-5,-37
-47,-312,-40,-38,-9,23
20,-232,7,-0,-19,-5
13,-226,33,13,-21,-4
